/*--------------------------------*- C++ -*----------------------------------*\
| =========                 |                                                 |
| \\      /  F ield         | OpenFOAM: The Open Source CFD Toolbox           |
|  \\    /   O peration     | Version:  2506                                  |
|   \\  /    A nd           | Website:  www.openfoam.com                      |
|    \\/     M anipulation  |                                                 |
\*---------------------------------------------------------------------------*/
FoamFile
{
    version     2.0;
    format      ascii;
    arch        "LSB;label=32;scalar=64";
    class       surfaceScalarField;
    location    "113.2";
    object      phi;
}
// * * * * * * * * * * * * * * * * * * * * * * * * * * * * * * * * * * * * * //

dimensions      [1 0 -1 0 0 0 0];

oriented        oriented;

internalField   nonuniform List<scalar> 
370
(
0.000299195
-0.00033703
0.000800302
-0.000501041
0.0012378
-0.000437399
0.00154169
-0.000303774
0.0017197
-0.000177877
0.00180979
-8.99413e-05
0.00185435
-4.44038e-05
0.00188878
-3.42657e-05
0.00193892
-4.99688e-05
0.0020222
-8.31011e-05
0.00214973
-0.00012734
0.00232789
-0.000177969
0.00255738
-0.000229287
0.00282705
-0.000269467
0.00310012
-0.000272869
0.00328855
-0.000188212
0.00321788
7.08884e-05
0.00267427
0.000543823
0.00145325
0.0012212
0.00145336
0.000425008
-0.000762004
0.00114192
-0.00121786
0.00182951
-0.00112486
0.00236363
-0.000837746
0.00273034
-0.000544421
0.002964
-0.000323422
0.00311225
-0.000192482
0.00321884
-0.00014067
0.00331647
-0.000147411
0.00342569
-0.000192131
0.00355604
-0.0002575
0.00370621
-0.000327936
0.00386113
-0.000384008
0.00398488
-0.000393007
0.00400898
-0.000296761
0.00382676
-5.77454e-06
0.0032972
0.000600668
0.0022858
0.00155545
0.000924257
0.00258293
0.00237771
0.000416283
-0.00117824
0.00109688
-0.00189834
0.00174633
-0.00177414
0.00225501
-0.00134623
0.00261288
-0.00090208
0.00285057
-0.000560907
0.00300749
-0.000349184
0.00311739
-0.000250363
0.00320381
-0.00023361
0.00327986
-0.000267969
0.00334924
-0.000326668
0.003406
-0.000384482
0.00343176
-0.000409544
0.00339045
-0.000351475
0.00322409
-0.000130175
0.00285525
0.000363301
0.00223297
0.00122318
0.00136673
0.00242191
0.000462729
0.00348712
0.00284052
0.000361614
-0.0015398
0.000916277
-0.00245286
0.00141129
-0.00226895
0.00177356
-0.00170828
0.00201327
-0.00114155
0.00216552
-0.000712923
0.00226336
-0.000446787
0.00232928
-0.000316043
0.00237549
-0.000279587
0.00240693
-0.000299171
0.00242348
-0.000342986
0.00241979
-0.000380559
0.00238229
-0.000371815
0.00228494
-0.000253885
0.00208851
6.65018e-05
0.00175463
0.000697426
0.00126793
0.00171012
0.000682534
0.00300753
0.000174218
0.00399562
0.00301482
0.000283405
-0.00182315
0.000658642
-0.00282794
0.000938864
-0.00254896
0.00110236
-0.00187154
0.00118448
-0.00122342
0.00122373
-0.000751919
0.0012441
-0.000466915
0.00125542
-0.000327119
0.00125943
-0.000283353
0.00125509
-0.000294591
0.00124095
-0.00032861
0.00121383
-0.0003532
0.00116518
-0.000322926
0.0010779
-0.000166355
0.000927901
0.000216746
0.000699901
0.000925677
0.000406178
0.00200409
0.00011864
0.0032953
-3.6647e-05
0.0041511
0.00297825
0.000178413
-0.0020015
0.000317057
-0.00296642
0.000333115
-0.00256479
0.000269743
-0.00180792
0.000183319
-0.00113674
0.000105739
-0.00067409
4.53341e-05
-0.000406268
-1.635e-06
-0.000279911
-4.13699e-05
-0.000243382
-7.79332e-05
-0.000257792
-0.000113667
-0.000292641
-0.000151785
-0.000314845
-0.000198723
-0.00027575
-0.000263217
-0.000101617
-0.00034815
0.00030193
-0.000440497
0.00101828
-0.000497525
0.00206137
-0.00044721
0.00324521
-0.000240342
0.0039444
0.00273798
8.79699e-06
-0.00201023
-0.000166569
-0.00279087
-0.000466584
-0.00226455
-0.000779077
-0.00149518
-0.00104098
-0.000874601
-0.00123876
-0.000476067
-0.00138365
-0.00026115
-0.0014921
-0.000171224
-0.00157711
-0.000158149
-0.00164688
-0.000187789
-0.00170668
-0.000232617
-0.00176032
-0.000260979
-0.00180859
-0.000227242
-0.00184343
-6.65457e-05
-0.00183646
0.000295202
-0.00174131
0.000923377
-0.00149498
0.00181527
-0.00104807
0.00279851
-0.000447904
0.00334439
0.00229014
-0.000258113
-0.00175205
-0.000864055
-0.00218475
-0.00152869
-0.00159969
-0.0020876
-0.000936026
-0.00249962
-0.000462346
-0.00278507
-0.000190394
-0.00298082
-6.51787e-05
-0.00311954
-3.228e-05
-0.00322536
-5.2109e-05
-0.00331415
-9.87899e-05
-0.00339419
-0.000152369
-0.00346509
-0.000189867
-0.00351341
-0.000178711
-0.00350538
-7.43687e-05
-0.0033842
0.000174238
-0.00307465
0.000614037
-0.0025046
0.00124542
-0.0016541
0.00194819
-0.000660987
0.00235142
0.0016292
-0.000677387
-0.00107457
-0.00178176
-0.00108018
-0.00273419
-0.000647036
-0.00338421
-0.000285773
-0.0037726
-7.37313e-05
-0.00398752
2.47441e-05
-0.00410857
5.60788e-05
-0.00418541
4.4764e-05
-0.00425076
1.34323e-05
-0.00432457
-2.47867e-05
-0.00441242
-6.4342e-05
-0.00450617
-9.59453e-05
-0.00457847
-0.000106239
-0.00457619
-7.64714e-05
-0.00442172
1.99241e-05
-0.00400926
0.000201748
-0.00324966
0.000485976
-0.00212773
0.000826395
-0.00083486
0.00105865
0.000794387
-0.00107448
-0.00215448
-0.00280129
-0.00308684
-0.00316036
-0.00313541
-0.00307913
-0.00303419
-0.00302058
-0.0030452
-0.00310938
-0.00320518
-0.00331128
-0.00338762
-0.00336758
-0.00316571
-0.00267963
-0.00185314
-0.000794417
)
;

boundaryField
{
    leftWall
    {
        type            calculated;
        value           nonuniform List<scalar> 10(0 0 0 0 0 0 4.33681e-19 4.33681e-19 0 -8.67362e-19);
    }
    rightWall
    {
        type            calculated;
        value           nonuniform List<scalar> 10(0 0 0 0 0 0 -4.33681e-19 0 0 0);
    }
    topWall
    {
        type            calculated;
        value           uniform 0;
    }
    bottomWall
    {
        type            calculated;
        value           uniform 0;
    }
    frontAndBackPlanes
    {
        type            empty;
    }
}


// ************************************************************************* //
