/*--------------------------------*- C++ -*----------------------------------*\
| =========                 |                                                 |
| \\      /  F ield         | OpenFOAM: The Open Source CFD Toolbox           |
|  \\    /   O peration     | Version:  2506                                  |
|   \\  /    A nd           | Website:  www.openfoam.com                      |
|    \\/     M anipulation  |                                                 |
\*---------------------------------------------------------------------------*/
FoamFile
{
    version     2.0;
    format      ascii;
    arch        "LSB;label=32;scalar=64";
    class       surfaceScalarField;
    location    "39.6";
    object      phi;
}
// * * * * * * * * * * * * * * * * * * * * * * * * * * * * * * * * * * * * * //

dimensions      [1 0 -1 0 0 0 0];

oriented        oriented;

internalField   nonuniform List<scalar> 
370
(
-2.9208e-05
-6.50238e-05
0.00012403
-0.000153223
0.000336719
-0.000212662
0.000580235
-0.000243481
0.000828869
-0.000248592
0.00106781
-0.000238895
0.00129309
-0.000225228
0.00150884
-0.000215704
0.00172443
-0.000215542
0.00195184
-0.000227361
0.00220321
-0.000251321
0.00248799
-0.000284726
0.00280819
-0.000320155
0.00315102
-0.000342786
0.00347587
-0.000324797
0.00368987
-0.000213952
0.00361057
7.93451e-05
0.00301078
0.000599856
0.00165589
0.00135495
0.00165593
0.000129456
-0.000194464
0.000459014
-0.000482733
0.000901299
-0.000654866
0.00138359
-0.000725663
0.00185917
-0.000724055
0.00230335
-0.000682938
0.00270845
-0.0006302
0.00307815
-0.000585261
0.00342179
-0.000559045
0.00374948
-0.000554916
0.00406736
-0.000569063
0.00437227
-0.000589499
0.00464541
-0.000593158
0.00484358
-0.000540833
0.00488857
-0.000369666
0.00466242
1.2303e-05
0.00401475
0.000727135
0.00279542
0.00181932
0.00114713
0.00300338
0.00280314
0.000212631
-0.000407057
0.000670696
-0.000940677
0.00123523
-0.00121921
0.00180899
-0.00129917
0.00233812
-0.0012529
0.00280147
-0.00114599
0.00319831
-0.00102675
0.00353816
-0.000924812
0.00383325
-0.000853855
0.00409325
-0.000814627
0.00432073
-0.000796266
0.00450656
-0.000775057
0.00462432
-0.000710653
0.00462447
-0.000540741
0.004432
-0.000176972
0.00395289
0.000491613
0.00312162
0.00155861
0.00195221
0.00298894
0.000698039
0.00425777
0.0035013
0.000259309
-0.000666286
0.000776191
-0.00145732
0.00136182
-0.00180446
0.00190496
-0.00184185
0.0023574
-0.00170485
0.00271221
-0.0015003
0.00298355
-0.0012976
0.00319245
-0.00113324
0.00335838
-0.00101933
0.0034947
-0.000950505
0.00360566
-0.000906799
0.0036833
-0.000852278
0.00370339
-0.000730353
0.00362176
-0.000458742
0.00337659
6.85195e-05
0.0029047
0.000963796
0.00217897
0.00228463
0.00126357
0.00390464
0.000395836
0.00512579
0.00389729
0.000275287
-0.000941438
0.000768758
-0.00195039
0.00126664
-0.00230175
0.00166464
-0.00223916
0.00193593
-0.00197542
0.00209741
-0.00166108
0.00218206
-0.0013816
0.00222254
-0.0011731
0.00224383
-0.00104004
0.00226111
-0.000967211
0.00227914
-0.000924276
0.00229129
-0.000863872
0.00227727
-0.000715811
0.0022013
-0.000382287
0.00201355
0.000256703
0.00167342
0.00130431
0.00117476
0.00278366
0.000597221
0.00448255
0.000134489
0.00558887
0.00403195
0.000241384
-0.00118262
0.000601366
-0.00230979
0.000884076
-0.00258363
0.00102356
-0.00237772
0.00103066
-0.00198163
0.000950734
-0.00158034
0.000830909
-0.00126103
0.000706707
-0.00104821
0.000599576
-0.000932242
0.00051895
-0.000885916
0.000464651
-0.000869295
0.000428001
-0.000826527
0.000392087
-0.000679203
0.000333243
-0.000322789
0.000228328
0.000362182
7.24826e-05
0.00146067
-0.000101907
0.00295856
-0.000214303
0.00459541
-0.000168177
0.0055431
0.00386392
0.000126006
-0.00130835
0.000199615
-0.00238263
0.000118008
-0.00250098
-0.000103641
-0.00215499
-0.000406984
-0.00167732
-0.000732696
-0.00125378
-0.00103965
-0.000953317
-0.00130697
-0.000780152
-0.00152859
-0.000709881
-0.00170697
-0.000706751
-0.00184859
-0.000726852
-0.00196059
-0.000713675
-0.00204685
-0.000592073
-0.00210184
-0.00026697
-0.00209763
0.00035871
-0.00198708
0.00135078
-0.00170649
0.00267857
-0.00120226
0.00409169
-0.000521512
0.00486273
0.00334255
-0.000117955
-0.00119003
-0.000508514
-0.00199112
-0.0010768
-0.0019315
-0.00170068
-0.00152996
-0.00229137
-0.00108564
-0.00280869
-0.000735605
-0.00324547
-0.000515748
-0.00361211
-0.000412746
-0.00392491
-0.000396291
-0.00419853
-0.000432312
-0.00444064
-0.000483891
-0.0046465
-0.000506947
-0.00479188
-0.000445826
-0.00482548
-0.000232516
-0.00466877
0.000202801
-0.00422747
0.000910216
-0.00342472
0.00187645
-0.00225198
0.00291947
-0.000899428
0.00351055
0.00244327
-0.000481692
-0.000707885
-0.0014331
-0.0010386
-0.00246207
-0.000901215
-0.00336008
-0.000630737
-0.0040629
-0.0003818
-0.0045882
-0.000209444
-0.00498588
-0.000117319
-0.00530931
-8.86139e-05
-0.00560147
-0.000103458
-0.00588889
-0.00014423
-0.00617863
-0.000193486
-0.00645348
-0.000231428
-0.00666465
-0.000233974
-0.00672538
-0.000171106
-0.00652461
2.71397e-06
-0.00590931
0.000295545
-0.00477432
0.000742021
-0.00311789
0.0012635
-0.00122281
0.00161579
0.0012206
-0.000707351
-0.0017447
-0.00264443
-0.00327378
-0.00365441
-0.00386289
-0.00397941
-0.00406736
-0.00417024
-0.00431395
-0.00450696
-0.00473792
-0.00497144
-0.0051421
-0.00513894
-0.00484297
-0.00410056
-0.00283673
-0.0012207
)
;

boundaryField
{
    leftWall
    {
        type            calculated;
        value           nonuniform List<scalar> 10(0 0 0 -6.77626e-21 0 0 0 0 0 2.1684e-19);
    }
    rightWall
    {
        type            calculated;
        value           nonuniform List<scalar> 10(-1.0842e-19 0 0 0 0 0 0 0 0 0);
    }
    topWall
    {
        type            calculated;
        value           uniform 0;
    }
    bottomWall
    {
        type            calculated;
        value           uniform 0;
    }
    frontAndBackPlanes
    {
        type            empty;
    }
}


// ************************************************************************* //
