/*--------------------------------*- C++ -*----------------------------------*\
| =========                 |                                                 |
| \\      /  F ield         | OpenFOAM: The Open Source CFD Toolbox           |
|  \\    /   O peration     | Version:  2506                                  |
|   \\  /    A nd           | Website:  www.openfoam.com                      |
|    \\/     M anipulation  |                                                 |
\*---------------------------------------------------------------------------*/
FoamFile
{
    version     2.0;
    format      ascii;
    arch        "LSB;label=32;scalar=64";
    class       surfaceScalarField;
    location    "110.8";
    object      phi;
}
// * * * * * * * * * * * * * * * * * * * * * * * * * * * * * * * * * * * * * //

dimensions      [1 0 -1 0 0 0 0];

oriented        oriented;

internalField   nonuniform List<scalar> 
370
(
0.000290568
-0.000329553
0.000782084
-0.000491448
0.00121262
-0.000430435
0.00151315
-0.000300407
0.00169077
-0.000177483
0.00178242
-9.15061e-05
0.00182961
-4.70255e-05
0.00186711
-3.73392e-05
0.00192044
-5.3149e-05
0.00200685
-8.62255e-05
0.00213745
-0.00013041
0.00231871
-0.000181066
0.00255142
-0.000232508
0.00282451
-0.000272874
0.00310115
-0.00027643
0.00329313
-0.000191768
0.003225
6.83508e-05
0.00268242
0.000542797
0.00145902
0.0012236
0.00145912
0.000418085
-0.000747603
0.00112493
-0.0011982
0.00180461
-0.00110997
0.00233435
-0.000829998
0.00269992
-0.000542881
0.00293479
-0.000326202
0.00308573
-0.000197783
0.00319575
-0.000147171
0.0032971
-0.00015431
0.00341013
-0.000199059
0.00354431
-0.00026439
0.00369833
-0.000334882
0.00385717
-0.000391139
0.00398487
-0.000400366
0.00401283
-0.000304166
0.00383312
-1.18443e-05
0.00330561
0.000596085
0.00229337
0.00155526
0.000928022
0.00258914
0.00238724
0.000412221
-0.00115978
0.00108734
-0.0018732
0.00173295
-0.00175541
0.00224005
-0.0013369
0.0025982
-0.000900818
0.0028374
-0.000565182
0.00299648
-0.000356641
0.00310882
-0.000259299
0.00319775
-0.000243016
0.0032763
-0.000277392
0.00334816
-0.000336028
0.00340739
-0.000393891
0.00343561
-0.000419137
0.00339671
-0.000361229
0.00323244
-0.000139671
0.00286539
0.000355447
0.00224261
0.0012191
0.00137384
0.00242426
0.000465724
0.00349745
0.00285305
0.000360137
-0.00151986
0.000913896
-0.00242681
0.00140948
-0.00225079
0.00177343
-0.00170062
0.00201524
-0.00114238
0.00216952
-0.000719216
0.00226907
-0.000455947
0.00233634
-0.000326332
0.00238364
-0.00029007
0.00241599
-0.0003095
0.00243337
-0.000353176
0.00243051
-0.000390788
0.00239385
-0.000382239
0.00229726
-0.000264389
0.00210122
5.66172e-05
0.0017668
0.000690123
0.00127818
0.00170797
0.000689318
0.00301336
0.000176735
0.00401022
0.00302987
0.000284014
-0.00180382
0.000661986
-0.00280462
0.0009461
-0.00253469
0.00111343
-0.00186769
0.00119856
-0.00122726
0.00123975
-0.00076015
0.00126111
-0.000477053
0.00127272
-0.00033769
0.00127655
-0.000293653
0.00127183
-0.000304526
0.00125722
-0.000338317
0.00122961
-0.000362934
0.00118048
-0.000332866
0.00109264
-0.000176295
0.000941662
0.000207851
0.000712024
0.00092002
0.000415589
0.00200466
0.000124325
0.00330486
-3.46823e-05
0.00416942
0.00299527
0.000180329
-0.00198408
0.000324203
-0.00294833
0.000345858
-0.00255611
0.000286848
-0.00180843
0.000203062
-0.00114321
0.0001266
-0.000683431
6.62308e-05
-0.000416433
1.86253e-05
-0.000289837
-2.20623e-05
-0.000252721
-5.97667e-05
-0.000266579
-9.67116e-05
-0.000301129
-0.000136063
-0.000323338
-0.000184292
-0.000284391
-0.000250255
-0.000110079
-0.000337081
0.000294938
-0.000431826
0.00101503
-0.000491731
0.00206482
-0.000444419
0.00325778
-0.000239866
0.00396505
0.00275547
1.21583e-05
-0.00199617
-0.000157649
-0.00277833
-0.00045235
-0.00226117
-0.000761391
-0.00149913
-0.00102184
-0.000882509
-0.00121966
-0.000485365
-0.00136548
-0.000270376
-0.00147534
-0.000179739
-0.00156198
-0.000165843
-0.00163347
-0.000194849
-0.00169502
-0.000239351
-0.00175045
-0.000267665
-0.00180069
-0.000233918
-0.00183774
-7.27825e-05
-0.00183328
0.000290726
-0.00174057
0.000922568
-0.00149612
0.00182062
-0.00105001
0.0028119
-0.000449232
0.00336443
0.0023063
-0.000254833
-0.00174126
-0.000855357
-0.00217762
-0.00151611
-0.00160018
-0.00207351
-0.000941488
-0.00248593
-0.000469846
-0.00277291
-0.000198149
-0.00297085
-7.22088e-05
-0.00311203
-3.83348e-05
-0.00322034
-5.73075e-05
-0.00331159
-0.000103379
-0.00339405
-0.000156676
-0.00346738
-0.000194112
-0.0035182
-0.000182882
-0.00351269
-7.80714e-05
-0.00339369
0.000171935
-0.00308537
0.000614471
-0.00251495
0.0012504
-0.00166196
0.00195909
-0.000664564
0.00236718
0.0016418
-0.000673102
-0.00106807
-0.00177283
-0.0010777
-0.00272394
-0.000648837
-0.00337558
-0.000289605
-0.00376743
-7.77621e-05
-0.00398567
2.03121e-05
-0.00411042
5.27661e-05
-0.00419068
4.21339e-05
-0.00425901
1.12191e-05
-0.00433567
-2.65262e-05
-0.00442618
-6.59742e-05
-0.00452254
-9.75769e-05
-0.00459735
-0.000107889
-0.00459725
-7.7993e-05
-0.00444417
1.90213e-05
-0.00403146
0.000201928
-0.00326914
0.000488245
-0.0021415
0.000831596
-0.000840703
0.00106649
0.00080114
-0.00106798
-0.00214548
-0.00279409
-0.00308346
-0.003161
-0.00314047
-0.00308751
-0.00304518
-0.00303378
-0.00306014
-0.00312595
-0.00322337
-0.00333112
-0.00340898
-0.00338983
-0.00318778
-0.00269943
-0.00186773
-0.000801171
)
;

boundaryField
{
    leftWall
    {
        type            calculated;
        value           nonuniform List<scalar> 10(0 0 0 0 0 0 0 4.33681e-19 0 0);
    }
    rightWall
    {
        type            calculated;
        value           nonuniform List<scalar> 10(0 0 0 4.33681e-19 0 4.33681e-19 4.33681e-19 0 0 0);
    }
    topWall
    {
        type            calculated;
        value           uniform 0;
    }
    bottomWall
    {
        type            calculated;
        value           uniform 0;
    }
    frontAndBackPlanes
    {
        type            empty;
    }
}


// ************************************************************************* //
