/*--------------------------------*- C++ -*----------------------------------*\
| =========                 |                                                 |
| \\      /  F ield         | OpenFOAM: The Open Source CFD Toolbox           |
|  \\    /   O peration     | Version:  2506                                  |
|   \\  /    A nd           | Website:  www.openfoam.com                      |
|    \\/     M anipulation  |                                                 |
\*---------------------------------------------------------------------------*/
FoamFile
{
    version     2.0;
    format      ascii;
    arch        "LSB;label=32;scalar=64";
    class       volVectorField;
    location    "110.8";
    object      U;
}
// * * * * * * * * * * * * * * * * * * * * * * * * * * * * * * * * * * * * * //

dimensions      [0 1 -1 0 0 0 0];

internalField   nonuniform List<vector> 
200
(
(0.000420836 -0.00111484 0)
(0.00222783 -0.00143336 0)
(0.00418839 -0.00106681 0)
(0.00577357 -0.000590429 0)
(0.00677192 -0.000221586 0)
(0.00730589 -9.75635e-06 0)
(0.00756274 6.18903e-05 0)
(0.0077118 3.09124e-05 0)
(0.0078812 -6.71823e-05 0)
(0.00815943 -0.000208632 0)
(0.00860461 -0.00038297 0)
(0.00925402 -0.000588593 0)
(0.0101272 -0.000822892 0)
(0.0112139 -0.00106483 0)
(0.0124311 -0.00124447 0)
(0.0135255 -0.00118879 0)
(0.0139296 -0.000538816 0)
(0.0127517 0.00123634 0)
(0.00909716 0.00421087 0)
(0.00273405 0.00580389 0)
(0.000494637 -0.00447574 0)
(0.00319367 -0.00700412 0)
(0.00617302 -0.00633959 0)
(0.00876174 -0.00459517 0)
(0.0106395 -0.00286406 0)
(0.0118624 -0.00160066 0)
(0.0126254 -0.000900006 0)
(0.0131323 -0.000689085 0)
(0.0135462 -0.000841477 0)
(0.0139778 -0.00123647 0)
(0.0144892 -0.00177892 0)
(0.0150985 -0.00238927 0)
(0.0157759 -0.00296673 0)
(0.0164229 -0.00332398 0)
(0.0168345 -0.00309284 0)
(0.0166477 -0.00161928 0)
(0.0152721 0.00204439 0)
(0.0120642 0.00858051 0)
(0.00699731 0.016478 0)
(0.00118901 0.0166657 0)
(0.000485169 -0.00801017 0)
(0.00311666 -0.0129614 0)
(0.00594811 -0.0121592 0)
(0.00841164 -0.00924719 0)
(0.0102276 -0.00619696 0)
(0.0114498 -0.00384878 0)
(0.0122465 -0.00240649 0)
(0.0127831 -0.00177036 0)
(0.013183 -0.00173348 0)
(0.0135225 -0.00208197 0)
(0.0138364 -0.00262886 0)
(0.0141212 -0.00319843 0)
(0.0143297 -0.00356895 0)
(0.0143539 -0.00338055 0)
(0.0139987 -0.0020298 0)
(0.012946 0.00137365 0)
(0.0109002 0.00771133 0)
(0.00771335 0.0170522 0)
(0.00381403 0.0261179 0)
(0.000438749 0.0224415 0)
(0.000437117 -0.0112839 0)
(0.00268146 -0.0182299 0)
(0.00492349 -0.0170966 0)
(0.006753 -0.0130544 0)
(0.00801629 -0.00884878 0)
(0.00881877 -0.00560701 0)
(0.0093215 -0.00357037 0)
(0.00964988 -0.00257594 0)
(0.00987778 -0.00233098 0)
(0.0100397 -0.00254533 0)
(0.0101452 -0.00296886 0)
(0.0101843 -0.00336188 0)
(0.0101207 -0.00341578 0)
(0.00987492 -0.00264596 0)
(0.0093035 -0.000307884 0)
(0.00821406 0.00452837 0)
(0.00648242 0.0125682 0)
(0.00413715 0.0232686 0)
(0.00165281 0.0320488 0)
(6.7088e-05 0.0250432 0)
(0.000371406 -0.0140135 0)
(0.00204247 -0.0222121 0)
(0.0034421 -0.0204538 0)
(0.00438716 -0.015352 0)
(0.00489708 -0.010263 0)
(0.00513642 -0.00644907 0)
(0.00524849 -0.00408759 0)
(0.00530796 -0.00290871 0)
(0.005337 -0.00253748 0)
(0.00533486 -0.00263936 0)
(0.00529626 -0.00294228 0)
(0.00521355 -0.00318049 0)
(0.00506539 -0.00299085 0)
(0.00479926 -0.00179985 0)
(0.00431096 0.00122258 0)
(0.00351686 0.00696526 0)
(0.00238755 0.0159302 0)
(0.00107604 0.0270231 0)
(-6.79995e-06 0.0348872 0)
(-0.000173556 0.0256018 0)
(0.000282282 -0.0160139 0)
(0.00116637 -0.0245198 0)
(0.00148211 -0.0218554 0)
(0.00136736 -0.0158806 0)
(0.001038 -0.010296 0)
(0.000684269 -0.00630214 0)
(0.000392742 -0.00391757 0)
(0.000169232 -0.00275201 0)
(-1.14919e-05 -0.00237846 0)
(-0.00017236 -0.00245818 0)
(-0.000325822 -0.00272609 0)
(-0.000481959 -0.00290533 0)
(-0.000660673 -0.00259085 0)
(-0.000895892 -0.00115156 0)
(-0.00122992 0.0022611 0)
(-0.00163503 0.00843174 0)
(-0.00199365 0.0175789 0)
(-0.00205882 0.0281829 0)
(-0.00156962 0.0347585 0)
(-0.000364955 0.0244675 0)
(0.000153102 -0.0169137 0)
(-0.000119152 -0.0245863 0)
(-0.00122188 -0.0208222 0)
(-0.00256177 -0.0143663 0)
(-0.0037829 -0.00884262 0)
(-0.00474324 -0.00513488 0)
(-0.00545096 -0.00303771 0)
(-0.00597247 -0.00207847 0)
(-0.00637299 -0.00183385 0)
(-0.0066969 -0.00199364 0)
(-0.00697157 -0.00230927 0)
(-0.00721725 -0.0024979 0)
(-0.00744854 -0.00214511 0)
(-0.00765611 -0.00064906 0)
(-0.00776716 0.00272466 0)
(-0.00760648 0.00858543 0)
(-0.00692149 0.016945 0)
(-0.00546203 0.0262267 0)
(-0.00324456 0.0314601 0)
(-0.000592651 0.0215976 0)
(-0.000177764 -0.0160244 0)
(-0.00220212 -0.0214625 0)
(-0.00499712 -0.0167983 0)
(-0.00763309 -0.0106214 0)
(-0.00967606 -0.00586867 0)
(-0.0111149 -0.00294507 0)
(-0.0120968 -0.0014545 0)
(-0.0127792 -0.000909773 0)
(-0.0132825 -0.000932565 0)
(-0.0136896 -0.00125981 0)
(-0.0140515 -0.00167939 0)
(-0.0143887 -0.00194542 0)
(-0.0146793 -0.0017112 0)
(-0.014832 -0.000504806 0)
(-0.0146374 0.00221811 0)
(-0.0137959 0.00690645 0)
(-0.0119583 0.013516 0)
(-0.00891231 0.0207542 0)
(-0.00495035 0.0247283 0)
(-0.000836249 0.0169003 0)
(-0.000810763 -0.0122263 0)
(-0.00518469 -0.0142702 0)
(-0.00961041 -0.00962606 0)
(-0.0130201 -0.00493823 0)
(-0.0151692 -0.00186625 0)
(-0.0163771 -0.000292329 0)
(-0.0170332 0.000279417 0)
(-0.0174209 0.000275264 0)
(-0.01771 -3.29414e-05 0)
(-0.0180044 -0.000482061 0)
(-0.0183585 -0.000949095 0)
(-0.0187719 -0.0012951 0)
(-0.0191767 -0.00132316 0)
(-0.0194116 -0.000760903 0)
(-0.0191843 0.000724798 0)
(-0.0180667 0.0034595 0)
(-0.0156044 0.00748103 0)
(-0.0115493 0.0120581 0)
(-0.00633541 0.0148412 0)
(-0.00107202 0.0104757 0)
(-0.00195584 -0.00417719 0)
(-0.0069625 -0.00370051 0)
(-0.0105954 -0.0017553 0)
(-0.012553 -0.000365019 0)
(-0.013245 0.000303492 0)
(-0.013283 0.000506552 0)
(-0.0130759 0.00047271 0)
(-0.0128474 0.000343324 0)
(-0.0127202 0.00018066 0)
(-0.0127486 5.95073e-06 0)
(-0.0129487 -0.000169212 0)
(-0.0133093 -0.000331034 0)
(-0.0137748 -0.000452265 0)
(-0.0142194 -0.000481504 0)
(-0.0144154 -0.000331223 0)
(-0.014023 0.000136031 0)
(-0.012589 0.00103607 0)
(-0.00974566 0.00231703 0)
(-0.0057041 0.00344553 0)
(-0.00135695 0.00291454 0)
)
;

boundaryField
{
    leftWall
    {
        type            fixedValue;
        value           uniform (0 0 0);
    }
    rightWall
    {
        type            fixedValue;
        value           uniform (0 0 0);
    }
    topWall
    {
        type            fixedValue;
        value           uniform (0 0 0);
    }
    bottomWall
    {
        type            fixedValue;
        value           uniform (0 0 0);
    }
    frontAndBackPlanes
    {
        type            empty;
    }
}


// ************************************************************************* //
