/*--------------------------------*- C++ -*----------------------------------*\
| =========                 |                                                 |
| \\      /  F ield         | OpenFOAM: The Open Source CFD Toolbox           |
|  \\    /   O peration     | Version:  2506                                  |
|   \\  /    A nd           | Website:  www.openfoam.com                      |
|    \\/     M anipulation  |                                                 |
\*---------------------------------------------------------------------------*/
FoamFile
{
    version     2.0;
    format      ascii;
    arch        "LSB;label=32;scalar=64";
    class       surfaceScalarField;
    location    "106.4";
    object      phi;
}
// * * * * * * * * * * * * * * * * * * * * * * * * * * * * * * * * * * * * * //

dimensions      [1 0 -1 0 0 0 0];

oriented        oriented;

internalField   nonuniform List<scalar> 
370
(
0.000274137
-0.000315329
0.000747409
-0.0004732
0.00116474
-0.000417231
0.00145897
-0.0002941
0.00163598
-0.000176866
0.00173076
-9.46256e-05
0.00178308
-5.21495e-05
0.00182655
-4.32975e-05
0.001886
-5.92712e-05
0.0019784
-9.22097e-05
0.00211486
-0.000136264
0.00230202
-0.000186952
0.00254084
-0.00023861
0.00282035
-0.000279301
0.00310368
-0.000283109
0.00330229
-0.000198388
0.00323879
6.3731e-05
0.00269797
0.000541037
0.00146993
0.00122824
0.00147004
0.000404853
-0.000720144
0.00109248
-0.00116073
0.00175706
-0.00108167
0.00227852
-0.000815392
0.00264201
-0.000540179
0.00287934
-0.000331764
0.00303553
-0.000208148
0.00315221
-0.000159787
0.00326077
-0.000167636
0.00338116
-0.00021239
0.0035227
-0.000277598
0.00368411
-0.000348148
0.00385041
-0.000404698
0.0039856
-0.000414267
0.00402071
-0.000317999
0.00384614
-2.3587e-05
0.00332225
0.000587855
0.00230815
0.00155537
0.000935324
0.00260126
0.00240546
0.000404411
-0.00112451
0.00106899
-0.00182518
0.00170721
-0.00171971
0.00221128
-0.00131925
0.00256999
-0.000898666
0.0028121
-0.000573654
0.00297538
-0.000371199
0.00309249
-0.000276659
0.00318631
-0.000261232
0.00326974
-0.000295591
0.00334644
-0.000354059
0.00341049
-0.000411968
0.00344353
-0.000437504
0.00340932
-0.000379808
0.00324919
-0.000157627
0.00288509
0.000340762
0.00226138
0.00121181
0.00138767
0.00242931
0.000471552
0.00351758
0.00287711
0.000357244
-0.0014817
0.000909166
-0.00237695
0.00140576
-0.00221609
0.00177285
-0.00168609
0.00201865
-0.00114421
0.00217681
-0.000731554
0.00227966
-0.000473792
0.00234959
-0.00034633
0.00239902
-0.000310407
0.00243318
-0.000329496
0.00245223
-0.000372856
0.00245101
-0.000410499
0.00241604
-0.000402271
0.00232097
-0.000284484
0.00212579
3.78158e-05
0.00179033
0.000676492
0.00129803
0.00170437
0.000702485
0.00302511
0.00018164
0.00403863
0.00305884
0.00028511
-0.00176674
0.000668215
-0.00275989
0.000959704
-0.00250735
0.00113433
-0.00186045
0.00122522
-0.00123483
0.00127013
-0.000776195
0.00129338
-0.000496768
0.00130554
-0.000358223
0.00130909
-0.000313692
0.00130363
-0.000323775
0.00128812
-0.000357087
0.0012596
-0.000381722
0.00120961
-0.00035201
0.00112076
-0.000195371
0.000967951
0.000190896
0.000735259
0.000909458
0.000433687
0.00200621
0.000135314
0.00332374
-3.08416e-05
0.00420499
0.00302808
0.000184018
-0.00195069
0.000337792
-0.00291348
0.000370128
-0.00253944
0.000319487
-0.00180954
0.000240772
-0.00115583
0.000166453
-0.000701603
0.000106148
-0.000436197
5.73329e-05
-0.000309145
1.47413e-05
-0.00027084
-2.51962e-05
-0.000283579
-6.44894e-05
-0.000317536
-0.000106217
-0.000339735
-0.000156922
-0.000301043
-0.000225693
-0.000126331
-0.000316116
0.000281595
-0.000415392
0.00100901
-0.000480722
0.00207182
-0.000439091
0.00328235
-0.000238947
0.00400503
0.0027892
1.83914e-05
-0.00196901
-0.000140668
-0.00275422
-0.000425108
-0.00225474
-0.000727498
-0.00150688
-0.000985176
-0.00089789
-0.0011831
-0.000503419
-0.00133076
-0.000288277
-0.00144341
-0.00019625
-0.00153325
-0.000180748
-0.00160807
-0.000208504
-0.00167299
-0.000252364
-0.0017319
-0.000280573
-0.0017859
-0.000246788
-0.00182722
-8.47535e-05
-0.00182756
0.000282197
-0.00173946
0.000921183
-0.00149852
0.00183114
-0.00105384
0.0028379
-0.000451804
0.00340317
0.00233747
-0.000248473
-0.00172046
-0.000838618
-0.00216387
-0.00149193
-0.00160118
-0.00204645
-0.000952101
-0.00245968
-0.000484395
-0.00274966
-0.000213193
-0.00295188
-8.58096e-05
-0.00309785
-5.00382e-05
-0.003211
-6.73575e-05
-0.00330704
-0.000112239
-0.00339418
-0.000164987
-0.00347222
-0.0002023
-0.00352786
-0.000190918
-0.0035272
-8.51803e-05
-0.00341233
0.000167558
-0.00310632
0.000615406
-0.00253507
0.00126011
-0.00167718
0.00198022
-0.000671469
0.0023976
0.00166606
-0.000664856
-0.00105551
-0.00175564
-0.00107288
-0.00270425
-0.000652321
-0.00335909
-0.000297004
-0.00375771
-8.55289e-05
-0.00398211
1.14468e-05
-0.00411412
4.64358e-05
-0.00420105
3.71114e-05
-0.0042751
6.90461e-06
-0.00435729
-2.98393e-05
-0.00445299
-6.90945e-05
-0.00455439
-0.000100706
-0.00463405
-0.000111059
-0.00463814
-8.09123e-05
-0.00448771
1.7309e-05
-0.00407443
0.000202306
-0.00330681
0.000492658
-0.00216809
0.000841652
-0.000851965
0.0010816
0.000814144
-0.00105541
-0.00212808
-0.00278015
-0.00307691
-0.0031622
-0.00315053
-0.00310388
-0.00306656
-0.00305946
-0.00308912
-0.00315804
-0.00325859
-0.00336949
-0.00345026
-0.00343282
-0.00323039
-0.00273761
-0.00189585
-0.000814177
)
;

boundaryField
{
    leftWall
    {
        type            calculated;
        value           nonuniform List<scalar> 10(-3.38813e-21 0 0 0 0 2.1684e-19 0 4.33681e-19 0 0);
    }
    rightWall
    {
        type            calculated;
        value           nonuniform List<scalar> 10(0 0 0 4.33681e-19 0 0 0 0 0 0);
    }
    topWall
    {
        type            calculated;
        value           uniform 0;
    }
    bottomWall
    {
        type            calculated;
        value           uniform 0;
    }
    frontAndBackPlanes
    {
        type            empty;
    }
}


// ************************************************************************* //
