/*--------------------------------*- C++ -*----------------------------------*\
| =========                 |                                                 |
| \\      /  F ield         | OpenFOAM: The Open Source CFD Toolbox           |
|  \\    /   O peration     | Version:  2506                                  |
|   \\  /    A nd           | Website:  www.openfoam.com                      |
|    \\/     M anipulation  |                                                 |
\*---------------------------------------------------------------------------*/
FoamFile
{
    version     2.0;
    format      ascii;
    arch        "LSB;label=32;scalar=64";
    class       volVectorField;
    location    "106.4";
    object      U;
}
// * * * * * * * * * * * * * * * * * * * * * * * * * * * * * * * * * * * * * //

dimensions      [0 1 -1 0 0 0 0];

internalField   nonuniform List<vector> 
200
(
(0.000390469 -0.00106249 0)
(0.00211772 -0.00137232 0)
(0.00401193 -0.0010272 0)
(0.00555612 -0.000575918 0)
(0.00654028 -0.000225279 0)
(0.00708064 -2.35861e-05 0)
(0.00735595 4.39845e-05 0)
(0.00752904 1.25745e-05 0)
(0.00772414 -8.43419e-05 0)
(0.00802779 -0.000224422 0)
(0.00849762 -0.000397973 0)
(0.00917136 -0.000603711 0)
(0.0100694 -0.000839032 0)
(0.0111822 -0.00108262 0)
(0.012427 -0.00126399 0)
(0.0135498 -0.00120944 0)
(0.0139787 -0.000558555 0)
(0.0128163 0.00122678 0)
(0.00915723 0.0042269 0)
(0.00275571 0.00584828 0)
(0.000477199 -0.00429552 0)
(0.00309562 -0.00675806 0)
(0.00600166 -0.00615385 0)
(0.00854029 -0.00449981 0)
(0.0103965 -0.00284695 0)
(0.0116213 -0.0016375 0)
(0.0124017 -0.000967727 0)
(0.0129346 -0.000770733 0)
(0.0133782 -0.000926928 0)
(0.0138405 -0.00132129 0)
(0.0143826 -0.00186254 0)
(0.0150226 -0.0024732 0)
(0.0157309 -0.00305291 0)
(0.0164093 -0.00341333 0)
(0.0168517 -0.00318372 0)
(0.0166917 -0.00170539 0)
(0.0153365 0.00197848 0)
(0.0121336 0.0085645 0)
(0.00704839 0.0165447 0)
(0.00119993 0.0167881 0)
(0.000474916 -0.00774123 0)
(0.00305973 -0.0125879 0)
(0.0058528 -0.0118739 0)
(0.00829393 -0.00909786 0)
(0.0101048 -0.00616726 0)
(0.011335 -0.00390312 0)
(0.0121474 -0.0025105 0)
(0.0127034 -0.00189842 0)
(0.0131237 -0.00186984 0)
(0.0134838 -0.00221918 0)
(0.013818 -0.00276521 0)
(0.0141229 -0.00333528 0)
(0.0143515 -0.00370823 0)
(0.0143957 -0.00352228 0)
(0.0140596 -0.00216908 0)
(0.0130237 0.00125218 0)
(0.0109826 0.0076393 0)
(0.00778448 0.0170677 0)
(0.00385767 0.0262492 0)
(0.000446171 0.0226189 0)
(0.000432404 -0.0109711 0)
(0.00266291 -0.0178066 0)
(0.00490362 -0.0167868 0)
(0.00674224 -0.0129076 0)
(0.00802091 -0.00884017 0)
(0.00884031 -0.00569155 0)
(0.00935835 -0.00370708 0)
(0.00969925 -0.00273578 0)
(0.00993706 -0.00249714 0)
(0.0101071 -0.00271058 0)
(0.0102197 -0.00313227 0)
(0.0102656 -0.00352558 0)
(0.0102089 -0.00358202 0)
(0.00996997 -0.0028135 0)
(0.00940538 -0.000467231 0)
(0.00831555 0.00440414 0)
(0.00657501 0.0125171 0)
(0.00420821 0.023334 0)
(0.00169148 0.0322491 0)
(7.27063e-05 0.025266 0)
(0.000371348 -0.0136948 0)
(0.00205514 -0.0218068 0)
(0.00348251 -0.0201842 0)
(0.00445957 -0.0152543 0)
(0.00499746 -0.0102999 0)
(0.00525676 -0.00656871 0)
(0.00538034 -0.00424756 0)
(0.0054445 -0.00308197 0)
(0.00547371 -0.00271031 0)
(0.00546913 -0.00280741 0)
(0.00542691 -0.00310679 0)
(0.00534034 -0.00334503 0)
(0.00518853 -0.00315819 0)
(0.00491877 -0.00196732 0)
(0.00442525 0.00106968 0)
(0.00362154 0.00685969 0)
(0.00247561 0.0159172 0)
(0.00113786 0.027148 0)
(2.08111e-05 0.0351551 0)
(-0.000172137 0.0258622 0)
(0.000284746 -0.015717 0)
(0.00119992 -0.024181 0)
(0.00156167 -0.0216666 0)
(0.00148865 -0.0158543 0)
(0.00118794 -0.0103834 0)
(0.000848996 -0.0064498 0)
(0.000561356 -0.00408726 0)
(0.000334707 -0.00292249 0)
(0.00014698 -0.00254106 0)
(-2.2869e-05 -0.00261217 0)
(-0.000186073 -0.00287547 0)
(-0.00035207 -0.0030551 0)
(-0.000540746 -0.00274396 0)
(-0.000786641 -0.00130352 0)
(-0.00113386 0.00212971 0)
(-0.00155602 0.00835901 0)
(-0.00193567 0.0176141 0)
(-0.00202477 0.0283678 0)
(-0.00155828 0.03508 0)
(-0.000365299 0.0247501 0)
(0.000153971 -0.0166602 0)
(-7.7887e-05 -0.0243389 0)
(-0.00112738 -0.0207284 0)
(-0.00242987 -0.0144084 0)
(-0.00363163 -0.00896517 0)
(-0.00458728 -0.00529121 0)
(-0.00529993 -0.00319914 0)
(-0.00583176 -0.00223149 0)
(-0.00624516 -0.00197473 0)
(-0.00658289 -0.00212438 0)
(-0.0068716 -0.00243474 0)
(-0.00713152 -0.00262294 0)
(-0.00737783 -0.002271 0)
(-0.00760221 -0.000768565 0)
(-0.00773299 0.00263266 0)
(-0.00759252 0.00855656 0)
(-0.00692492 0.0170235 0)
(-0.00547615 0.0264466 0)
(-0.00325984 0.0317989 0)
(-0.000597075 0.0218753 0)
(-0.000170633 -0.0158235 0)
(-0.00215186 -0.0213065 0)
(-0.00490733 -0.0167813 0)
(-0.00752133 -0.0107062 0)
(-0.00956074 -0.00600225 0)
(-0.0110086 -0.0030909 0)
(-0.0120065 -0.00159234 0)
(-0.0127084 -0.00103252 0)
(-0.0132321 -0.00104046 0)
(-0.0136594 -0.00135669 0)
(-0.0140411 -0.00177066 0)
(-0.0143979 -0.00203509 0)
(-0.0147086 -0.00179894 0)
(-0.014882 -0.000582674 0)
(-0.0147077 0.0021682 0)
(-0.0138805 0.00691197 0)
(-0.0120464 0.0136112 0)
(-0.00898828 0.0209643 0)
(-0.00499884 0.0250307 0)
(-0.000846053 0.0171393 0)
(-0.000798711 -0.012086 0)
(-0.00512536 -0.014196 0)
(-0.00952686 -0.00965702 0)
(-0.0129394 -0.00502934 0)
(-0.0151107 -0.00197479 0)
(-0.0163473 -0.000394247 0)
(-0.0170326 0.000192275 0)
(-0.0174494 0.000203625 0)
(-0.0177646 -9.20247e-05 0)
(-0.0180824 -0.000533176 0)
(-0.0184589 -0.00099654 0)
(-0.0188938 -0.00134168 0)
(-0.0193197 -0.00136863 0)
(-0.0195745 -0.000800315 0)
(-0.0193632 0.000702263 0)
(-0.018251 0.00347085 0)
(-0.0157768 0.00754893 0)
(-0.0116869 0.0122003 0)
(-0.00641741 0.0150446 0)
(-0.00108756 0.0106383 0)
(-0.00193136 -0.00412616 0)
(-0.00689348 -0.00368385 0)
(-0.0105238 -0.00177237 0)
(-0.0125059 -0.000394671 0)
(-0.0132321 0.000275507 0)
(-0.0133059 0.000486248 0)
(-0.013131 0.000458067 0)
(-0.0129266 0.00033296 0)
(-0.0128186 0.000173322 0)
(-0.0128628 -2.49361e-07 0)
(-0.0130762 -0.000175387 0)
(-0.0134498 -0.000338061 0)
(-0.0139288 -0.000460619 0)
(-0.0143868 -0.000490786 0)
(-0.0145935 -0.000339542 0)
(-0.0142052 0.000133038 0)
(-0.0127616 0.0010462 0)
(-0.00988746 0.00234884 0)
(-0.00579309 0.00349978 0)
(-0.00138023 0.002965 0)
)
;

boundaryField
{
    leftWall
    {
        type            fixedValue;
        value           uniform (0 0 0);
    }
    rightWall
    {
        type            fixedValue;
        value           uniform (0 0 0);
    }
    topWall
    {
        type            fixedValue;
        value           uniform (0 0 0);
    }
    bottomWall
    {
        type            fixedValue;
        value           uniform (0 0 0);
    }
    frontAndBackPlanes
    {
        type            empty;
    }
}


// ************************************************************************* //
