/*--------------------------------*- C++ -*----------------------------------*\
| =========                 |                                                 |
| \\      /  F ield         | OpenFOAM: The Open Source CFD Toolbox           |
|  \\    /   O peration     | Version:  2506                                  |
|   \\  /    A nd           | Website:  www.openfoam.com                      |
|    \\/     M anipulation  |                                                 |
\*---------------------------------------------------------------------------*/
FoamFile
{
    version     2.0;
    format      ascii;
    arch        "LSB;label=32;scalar=64";
    class       surfaceScalarField;
    location    "64.4";
    object      phi;
}
// * * * * * * * * * * * * * * * * * * * * * * * * * * * * * * * * * * * * * //

dimensions      [1 0 -1 0 0 0 0];

oriented        oriented;

internalField   nonuniform List<scalar> 
370
(
8.30398e-05
-0.000152122
0.000345125
-0.000262017
0.000614104
-0.000268876
0.000845695
-0.000231467
0.00102968
-0.000183845
0.00117538
-0.000145559
0.00130011
-0.000124577
0.00142235
-0.000122081
0.00155891
-0.000136403
0.00172431
-0.000165237
0.00193079
-0.000206306
0.00218755
-0.000256579
0.00249731
-0.000309578
0.00284864
-0.000351137
0.00320121
-0.000352377
0.00346045
-0.000259037
0.00342932
3.13343e-05
0.00288651
0.000543001
0.00159243
0.00129427
0.00159253
0.000237251
-0.000389331
0.000686469
-0.000711116
0.0011699
-0.000752134
0.00160126
-0.000662625
0.00195664
-0.000539003
0.00224395
-0.000432643
0.00248404
-0.000364441
0.00270005
-0.000337864
0.00291209
-0.000348207
0.00313489
-0.000387806
0.00337645
-0.000447628
0.00363558
-0.000515462
0.00389688
-0.000570626
0.00412129
-0.000575286
0.00423264
-0.00046346
0.00410723
-0.000133367
0.00359746
0.000541369
0.00252974
0.00161097
0.00103958
0.00278464
0.00263224
0.000294444
-0.000683708
0.000812973
-0.00122946
0.00135169
-0.00129059
0.00182012
-0.00113074
0.00219631
-0.000914864
0.00249097
-0.00072697
0.00272571
-0.000598848
0.00292192
-0.00053375
0.0030961
-0.000522055
0.00325831
-0.000549686
0.00341151
-0.0006005
0.00354974
-0.000653355
0.00365373
-0.000674275
0.00368373
-0.00060493
0.0035725
-0.000351884
0.00322797
0.000211504
0.00257338
0.0011963
0.001611
0.00257366
0.000565549
0.00383036
0.00319791
0.000305741
-0.000989361
0.00081481
-0.00173829
0.00131148
-0.00178691
0.00171491
-0.00153377
0.00201582
-0.00121536
0.0022333
-0.000944023
0.00239157
-0.000756696
0.00251035
-0.000652116
0.00260259
-0.000613882
0.00267522
-0.0006219
0.00273006
-0.000654934
0.00276305
-0.000685934
0.00276062
-0.000671423
0.00269385
-0.000537739
0.0025149
-0.000172509
0.00216543
0.000561397
0.00161536
0.00174677
0.000914599
0.00327479
0.000263933
0.00448132
0.00346198
0.000285171
-0.00127443
0.000715256
-0.00216808
0.00109001
-0.00216126
0.0013549
-0.00179819
0.00152165
-0.00138162
0.00161946
-0.00104134
0.00167371
-0.000810464
0.00170066
-0.000678604
0.00170916
-0.000621919
0.00170377
-0.000616043
0.00168653
-0.000637235
0.00165616
-0.000655091
0.00160462
-0.000619411
0.00151285
-0.000445494
0.00134853
-7.6986e-06
0.00108009
0.00083031
0.0007088
0.00211851
0.000307442
0.00367656
3.06571e-05
0.00475843
0.00349278
0.000222626
-0.00149693
0.000489576
-0.00243471
0.000655193
-0.00232642
0.00071283
-0.00185532
0.000700674
-0.00136894
0.000653832
-0.000993989
0.000592836
-0.000748965
0.000526656
-0.00061193
0.000458703
-0.000553478
0.000390786
-0.000547639
0.000323679
-0.000569639
0.000255099
-0.000586017
0.000177278
-0.000541087
7.74764e-05
-0.000345176
-5.41476e-05
0.000124459
-0.000204798
0.000981485
-0.000333483
0.00224769
-0.000361666
0.00370518
-0.000220227
0.00461731
0.00327268
8.94695e-05
-0.00158627
7.09657e-05
-0.00241584
-7.80027e-05
-0.00217696
-0.000293831
-0.00163897
-0.000519719
-0.00114253
-0.000727284
-0.000785909
-0.000909455
-0.000566289
-0.00106866
-0.000452234
-0.00120915
-0.000412497
-0.00133454
-0.000421761
-0.00144845
-0.000455234
-0.0015555
-0.000478479
-0.00165932
-0.000436761
-0.00175503
-0.000248956
-0.00181381
0.000183761
-0.00177552
0.000943704
-0.00156388
0.00203654
-0.0011198
0.00326152
-0.000488708
0.00398653
0.0027841
-0.000162082
-0.00142403
-0.000610766
-0.00196677
-0.00116537
-0.00162185
-0.00168718
-0.00111663
-0.00212258
-0.000706616
-0.00246894
-0.000439041
-0.0027438
-0.000290943
-0.00296791
-0.000227643
-0.00315884
-0.000221096
-0.00332968
-0.00025046
-0.00348876
-0.000295689
-0.00363704
-0.000329736
-0.00376149
-0.000311856
-0.00382495
-0.000185026
-0.0037583
0.000117565
-0.00346682
0.000652689
-0.00286028
0.00143043
-0.00191014
0.00231175
-0.000771939
0.00284862
0.00201227
-0.000548028
-0.000875829
-0.00151158
-0.00100281
-0.00242658
-0.000706351
-0.00313156
-0.000411144
-0.00362792
-0.000209763
-0.00396852
-9.79672e-05
-0.00421005
-4.8955e-05
-0.00439821
-3.90457e-05
-0.00456544
-5.34399e-05
-0.0047325
-8.29909e-05
-0.00490867
-0.000119123
-0.00508753
-0.00015048
-0.00523891
-0.000160091
-0.00529996
-0.000123612
-0.00517788
-4.1451e-06
-0.00474005
0.000215226
-0.00387592
0.00056665
-0.00255985
0.000995985
-0.00101379
0.00130279
0.000998582
-0.000875641
-0.00187804
-0.00258391
-0.00299456
-0.00320385
-0.00330138
-0.00334992
-0.00338857
-0.00344163
-0.00352426
-0.00364305
-0.00379321
-0.00395299
-0.00407631
-0.00408018
-0.0038647
-0.0032978
-0.0023016
-0.000998654
)
;

boundaryField
{
    leftWall
    {
        type            calculated;
        value           nonuniform List<scalar> 10(0 6.77626e-21 0 0 0 0 0 0 0 0);
    }
    rightWall
    {
        type            calculated;
        value           nonuniform List<scalar> 10(0 0 0 0 0 0 0 0 4.33681e-19 0);
    }
    topWall
    {
        type            calculated;
        value           uniform 0;
    }
    bottomWall
    {
        type            calculated;
        value           uniform 0;
    }
    frontAndBackPlanes
    {
        type            empty;
    }
}


// ************************************************************************* //
