/*--------------------------------*- C++ -*----------------------------------*\
| =========                 |                                                 |
| \\      /  F ield         | OpenFOAM: The Open Source CFD Toolbox           |
|  \\    /   O peration     | Version:  2506                                  |
|   \\  /    A nd           | Website:  www.openfoam.com                      |
|    \\/     M anipulation  |                                                 |
\*---------------------------------------------------------------------------*/
FoamFile
{
    version     2.0;
    format      ascii;
    arch        "LSB;label=32;scalar=64";
    class       volVectorField;
    location    "99.2";
    object      U;
}
// * * * * * * * * * * * * * * * * * * * * * * * * * * * * * * * * * * * * * //

dimensions      [0 1 -1 0 0 0 0];

internalField   nonuniform List<vector> 
200
(
(0.000337506 -0.000971691 0)
(0.001926 -0.0012667 0)
(0.00370536 -0.00095922 0)
(0.00517932 -0.000551912 0)
(0.00614036 -0.000233025 0)
(0.00669363 -4.88163e-05 0)
(0.00700281 1.1983e-05 0)
(0.00721917 -1.98066e-05 0)
(0.00745996 -0.00011434 0)
(0.00780837 -0.000251778 0)
(0.00832132 -0.000423798 0)
(0.00903741 -0.000629662 0)
(0.00997854 -0.000866707 0)
(0.0111363 -0.00111304 0)
(0.0124283 -0.00129718 0)
(0.0135989 -0.00124421 0)
(0.0140685 -0.000591113 0)
(0.0129301 0.0012119 0)
(0.00926138 0.0042553 0)
(0.00279287 0.00592428 0)
(0.000446573 -0.00398153 0)
(0.00292347 -0.00632995 0)
(0.00570109 -0.00583258 0)
(0.00815258 -0.00433799 0)
(0.00997222 -0.00282273 0)
(0.011202 -0.00170751 0)
(0.0120147 -0.00109092 0)
(0.0125947 -0.000917067 0)
(0.0130916 -0.00107863 0)
(0.0136089 -0.00147077 0)
(0.0142059 -0.00200907 0)
(0.0149005 -0.00261954 0)
(0.0156635 -0.00320232 0)
(0.0163968 -0.00356683 0)
(0.0168924 -0.00333763 0)
(0.0167787 -0.00184819 0)
(0.0154577 0.00187258 0)
(0.0122604 0.00854504 0)
(0.00714027 0.0166655 0)
(0.00121948 0.0170008 0)
(0.000456692 -0.00727049 0)
(0.00295833 -0.0119346 0)
(0.00568297 -0.0113769 0)
(0.00808413 -0.00884141 0)
(0.00988614 -0.00612218 0)
(0.0111308 -0.00400602 0)
(0.0119717 -0.00270017 0)
(0.0125627 -0.00212927 0)
(0.0130204 -0.00211402 0)
(0.013418 -0.00246367 0)
(0.0137892 -0.00300715 0)
(0.0141308 -0.00357708 0)
(0.0143961 -0.00395286 0)
(0.0144767 -0.00376875 0)
(0.014175 -0.00240741 0)
(0.0131677 0.00104974 0)
(0.0111334 0.00752641 0)
(0.00791395 0.017108 0)
(0.003937 0.0264881 0)
(0.000459706 0.0229312 0)
(0.0004238 -0.0104213 0)
(0.00262832 -0.0170627 0)
(0.00486514 -0.0162439 0)
(0.00671864 -0.0126539 0)
(0.00802378 -0.00883147 0)
(0.00887281 -0.00584784 0)
(0.00941802 -0.00395535 0)
(0.00978146 -0.00302426 0)
(0.0100375 -0.00279589 0)
(0.0102226 -0.00300676 0)
(0.0103486 -0.00342417 0)
(0.0104072 -0.00381697 0)
(0.0103635 -0.00387634 0)
(0.0101376 -0.00310739 0)
(0.00958715 -0.000742315 0)
(0.00849853 0.00419567 0)
(0.00674255 0.0124419 0)
(0.00433715 0.0234649 0)
(0.00176196 0.0326131 0)
(8.30329e-05 0.0256615 0)
(0.000370901 -0.0131324 0)
(0.00207555 -0.0210909 0)
(0.0035504 -0.0197093 0)
(0.00458301 -0.0150852 0)
(0.0051698 -0.0103705 0)
(0.00546413 -0.00678664 0)
(0.00560799 -0.00453718 0)
(0.00568058 -0.00339488 0)
(0.00571037 -0.00302197 0)
(0.00570193 -0.00310979 0)
(0.00565371 -0.00340175 0)
(0.00556067 -0.00363911 0)
(0.00540305 -0.00345616 0)
(0.00512781 -0.00226366 0)
(0.00462571 0.000802715 0)
(0.00380595 0.00668173 0)
(0.0026321 0.0159082 0)
(0.00124863 0.0273847 0)
(7.02534e-05 0.0356405 0)
(-0.000169966 0.0263266 0)
(0.000289286 -0.0151915 0)
(0.00125826 -0.0235798 0)
(0.00169998 -0.0213326 0)
(0.00170043 -0.0158106 0)
(0.00145044 -0.0105428 0)
(0.00113758 -0.00671707 0)
(0.000856598 -0.00439388 0)
(0.000624101 -0.00323043 0)
(0.000423617 -0.00283491 0)
(0.000237746 -0.0028902 0)
(5.72344e-05 -0.00314387 0)
(-0.000126275 -0.00332361 0)
(-0.000332366 -0.00301796 0)
(-0.000596956 -0.00157455 0)
(-0.000967398 0.00189755 0)
(-0.00141927 0.00823591 0)
(-0.00183498 0.0176877 0)
(-0.00196514 0.0287088 0)
(-0.00153821 0.0356604 0)
(-0.000365951 0.0252552 0)
(0.000157735 -0.0162091 0)
(-2.8758e-06 -0.023898 0)
(-0.00096075 -0.0205625 0)
(-0.00219711 -0.0144864 0)
(-0.00336428 -0.00918737 0)
(-0.00431179 -0.00557364 0)
(-0.00503376 -0.00349035 0)
(-0.00558466 -0.00250736 0)
(-0.00602173 -0.00222885 0)
(-0.00638475 -0.00236018 0)
(-0.00669887 -0.00266055 0)
(-0.00698423 -0.00284753 0)
(-0.00725729 -0.00249662 0)
(-0.00751165 -0.000981774 0)
(-0.00767754 0.00247055 0)
(-0.0075726 0.00851015 0)
(-0.00693475 0.0171714 0)
(-0.00550329 0.0268469 0)
(-0.00328764 0.0324083 0)
(-0.000604979 0.0223712 0)
(-0.000157731 -0.0154643 0)
(-0.00206233 -0.0210282 0)
(-0.00474764 -0.0167527 0)
(-0.00732259 -0.0108601 0)
(-0.00935591 -0.00624302 0)
(-0.0108204 -0.00335278 0)
(-0.0118477 -0.00183962 0)
(-0.0125851 -0.00125266 0)
(-0.0131459 -0.00123418 0)
(-0.0136097 -0.00153079 0)
(-0.0140272 -0.00193474 0)
(-0.0144194 -0.0021962 0)
(-0.0147662 -0.00195628 0)
(-0.0149768 -0.000721536 0)
(-0.0148385 0.00208071 0)
(-0.014036 0.0069252 0)
(-0.0122068 0.0137858 0)
(-0.00912566 0.021344 0)
(-0.00508591 0.0255728 0)
(-0.000863557 0.017566 0)
(-0.000777245 -0.0118351 0)
(-0.00501951 -0.0140636 0)
(-0.00937784 -0.00971382 0)
(-0.0127956 -0.00519426 0)
(-0.0150068 -0.00217063 0)
(-0.0162957 -0.000577549 0)
(-0.0170342 3.64347e-05 0)
(-0.0175032 7.62449e-05 0)
(-0.0178646 -0.000196688 0)
(-0.0182242 -0.000623993 0)
(-0.018641 -0.0010812 0)
(-0.0191149 -0.00142505 0)
(-0.0195788 -0.00145002 0)
(-0.0198692 -0.00087055 0)
(-0.0196865 0.000662786 0)
(-0.0185831 0.00349262 0)
(-0.0160866 0.00767217 0)
(-0.0119336 0.0124561 0)
(-0.00656399 0.0154085 0)
(-0.00111528 0.0109282 0)
(-0.00188749 -0.0040348 0)
(-0.00676987 -0.00365417 0)
(-0.0103959 -0.00180353 0)
(-0.0124227 -0.000448733 0)
(-0.0132107 0.000224103 0)
(-0.0133485 0.000448533 0)
(-0.0132302 0.000431701 0)
(-0.0130692 0.000315212 0)
(-0.0129962 0.000161389 0)
(-0.013069 -1.05646e-05 0)
(-0.0133057 -0.000186039 0)
(-0.0137023 -0.000350469 0)
(-0.0142054 -0.000475547 0)
(-0.0146874 -0.00050745 0)
(-0.0149131 -0.000354478 0)
(-0.0145316 0.000127735 0)
(-0.0130706 0.00106448 0)
(-0.0101408 0.0024059 0)
(-0.00595186 0.00359674 0)
(-0.00142171 0.00305499 0)
)
;

boundaryField
{
    leftWall
    {
        type            fixedValue;
        value           uniform (0 0 0);
    }
    rightWall
    {
        type            fixedValue;
        value           uniform (0 0 0);
    }
    topWall
    {
        type            fixedValue;
        value           uniform (0 0 0);
    }
    bottomWall
    {
        type            fixedValue;
        value           uniform (0 0 0);
    }
    frontAndBackPlanes
    {
        type            empty;
    }
}


// ************************************************************************* //
