/*--------------------------------*- C++ -*----------------------------------*\
| =========                 |                                                 |
| \\      /  F ield         | OpenFOAM: The Open Source CFD Toolbox           |
|  \\    /   O peration     | Version:  2506                                  |
|   \\  /    A nd           | Website:  www.openfoam.com                      |
|    \\/     M anipulation  |                                                 |
\*---------------------------------------------------------------------------*/
FoamFile
{
    version     2.0;
    format      ascii;
    arch        "LSB;label=32;scalar=64";
    class       volVectorField;
    location    "36.8";
    object      U;
}
// * * * * * * * * * * * * * * * * * * * * * * * * * * * * * * * * * * * * * //

dimensions      [0 1 -1 0 0 0 0];

internalField   nonuniform List<vector> 
200
(
(-0.000215498 -0.000133068 0)
(1.91082e-05 -0.000287953 0)
(0.000814398 -0.000384703 0)
(0.00186994 -0.000466863 0)
(0.00299613 -0.000498986 0)
(0.00413301 -0.000490329 0)
(0.0052253 -0.000468235 0)
(0.00625424 -0.000457172 0)
(0.00723534 -0.000475528 0)
(0.00820684 -0.000535972 0)
(0.0092179 -0.000645906 0)
(0.0103171 -0.000806625 0)
(0.0115373 -0.0010092 0)
(0.0128733 -0.00122349 0)
(0.0142393 -0.00137463 0)
(0.0153774 -0.00129136 0)
(0.0157214 -0.000609936 0)
(0.0143532 0.00127141 0)
(0.0102812 0.00455141 0)
(0.00309575 0.00651987 0)
(7.96484e-05 -0.000871269 0)
(0.0010438 -0.00231603 0)
(0.00273055 -0.00336698 0)
(0.00481823 -0.00397744 0)
(0.00702418 -0.00417457 0)
(0.00916981 -0.00408813 0)
(0.0111607 -0.00386645 0)
(0.0129662 -0.00363572 0)
(0.0145985 -0.00348514 0)
(0.0160909 -0.00346344 0)
(0.0174763 -0.0035774 0)
(0.0187657 -0.00378524 0)
(0.0199233 -0.00397889 0)
(0.0208358 -0.00394717 0)
(0.0212751 -0.00331008 0)
(0.0208498 -0.00141702 0)
(0.0189512 0.00271483 0)
(0.0148988 0.0098927 0)
(0.0086784 0.0187177 0)
(0.00150509 0.0192237 0)
(0.000184769 -0.00226718 0)
(0.00168836 -0.00570607 0)
(0.0039608 -0.00792058 0)
(0.00657253 -0.0089593 0)
(0.00914554 -0.0090848 0)
(0.011482 -0.00864062 0)
(0.0135117 -0.0079424 0)
(0.0152378 -0.00722614 0)
(0.0166987 -0.0066357 0)
(0.0179395 -0.00622602 0)
(0.0189897 -0.00596524 0)
(0.0198415 -0.00572596 0)
(0.0204283 -0.00526043 0)
(0.0206015 -0.00415799 0)
(0.0201098 -0.00178852 0)
(0.0185696 0.0027298 0)
(0.0156423 0.010271 0)
(0.0111695 0.0209546 0)
(0.00570662 0.0313342 0)
(0.000746694 0.027104 0)
(0.000247866 -0.00426373 0)
(0.00206937 -0.0100503 0)
(0.00457681 -0.0132565 0)
(0.0072236 -0.0143367 0)
(0.00959356 -0.0139585 0)
(0.0115264 -0.0127879 0)
(0.0130212 -0.0113491 0)
(0.0141497 -0.00998372 0)
(0.0150038 -0.00886509 0)
(0.0156633 -0.00802397 0)
(0.016176 -0.00736317 0)
(0.0165424 -0.00665103 0)
(0.0167003 -0.00549495 0)
(0.0165104 -0.00330652 0)
(0.0157281 0.000711669 0)
(0.0140863 0.00743761 0)
(0.0113788 0.0175175 0)
(0.00763268 0.0303011 0)
(0.00349522 0.0406417 0)
(0.000346609 0.0318436 0)
(0.000298759 -0.00657203 0)
(0.0021842 -0.0146508 0)
(0.00449141 -0.0184168 0)
(0.00664655 -0.0190034 0)
(0.00828462 -0.0176656 0)
(0.00934544 -0.0154794 0)
(0.00993382 -0.0131863 0)
(0.0102059 -0.0112015 0)
(0.0103076 -0.00968374 0)
(0.0103468 -0.00860088 0)
(0.010382 -0.0077643 0)
(0.010417 -0.00682604 0)
(0.0103961 -0.00525128 0)
(0.0101968 -0.0022951 0)
(0.00959749 0.00295588 0)
(0.00840876 0.0113245 0)
(0.00650333 0.0231579 0)
(0.00399713 0.0370732 0)
(0.00147444 0.0466701 0)
(2.9562e-05 0.0342604 0)
(0.000309501 -0.00886977 0)
(0.00186463 -0.0186971 0)
(0.00339892 -0.0223429 0)
(0.00446552 -0.021887 0)
(0.00487135 -0.0192858 0)
(0.00471441 -0.0160385 0)
(0.00421377 -0.013048 0)
(0.00358471 -0.0107277 0)
(0.00298623 -0.00915529 0)
(0.00251028 -0.00819059 0)
(0.00218838 -0.0075309 0)
(0.00200114 -0.00671022 0)
(0.00188631 -0.00506834 0)
(0.00174729 -0.00173669 0)
(0.00143906 0.00426857 0)
(0.00089746 0.0136615 0)
(0.000153935 0.0264484 0)
(-0.000569234 0.0405939 0)
(-0.000883992 0.0489493 0)
(-0.000304467 0.0343427 0)
(0.000232396 -0.0105722 0)
(0.000847265 -0.0209717 0)
(0.000883242 -0.0236904 0)
(0.000232378 -0.0218501 0)
(-0.000984294 -0.0180394 0)
(-0.00248892 -0.0140787 0)
(-0.00402546 -0.01088 0)
(-0.00541964 -0.00872105 0)
(-0.00658427 -0.00751479 0)
(-0.00749962 -0.00698208 0)
(-0.0081868 -0.00671737 0)
(-0.00868529 -0.00618165 0)
(-0.00903276 -0.00467071 0)
(-0.00923779 -0.00132053 0)
(-0.00923999 0.00475137 0)
(-0.00888963 0.0140592 0)
(-0.00796735 0.0263055 0)
(-0.00624273 0.0392567 0)
(-0.00374042 0.046177 0)
(-0.000716346 0.0315808 0)
(-1.73301e-05 -0.0107108 0)
(-0.00114877 -0.019824 0)
(-0.00334545 -0.0209216 0)
(-0.00611815 -0.0179193 0)
(-0.00897025 -0.0136668 0)
(-0.011589 -0.00983528 0)
(-0.0138406 -0.00710594 0)
(-0.015712 -0.00554789 0)
(-0.0172561 -0.00493456 0)
(-0.0185454 -0.00491844 0)
(-0.0196382 -0.00508445 0)
(-0.0205518 -0.00493644 0)
(-0.0212349 -0.00387116 0)
(-0.0215343 -0.00119049 0)
(-0.021131 0.00378897 0)
(-0.0196757 0.0114763 0)
(-0.0168063 0.02155 0)
(-0.0123655 0.0320687 0)
(-0.00682774 0.0375358 0)
(-0.00117353 0.0255386 0)
(-0.000503286 -0.00818899 0)
(-0.00392248 -0.0139316 0)
(-0.00846362 -0.013516 0)
(-0.0129836 -0.0104729 0)
(-0.0167628 -0.00704034 0)
(-0.0196508 -0.00432694 0)
(-0.0217914 -0.00265597 0)
(-0.0234234 -0.00193455 0)
(-0.0247764 -0.00191078 0)
(-0.0260202 -0.00229681 0)
(-0.0272408 -0.0027974 0)
(-0.0284225 -0.00309191 0)
(-0.0294273 -0.00280876 0)
(-0.0299709 -0.00151851 0)
(-0.0295855 0.00124156 0)
(-0.0276623 0.00585958 0)
(-0.0236538 0.0122287 0)
(-0.0173446 0.0191565 0)
(-0.00946866 0.0231716 0)
(-0.00161702 0.0162645 0)
(-0.00112581 -0.00252323 0)
(-0.00503249 -0.00361259 0)
(-0.00943308 -0.00298725 0)
(-0.0131107 -0.00187452 0)
(-0.0155833 -0.00088621 0)
(-0.0170182 -0.000227668 0)
(-0.0177805 9.77544e-05 0)
(-0.0182181 0.000161841 0)
(-0.0185955 4.69418e-05 0)
(-0.0190861 -0.000176808 0)
(-0.0197782 -0.000451884 0)
(-0.0206729 -0.00072222 0)
(-0.021672 -0.000918769 0)
(-0.0225512 -0.000944825 0)
(-0.0229237 -0.000652308 0)
(-0.0222577 0.000185571 0)
(-0.0198814 0.00172084 0)
(-0.0153065 0.00381085 0)
(-0.00893574 0.00557253 0)
(-0.00214434 0.00465001 0)
)
;

boundaryField
{
    leftWall
    {
        type            fixedValue;
        value           uniform (0 0 0);
    }
    rightWall
    {
        type            fixedValue;
        value           uniform (0 0 0);
    }
    topWall
    {
        type            fixedValue;
        value           uniform (0 0 0);
    }
    bottomWall
    {
        type            fixedValue;
        value           uniform (0 0 0);
    }
    frontAndBackPlanes
    {
        type            empty;
    }
}


// ************************************************************************* //
