/*--------------------------------*- C++ -*----------------------------------*\
| =========                 |                                                 |
| \\      /  F ield         | OpenFOAM: The Open Source CFD Toolbox           |
|  \\    /   O peration     | Version:  2506                                  |
|   \\  /    A nd           | Website:  www.openfoam.com                      |
|    \\/     M anipulation  |                                                 |
\*---------------------------------------------------------------------------*/
FoamFile
{
    version     2.0;
    format      ascii;
    arch        "LSB;label=32;scalar=64";
    class       volVectorField;
    location    "77.8";
    object      U;
}
// * * * * * * * * * * * * * * * * * * * * * * * * * * * * * * * * * * * * * //

dimensions      [0 1 -1 0 0 0 0];

internalField   nonuniform List<vector> 
200
(
(0.000156824 -0.000670085 0)
(0.00127676 -0.00091755 0)
(0.0026764 -0.000740106 0)
(0.00392607 -0.000483547 0)
(0.00482683 -0.00027161 0)
(0.0054432 -0.000143746 0)
(0.00588439 -0.000101755 0)
(0.0062603 -0.000130732 0)
(0.0066638 -0.00021403 0)
(0.00716762 -0.000340697 0)
(0.00782775 -0.000507081 0)
(0.0086872 -0.000713762 0)
(0.0097731 -0.00095687 0)
(0.0110797 -0.00121122 0)
(0.0125229 -0.00140105 0)
(0.013838 -0.0013477 0)
(0.0144203 -0.000681142 0)
(0.0133349 0.00118043 0)
(0.00961174 0.00435699 0)
(0.00291333 0.00616894 0)
(0.00033799 -0.00291548 0)
(0.00231793 -0.00488424 0)
(0.0046518 -0.0047712 0)
(0.00681249 -0.0038406 0)
(0.00852534 -0.00280535 0)
(0.00979689 -0.00201026 0)
(0.0107467 -0.00156467 0)
(0.0115133 -0.00145513 0)
(0.0122153 -0.00162078 0)
(0.0129398 -0.0019943 0)
(0.0137401 -0.00251529 0)
(0.0146336 -0.00311989 0)
(0.0155921 -0.00370594 0)
(0.0165153 -0.00407049 0)
(0.0171861 -0.00381917 0)
(0.0172151 -0.00226309 0)
(0.0159831 0.00160585 0)
(0.0127677 0.0085713 0)
(0.00749068 0.0171321 0)
(0.00129258 0.0177237 0)
(0.000388624 -0.00563775 0)
(0.00258103 -0.00968215 0)
(0.00505434 -0.00969788 0)
(0.00731425 -0.00803035 0)
(0.00909428 -0.00606687 0)
(0.0104068 -0.00447031 0)
(0.0113691 -0.00345773 0)
(0.0121068 -0.0030137 0)
(0.012719 -0.00302648 0)
(0.0132702 -0.00336089 0)
(0.0137914 -0.00388215 0)
(0.0142793 -0.00443862 0)
(0.0146872 -0.00480605 0)
(0.0149036 -0.00459754 0)
(0.014721 -0.00316003 0)
(0.0137996 0.000471574 0)
(0.0117677 0.0072952 0)
(0.00844473 0.0174133 0)
(0.00425791 0.0274358 0)
(0.000514919 0.0240481 0)
(0.000388651 -0.00848093 0)
(0.00247926 -0.0144524 0)
(0.00468488 -0.014378 0)
(0.00658275 -0.0118482 0)
(0.00798294 -0.00891929 0)
(0.00894578 -0.00652961 0)
(0.0096011 -0.00495788 0)
(0.0100611 -0.00415466 0)
(0.0103995 -0.00394447 0)
(0.0106561 -0.00412858 0)
(0.0108469 -0.00451435 0)
(0.0109667 -0.00488656 0)
(0.0109825 -0.0049297 0)
(0.0108138 -0.0041187 0)
(0.01031 -0.00162882 0)
(0.00923129 0.00360512 0)
(0.00741455 0.0123763 0)
(0.00485555 0.0241438 0)
(0.00204792 0.0340659 0)
(0.000125987 0.0271193 0)
(0.000364689 -0.0111163 0)
(0.00212278 -0.0185372 0)
(0.00375025 -0.0180557 0)
(0.00497257 -0.0145696 0)
(0.00573287 -0.0107449 0)
(0.00615574 -0.00770315 0)
(0.00637784 -0.00570901 0)
(0.00648745 -0.00463805 0)
(0.00652712 -0.00424427 0)
(0.00651396 -0.00428283 0)
(0.00645491 -0.00453241 0)
(0.00634959 -0.00474545 0)
(0.00618052 -0.0045459 0)
(0.0058952 -0.00330624 0)
(0.00538565 -8.25886e-05 0)
(0.00451507 0.00619289 0)
(0.00324153 0.0160932 0)
(0.00168563 0.0284737 0)
(0.000271916 0.0375722 0)
(-0.000158028 0.0280679 0)
(0.000304316 -0.0132825 0)
(0.00145152 -0.0214013 0)
(0.00216646 -0.0201614 0)
(0.00242472 -0.0157365 0)
(0.00235582 -0.0112359 0)
(0.0021353 -0.00781296 0)
(0.00187516 -0.00562941 0)
(0.00161754 -0.00445912 0)
(0.00136763 -0.0039991 0)
(0.00112241 -0.00398618 0)
(0.000880804 -0.0041935 0)
(0.000638092 -0.0043531 0)
(0.00037487 -0.0040375 0)
(5.20646e-05 -0.00254293 0)
(-0.000392889 0.00112707 0)
(-0.000943912 0.00793625 0)
(-0.00147828 0.0181678 0)
(-0.00174683 0.0301816 0)
(-0.00145947 0.0379554 0)
(-0.000367009 0.0271643 0)
(0.000177982 -0.0145445 0)
(0.000272791 -0.0222741 0)
(-0.000367053 -0.0199892 0)
(-0.00137483 -0.0148505 0)
(-0.00242196 -0.0101028 0)
(-0.00334898 -0.00671262 0)
(-0.00411753 -0.00465345 0)
(-0.00475105 -0.00360247 0)
(-0.00528609 -0.00323439 0)
(-0.00575063 -0.00329319 0)
(-0.00616418 -0.00355202 0)
(-0.00654598 -0.00372235 0)
(-0.00691615 -0.0033513 0)
(-0.0072754 -0.00175407 0)
(-0.00756104 0.00193509 0)
(-0.00757206 0.00846047 0)
(-0.00702197 0.0178861 0)
(-0.00562995 0.0285026 0)
(-0.00339781 0.0347912 0)
(-0.000634513 0.0242477 0)
(-0.000110678 -0.0141198 0)
(-0.00173569 -0.0199902 0)
(-0.00416586 -0.0166761 0)
(-0.00660427 -0.0114869 0)
(-0.00862692 -0.00719738 0)
(-0.0101708 -0.00437547 0)
(-0.0113253 -0.00280205 0)
(-0.0122085 -0.00210814 0)
(-0.01292 -0.00198759 0)
(-0.0135316 -0.00221424 0)
(-0.0140908 -0.00258242 0)
(-0.0146208 -0.0028282 0)
(-0.0151046 -0.00256014 0)
(-0.0154508 -0.00123172 0)
(-0.0154366 0.00179669 0)
(-0.0147078 0.00705524 0)
(-0.01287 0.014546 0)
(-0.00967333 0.0228697 0)
(-0.00542215 0.0276701 0)
(-0.000929545 0.0191768 0)
(-0.000697106 -0.0108911 0)
(-0.00462356 -0.0135679 0)
(-0.00882124 -0.00994844 0)
(-0.0122613 -0.00585015 0)
(-0.0146276 -0.00294894 0)
(-0.0161375 -0.00130898 0)
(-0.0171006 -0.000580789 0)
(-0.0177678 -0.000426983 0)
(-0.0183124 -0.000613464 0)
(-0.0188427 -0.000986727 0)
(-0.0194165 -0.0014203 0)
(-0.0200416 -0.00175762 0)
(-0.0206521 -0.0017693 0)
(-0.0210758 -0.00113655 0)
(-0.0209933 0.000528974 0)
(-0.0199074 0.00360817 0)
(-0.0173031 0.00818279 0)
(-0.0128871 0.0134635 0)
(-0.00712205 0.0168026 0)
(-0.00121944 0.0120185 0)
(-0.00172124 -0.00369091 0)
(-0.00630301 -0.00354357 0)
(-0.00991901 -0.00192928 0)
(-0.0121281 -0.000668377 0)
(-0.0131649 4.11815e-06 0)
(-0.0135347 0.000269192 0)
(-0.0136169 0.000307808 0)
(-0.0136286 0.000231161 0)
(-0.0136871 9.88992e-05 0)
(-0.0138626 -6.03048e-05 0)
(-0.0141947 -0.000233092 0)
(-0.0146857 -0.000403344 0)
(-0.0152854 -0.000537849 0)
(-0.015861 -0.000575735 0)
(-0.0161569 -0.000414424 0)
(-0.0157946 0.000108218 0)
(-0.0142568 0.00113818 0)
(-0.0111048 0.0026274 0)
(-0.00655012 0.00396546 0)
(-0.00157669 0.00339201 0)
)
;

boundaryField
{
    leftWall
    {
        type            fixedValue;
        value           uniform (0 0 0);
    }
    rightWall
    {
        type            fixedValue;
        value           uniform (0 0 0);
    }
    topWall
    {
        type            fixedValue;
        value           uniform (0 0 0);
    }
    bottomWall
    {
        type            fixedValue;
        value           uniform (0 0 0);
    }
    frontAndBackPlanes
    {
        type            empty;
    }
}


// ************************************************************************* //
