/*--------------------------------*- C++ -*----------------------------------*\
| =========                 |                                                 |
| \\      /  F ield         | OpenFOAM: The Open Source CFD Toolbox           |
|  \\    /   O peration     | Version:  2506                                  |
|   \\  /    A nd           | Website:  www.openfoam.com                      |
|    \\/     M anipulation  |                                                 |
\*---------------------------------------------------------------------------*/
FoamFile
{
    version     2.0;
    format      ascii;
    arch        "LSB;label=32;scalar=64";
    class       surfaceScalarField;
    location    "82.2";
    object      phi;
}
// * * * * * * * * * * * * * * * * * * * * * * * * * * * * * * * * * * * * * //

dimensions      [1 0 -1 0 0 0 0];

oriented        oriented;

internalField   nonuniform List<scalar> 
370
(
0.000170162
-0.00022578
0.000528498
-0.000358254
0.000864181
-0.000335563
0.00112194
-0.000257616
0.00129937
-0.00017727
0.00141826
-0.000118714
0.00150678
-8.8331e-05
0.00159067
-8.37e-05
0.00169041
-9.95528e-05
0.00182142
-0.000130802
0.00199515
-0.000173531
0.0022195
-0.000224136
0.00249652
-0.000276797
0.00281548
-0.000318733
0.00313838
-0.000322674
0.00337411
-0.000235499
0.00333363
4.07235e-05
0.0027978
0.000536058
0.00153735
0.00126066
0.00153747
0.000318162
-0.000543898
0.000880908
-0.000920878
0.00144886
-0.000903342
0.00191953
-0.000728079
0.00227386
-0.00053139
0.00253199
-0.000376612
0.00272698
-0.00028309
0.00289118
-0.000247671
0.00305024
-0.000258374
0.00322136
-0.000301688
0.00341307
-0.000364996
0.00362412
-0.000434941
0.00383957
-0.000491993
0.00402235
-0.000501254
0.00410043
-0.000400487
0.0039566
-9.14035e-05
0.00344823
0.000549361
0.00241412
0.00157044
0.000986363
0.00268865
0.00252395
0.000350858
-0.000894695
0.000943437
-0.00151329
0.00153144
-0.00149111
0.00201563
-0.001212
0.00237976
-0.000895232
0.00264407
-0.000640625
0.00283876
-0.000477479
0.00299127
-0.000399883
0.00312155
-0.000388362
0.00324119
-0.000421032
0.00335353
-0.000477039
0.00345272
-0.000533836
0.00352021
-0.000559177
0.00351843
-0.000499169
0.00338496
-0.000266704
0.00303512
0.000258757
0.00240145
0.00118334
0.00148962
0.00248256
0.000514608
0.00366391
0.00303867
0.000335047
-0.00122967
0.000870407
-0.00204845
0.0013703
-0.00199072
0.00175649
-0.00159787
0.00202871
-0.0011671
0.00221383
-0.000825402
0.00234076
-0.000604056
0.00243105
-0.000489835
0.00249777
-0.000454736
0.00254718
-0.0004701
0.00258037
-0.00050989
0.00259286
-0.000545986
0.0025714
-0.000537367
0.00248874
-0.000416162
0.00230124
-7.88594e-05
0.00195998
0.000600375
0.00144204
0.00170161
0.000798639
0.00312628
0.000218115
0.00424469
0.0032569
0.000289295
-0.00151888
0.000702021
-0.00246095
0.00103938
-0.00232775
0.00126099
-0.00181912
0.0013898
-0.00129553
0.00145984
-0.000895056
0.00149643
-0.000640275
0.00151337
-0.00050641
0.00151653
-0.000457528
0.00150806
-0.000461274
0.00148853
-0.000489995
0.00145592
-0.000513015
0.00140224
-0.000483311
0.00130931
-0.000322865
0.00114837
8.2467e-05
0.000897019
0.000852104
0.000561592
0.00203741
0.000214804
0.00347341
-1.549e-06
0.00446131
0.00325546
0.000206756
-0.00172554
0.000422946
-0.00267688
0.000524727
-0.00242919
0.000529588
-0.0018236
0.000484627
-0.00125018
0.000424151
-0.000834195
0.000363413
-0.000579159
0.000305576
-0.000448201
0.000249605
-0.00040119
0.000194587
-0.00040589
0.00013996
-0.000435001
8.31143e-05
-0.0004558
1.69012e-05
-0.000416723
-6.94208e-05
-0.000236161
-0.000182587
0.000196028
-0.000309795
0.000979709
-0.000408688
0.00213668
-0.000403065
0.00346813
-0.000232275
0.00429078
0.00302329
5.65772e-05
-0.00178202
-3.07317e-05
-0.0025893
-0.000245644
-0.00221391
-0.000503273
-0.00156558
-0.000743288
-0.00100978
-0.000943818
-0.000633289
-0.00110638
-0.000416233
-0.00124021
-0.000314008
-0.00135383
-0.000287212
-0.00145295
-0.000306409
-0.0015418
-0.000345788
-0.00162455
-0.000372689
-0.00170369
-0.000337217
-0.00177318
-0.000166295
-0.00180457
0.000227803
-0.00174476
0.000920277
-0.00152317
0.00191546
-0.0010835
0.00302879
-0.000469931
0.00367745
0.00255346
-0.000205337
-0.00157656
-0.000725295
-0.00206905
-0.00132846
-0.00161038
-0.00186447
-0.0010292
-0.00228546
-0.000588411
-0.00259959
-0.000318798
-0.00283361
-0.000181859
-0.0030146
-0.000132667
-0.00316349
-0.000137982
-0.0032943
-0.000175256
-0.00341519
-0.000224568
-0.00352659
-0.000260952
-0.00361566
-0.000247814
-0.00364746
-0.00013416
-0.003559
0.000139684
-0.00326503
0.000626639
-0.0026829
0.00133365
-0.00178615
0.00213232
-0.000719765
0.00261128
0.00183378
-0.000608089
-0.000968343
-0.00163717
-0.00103967
-0.0025689
-0.000678285
-0.00324652
-0.000351197
-0.00369089
-0.000143683
-0.00397035
-3.89919e-05
-0.0041496
-2.27144e-06
-0.00428117
-7.83118e-07
-0.00439878
-2.00574e-05
-0.00452016
-5.3583e-05
-0.00465299
-9.14521e-05
-0.00479048
-0.000123174
-0.00490431
-0.000133706
-0.00493679
-0.000101408
-0.00480318
6.3307e-06
-0.00438254
0.000206265
-0.00357388
0.000525238
-0.00235454
0.000913202
-0.000930104
0.00118702
0.000903744
-0.000968201
-0.00200757
-0.00268549
-0.00303632
-0.00317965
-0.00321831
-0.00322026
-0.00322075
-0.00324053
-0.00329384
-0.00338505
-0.00350799
-0.00364147
-0.00374267
-0.00373615
-0.0035297
-0.00300428
-0.00209093
-0.000903794
)
;

boundaryField
{
    leftWall
    {
        type            calculated;
        value           nonuniform List<scalar> 10(0 0 0 0 0 0 0 4.33681e-19 0 0);
    }
    rightWall
    {
        type            calculated;
        value           nonuniform List<scalar> 10(-1.0842e-19 0 0 0 0 0 0 0 0 0);
    }
    topWall
    {
        type            calculated;
        value           uniform 0;
    }
    bottomWall
    {
        type            calculated;
        value           uniform 0;
    }
    frontAndBackPlanes
    {
        type            empty;
    }
}


// ************************************************************************* //
