/*--------------------------------*- C++ -*----------------------------------*\
| =========                 |                                                 |
| \\      /  F ield         | OpenFOAM: The Open Source CFD Toolbox           |
|  \\    /   O peration     | Version:  2506                                  |
|   \\  /    A nd           | Website:  www.openfoam.com                      |
|    \\/     M anipulation  |                                                 |
\*---------------------------------------------------------------------------*/
FoamFile
{
    version     2.0;
    format      ascii;
    arch        "LSB;label=32;scalar=64";
    class       volVectorField;
    location    "141.8";
    object      U;
}
// * * * * * * * * * * * * * * * * * * * * * * * * * * * * * * * * * * * * * //

dimensions      [0 1 -1 0 0 0 0];

internalField   nonuniform List<vector> 
200
(
(0.00059481 -0.001417 0)
(0.00286049 -0.00178727 0)
(0.00520665 -0.00130017 0)
(0.00703507 -0.000681759 0)
(0.00812625 -0.000209448 0)
(0.00863685 6.08543e-05 0)
(0.00880146 0.000157466 0)
(0.00882552 0.000131055 0)
(0.00885747 2.79372e-05 0)
(0.00899598 -0.000119589 0)
(0.00930288 -0.00029668 0)
(0.00981339 -0.000500038 0)
(0.0105426 -0.000726774 0)
(0.0114753 -0.000956714 0)
(0.0125251 -0.00112168 0)
(0.0134402 -0.00105184 0)
(0.01368 -0.000404568 0)
(0.0123917 0.00130897 0)
(0.00874787 0.00412458 0)
(0.00260545 0.00553968 0)
(0.000594372 -0.00551187 0)
(0.0037534 -0.00842284 0)
(0.00715284 -0.00742358 0)
(0.0100328 -0.00517349 0)
(0.0120427 -0.00300274 0)
(0.013266 -0.00143323 0)
(0.0139414 -0.00055295 0)
(0.0143108 -0.00025563 0)
(0.0145651 -0.000377892 0)
(0.0148302 -0.000767749 0)
(0.015173 -0.00130884 0)
(0.0156119 -0.00190986 0)
(0.0161153 -0.00246641 0)
(0.0165841 -0.00279521 0)
(0.0168171 -0.00254085 0)
(0.0164588 -0.00107494 0)
(0.0149483 0.00248518 0)
(0.0116959 0.00873175 0)
(0.00671842 0.0161259 0)
(0.00112873 0.0159545 0)
(0.000543061 -0.0095499 0)
(0.00343641 -0.0151032 0)
(0.00648303 -0.0138094 0)
(0.00907297 -0.0101372 0)
(0.010919 -0.00641724 0)
(0.0120993 -0.00359597 0)
(0.0128116 -0.00186974 0)
(0.0132438 -0.00109028 0)
(0.0135329 -0.000996427 0)
(0.0137613 -0.0013295 0)
(0.0139652 -0.00187107 0)
(0.0141405 -0.00242766 0)
(0.0142383 -0.00277277 0)
(0.0141503 -0.00255546 0)
(0.0136862 -0.00120003 0)
(0.0125477 0.00212026 0)
(0.0104759 0.00820224 0)
(0.007343 0.0170497 0)
(0.00358549 0.0254255 0)
(0.000400529 0.0214385 0)
(0.000462478 -0.0130652 0)
(0.00277798 -0.0206427 0)
(0.00502142 -0.0188763 0)
(0.00679502 -0.0139231 0)
(0.00796877 -0.00894692 0)
(0.00867501 -0.00518468 0)
(0.00909235 -0.00285293 0)
(0.0093521 -0.00172199 0)
(0.00952636 -0.00143226 0)
(0.00964507 -0.00164174 0)
(0.00971321 -0.00206611 0)
(0.00971728 -0.00244748 0)
(0.00961904 -0.0024746 0)
(0.00933964 -0.00167929 0)
(0.00873475 0.000637885 0)
(0.00765373 0.00530409 0)
(0.00597502 0.0129554 0)
(0.00375042 0.0230013 0)
(0.00144464 0.0309879 0)
(3.72203e-05 0.0238018 0)
(0.000369525 -0.0158156 0)
(0.00195925 -0.0245086 0)
(0.00319656 -0.0219938 0)
(0.00395732 -0.015935 0)
(0.00430699 -0.0100995 0)
(0.00443275 -0.00582861 0)
(0.00448037 -0.00324094 0)
(0.00451388 -0.00198112 0)
(0.00454195 -0.00160264 0)
(0.00455291 -0.00172192 0)
(0.00453437 -0.00203709 0)
(0.00447428 -0.00226774 0)
(0.00434891 -0.00205277 0)
(0.00410703 -0.000846011 0)
(0.00365345 0.0021166 0)
(0.00291968 0.00762183 0)
(0.0018905 0.016093 0)
(0.00073088 0.0264162 0)
(-0.000160429 0.0334499 0)
(-0.000182796 0.0241599 0)
(0.000262242 -0.0176723 0)
(0.000962155 -0.026431 0)
(0.00101959 -0.0229352 0)
(0.000669639 -0.0160598 0)
(0.000176831 -0.0098464 0)
(-0.000259949 -0.00551851 0)
(-0.000571972 -0.00301504 0)
(-0.000781461 -0.0018401 0)
(-0.000926953 -0.00149998 0)
(-0.00104075 -0.00161688 0)
(-0.00114163 -0.00190433 0)
(-0.00124308 -0.00207632 0)
(-0.00136554 -0.00173644 0)
(-0.00154009 -0.000292797 0)
(-0.00179747 0.00302186 0)
(-0.00210155 0.00888913 0)
(-0.00233411 0.0174548 0)
(-0.00225621 0.0272268 0)
(-0.00163416 0.0330164 0)
(-0.000363193 0.0229058 0)
(0.000120214 -0.0183247 0)
(-0.000385321 -0.0259677 0)
(-0.00175907 -0.0213639 0)
(-0.00330681 -0.0141649 0)
(-0.00463834 -0.00820003 0)
(-0.00562729 -0.00430245 0)
(-0.00631209 -0.00217055 0)
(-0.00678326 -0.00124918 0)
(-0.00711814 -0.00106511 0)
(-0.00736865 -0.00127603 0)
(-0.00756687 -0.00161791 0)
(-0.007734 -0.0018064 0)
(-0.00788167 -0.00144489 0)
(-0.00799591 2.2945e-05 0)
(-0.00799586 0.00325729 0)
(-0.00771714 0.00878436 0)
(-0.00692603 0.0165603 0)
(-0.00539595 0.0250558 0)
(-0.00316307 0.0296097 0)
(-0.00056814 0.0200624 0)
(-0.000222046 -0.0171415 0)
(-0.00249008 -0.0223278 0)
(-0.00550281 -0.0169087 0)
(-0.0082631 -0.0101801 0)
(-0.0103302 -0.00516009 0)
(-0.0117238 -0.00216456 0)
(-0.0126225 -0.000709218 0)
(-0.0132032 -0.00023941 0)
(-0.0135953 -0.000340751 0)
(-0.0138931 -0.000726224 0)
(-0.014148 -0.00117521 0)
(-0.0143783 -0.00144876 0)
(-0.0145586 -0.00122272 0)
(-0.0145936 -6.62004e-05 0)
(-0.0142825 0.00251027 0)
(-0.0133566 0.00690059 0)
(-0.0114913 0.0130186 0)
(-0.00850207 0.0196166 0)
(-0.00468454 0.0230671 0)
(-0.000781975 0.0155764 0)
(-0.000878326 -0.0129972 0)
(-0.00551602 -0.0146786 0)
(-0.0100786 -0.00946366 0)
(-0.0134788 -0.00444763 0)
(-0.0155111 -0.0012755 0)
(-0.01656 0.000268265 0)
(-0.0170536 0.000761859 0)
(-0.0172824 0.000675113 0)
(-0.0174306 0.000300949 0)
(-0.0175973 -0.000192152 0)
(-0.0178301 -0.000680846 0)
(-0.0181262 -0.00103276 0)
(-0.0184147 -0.00106694 0)
(-0.0185384 -0.000536654 0)
(-0.0182194 0.000857993 0)
(-0.0170669 0.00340804 0)
(-0.0146634 0.00711795 0)
(-0.0107933 0.0112809 0)
(-0.00588238 0.0137188 0)
(-0.000985866 0.00957415 0)
(-0.00209044 -0.00445584 0)
(-0.00734084 -0.00379013 0)
(-0.0109878 -0.00166106 0)
(-0.0128126 -0.00019948 0)
(-0.0133216 0.000465978 0)
(-0.0131723 0.000632293 0)
(-0.0127945 0.000564939 0)
(-0.0124313 0.000409662 0)
(-0.0121971 0.000230331 0)
(-0.0121367 4.70462e-05 0)
(-0.0122606 -0.000130789 0)
(-0.0125466 -0.00028976 0)
(-0.0129357 -0.000404904 0)
(-0.0133045 -0.000429796 0)
(-0.013439 -0.000285162 0)
(-0.0130213 0.000152979 0)
(-0.0116369 0.000981055 0)
(-0.00896129 0.00214214 0)
(-0.00521051 0.00314562 0)
(-0.00122764 0.0026346 0)
)
;

boundaryField
{
    leftWall
    {
        type            fixedValue;
        value           uniform (0 0 0);
    }
    rightWall
    {
        type            fixedValue;
        value           uniform (0 0 0);
    }
    topWall
    {
        type            fixedValue;
        value           uniform (0 0 0);
    }
    bottomWall
    {
        type            fixedValue;
        value           uniform (0 0 0);
    }
    frontAndBackPlanes
    {
        type            empty;
    }
}


// ************************************************************************* //
