/*--------------------------------*- C++ -*----------------------------------*\
| =========                 |                                                 |
| \\      /  F ield         | OpenFOAM: The Open Source CFD Toolbox           |
|  \\    /   O peration     | Version:  2506                                  |
|   \\  /    A nd           | Website:  www.openfoam.com                      |
|    \\/     M anipulation  |                                                 |
\*---------------------------------------------------------------------------*/
FoamFile
{
    version     2.0;
    format      ascii;
    arch        "LSB;label=32;scalar=64";
    class       volVectorField;
    location    "137.2";
    object      U;
}
// * * * * * * * * * * * * * * * * * * * * * * * * * * * * * * * * * * * * * //

dimensions      [0 1 -1 0 0 0 0];

internalField   nonuniform List<vector> 
200
(
(0.000573069 -0.00137914 0)
(0.00278131 -0.00174284 0)
(0.00507895 -0.00127066 0)
(0.00687643 -0.000669861 0)
(0.00795522 -0.000210379 0)
(0.00846778 5.2637e-05 0)
(0.00864283 0.000146034 0)
(0.00868129 0.000118923 0)
(0.00872936 1.64211e-05 0)
(0.00888467 -0.000130399 0)
(0.00920842 -0.00030727 0)
(0.00973608 -0.00051107 0)
(0.0104833 -0.000738937 0)
(0.0114356 -0.000970617 0)
(0.0125071 -0.00113776 0)
(0.013446 -0.00107018 0)
(0.0137082 -0.000422976 0)
(0.0124357 0.00129838 0)
(0.00879189 0.00413484 0)
(0.00262188 0.00557351 0)
(0.000581844 -0.00538202 0)
(0.00368326 -0.00824486 0)
(0.00702999 -0.00728672 0)
(0.0098731 -0.00509895 0)
(0.0118658 -0.00298244 0)
(0.0130882 -0.00145084 0)
(0.0137736 -0.000593063 0)
(0.0141595 -0.000306889 0)
(0.0144332 -0.000433387 0)
(0.0147185 -0.000824483 0)
(0.0150818 -0.00136643 0)
(0.0155417 -0.00196937 0)
(0.0160667 -0.0025294 0)
(0.0165579 -0.00286287 0)
(0.0168136 -0.0026129 0)
(0.0164776 -0.00114787 0)
(0.0149849 0.00242414 0)
(0.0117396 0.00870734 0)
(0.00675223 0.0161671 0)
(0.0011361 0.0160442 0)
(0.000535794 -0.00935694 0)
(0.00339646 -0.0148347 0)
(0.0064162 -0.0136015 0)
(0.00899026 -0.0100232 0)
(0.0108323 -0.00638594 0)
(0.0120176 -0.00362323 0)
(0.0127402 -0.00193241 0)
(0.0131852 -0.00117122 0)
(0.0134879 -0.00108514 0)
(0.01373 -0.00142091 0)
(0.0139476 -0.00196398 0)
(0.0141363 -0.0025231 0)
(0.0142477 -0.00287249 0)
(0.0141736 -0.00266021 0)
(0.013723 -0.00130721 0)
(0.0125951 0.00202152 0)
(0.0105268 0.00813372 0)
(0.00738758 0.0170428 0)
(0.00361297 0.0255074 0)
(0.000405079 0.0215632 0)
(0.000459369 -0.0128422 0)
(0.00276631 -0.0203406 0)
(0.00500977 -0.0186525 0)
(0.00679047 -0.013812 0)
(0.00797547 -0.00893095 0)
(0.00869373 -0.00523308 0)
(0.00912171 -0.00293819 0)
(0.00939009 -0.00182475 0)
(0.00957116 -0.00154126 0)
(0.00969538 -0.00175204 0)
(0.00976822 -0.00217699 0)
(0.0097766 -0.00256058 0)
(0.00968253 -0.00259203 0)
(0.00940708 -0.00180128 0)
(0.00880611 0.000516695 0)
(0.00772366 0.00520213 0)
(0.00603804 0.0129 0)
(0.00379816 0.0230271 0)
(0.0014701 0.0311149 0)
(4.08287e-05 0.0239552 0)
(0.000369904 -0.0155908 0)
(0.00197031 -0.0242217 0)
(0.00322806 -0.0218004 0)
(0.00401191 -0.0158598 0)
(0.00438174 -0.0101163 0)
(0.00452173 -0.00590172 0)
(0.00457735 -0.00334253 0)
(0.00461424 -0.00209351 0)
(0.00464273 -0.00171662 0)
(0.00465234 -0.00183429 0)
(0.00463149 -0.00214842 0)
(0.00456863 -0.00238054 0)
(0.00444037 -0.00216947 0)
(0.0041953 -0.000965799 0)
(0.00373704 0.00200277 0)
(0.00299527 0.00753567 0)
(0.00195305 0.0160665 0)
(0.000774065 0.0264851 0)
(-0.000141261 0.033624 0)
(-0.000181567 0.0243377 0)
(0.000265152 -0.0174668 0)
(0.000988618 -0.0261926 0)
(0.00107809 -0.0227991 0)
(0.00075736 -0.0160349 0)
(0.000285037 -0.00989963 0)
(-0.000141545 -0.00561216 0)
(-0.000451014 -0.00312339 0)
(-0.000661697 -0.00195085 0)
(-0.000811067 -0.0016075 0)
(-0.000930384 -0.00172025 0)
(-0.00103764 -0.00200557 0)
(-0.00114586 -0.00217878 0)
(-0.00127537 -0.00184257 0)
(-0.00145738 -0.000400269 0)
(-0.00172438 0.00292551 0)
(-0.00204151 0.00882892 0)
(-0.00229044 0.0174654 0)
(-0.00223105 0.0273403 0)
(-0.001626 0.0332288 0)
(-0.000363396 0.0230982 0)
(0.000126096 -0.0181503 0)
(-0.000349873 -0.0257962 0)
(-0.00169165 -0.0212949 0)
(-0.00321383 -0.0141867 0)
(-0.00453169 -0.00827621 0)
(-0.00551695 -0.00440273 0)
(-0.00620405 -0.00227637 0)
(-0.00668071 -0.00135136 0)
(-0.00702327 -0.00115994 0)
(-0.0072827 -0.00136447 0)
(-0.00749034 -0.00170303 0)
(-0.00766728 -0.00189151 0)
(-0.00782544 -0.00153111 0)
(-0.00795092 -6.00386e-05 0)
(-0.00796438 0.00319045 0)
(-0.00770082 0.00875755 0)
(-0.00692365 0.0166048 0)
(-0.00540318 0.0251975 0)
(-0.00317288 0.0298365 0)
(-0.000571161 0.0202517 0)
(-0.000216252 -0.0170037 0)
(-0.00245376 -0.0222209 0)
(-0.00543952 -0.0168934 0)
(-0.00818419 -0.0102318 0)
(-0.010248 -0.00524471 0)
(-0.0116469 -0.00225882 0)
(-0.0125554 -0.000800303 0)
(-0.0131482 -0.000322231 0)
(-0.0135543 -0.000413937 0)
(-0.0138656 -0.00079212 0)
(-0.0141334 -0.00123739 0)
(-0.0143766 -0.00150994 0)
(-0.0145702 -0.00128287 0)
(-0.0146204 -0.000120326 0)
(-0.0143245 0.00247356 0)
(-0.0134092 0.00690002 0)
(-0.0115478 0.0130783 0)
(-0.00855208 0.0197556 0)
(-0.00471719 0.0232715 0)
(-0.000788676 0.0157397 0)
(-0.000869947 -0.0129029 0)
(-0.00547497 -0.0146287 0)
(-0.0100204 -0.00948283 0)
(-0.0134212 -0.00450659 0)
(-0.0154674 -0.00134694 0)
(-0.0165357 0.000200127 0)
(-0.0170498 0.000702929 0)
(-0.0172986 0.000625757 0)
(-0.0174638 0.000259059 0)
(-0.0176461 -0.00022878 0)
(-0.0178937 -0.000714692 0)
(-0.0182041 -0.00106575 0)
(-0.018507 -0.00109917 0)
(-0.0186445 -0.000565072 0)
(-0.018337 0.000840856 0)
(-0.0171891 0.00341367 0)
(-0.0147788 0.00716205 0)
(-0.0108863 0.0113763 0)
(-0.00593823 0.0138572 0)
(-0.000996494 0.00968546 0)
(-0.00207398 -0.00442194 0)
(-0.0072947 -0.00377941 0)
(-0.0109399 -0.00167267 0)
(-0.0127808 -0.000219877 0)
(-0.0133116 0.000445661 0)
(-0.0131845 0.000616291 0)
(-0.0128273 0.000553113 0)
(-0.0124807 0.000401044 0)
(-0.0122597 0.000223541 0)
(-0.0122105 4.13298e-05 0)
(-0.0123441 -0.000135993 0)
(-0.0126397 -0.000295133 0)
(-0.0130384 -0.000410893 0)
(-0.0134167 -0.00043623 0)
(-0.013559 -0.000290833 0)
(-0.0131446 0.000150909 0)
(-0.0117542 0.000987836 0)
(-0.00905809 0.00216369 0)
(-0.00527147 0.00318261 0)
(-0.00124361 0.00266914 0)
)
;

boundaryField
{
    leftWall
    {
        type            fixedValue;
        value           uniform (0 0 0);
    }
    rightWall
    {
        type            fixedValue;
        value           uniform (0 0 0);
    }
    topWall
    {
        type            fixedValue;
        value           uniform (0 0 0);
    }
    bottomWall
    {
        type            fixedValue;
        value           uniform (0 0 0);
    }
    frontAndBackPlanes
    {
        type            empty;
    }
}


// ************************************************************************* //
