/*--------------------------------*- C++ -*----------------------------------*\
| =========                 |                                                 |
| \\      /  F ield         | OpenFOAM: The Open Source CFD Toolbox           |
|  \\    /   O peration     | Version:  2506                                  |
|   \\  /    A nd           | Website:  www.openfoam.com                      |
|    \\/     M anipulation  |                                                 |
\*---------------------------------------------------------------------------*/
FoamFile
{
    version     2.0;
    format      ascii;
    arch        "LSB;label=32;scalar=64";
    class       surfaceScalarField;
    location    "10.2";
    object      phi;
}
// * * * * * * * * * * * * * * * * * * * * * * * * * * * * * * * * * * * * * //

dimensions      [1 0 -1 0 0 0 0];

oriented        oriented;

internalField   nonuniform List<scalar> 
370
(
-9.03439e-05
-2.99679e-05
-3.34221e-05
-5.69309e-05
4.89635e-05
-8.24012e-05
0.000160701
-0.000111759
0.000300078
-0.000139401
0.000466325
-0.000166274
0.000660696
-0.000194398
0.000886016
-0.000225348
0.00114599
-0.000259999
0.00144425
-0.000298294
0.00178303
-0.000338811
0.00216104
-0.00037804
0.00257018
-0.000409167
0.00298945
-0.000419283
0.00337351
-0.000384045
0.00363157
-0.000257977
0.00358202
4.9769e-05
0.00300868
0.000573738
0.00166927
0.00133997
0.00166966
2.69019e-06
-3.26521e-05
6.51417e-05
-0.000119371
0.000190452
-0.000207705
0.000370398
-0.000291707
0.000599632
-0.000368644
0.000874461
-0.000441115
0.00119312
-0.000513069
0.0015551
-0.000587353
0.00195962
-0.000664532
0.00240331
-0.000741999
0.00287727
-0.000812794
0.00336303
-0.000863816
0.00382691
-0.000873061
0.00421278
-0.000805151
0.00443312
-0.000604359
0.00436168
-0.000186464
0.00385075
0.000560865
0.00273085
0.00169395
0.00113644
0.00293479
0.00280636
1.70615e-05
-4.96972e-05
8.68505e-05
-0.000189126
0.000215327
-0.000336151
0.000397278
-0.000473642
0.000626753
-0.000598114
0.000899203
-0.000713568
0.00121156
-0.000825429
0.00156117
-0.00093698
0.00194405
-0.00104742
0.00235235
-0.00115031
0.0027713
-0.00123175
0.00317531
-0.00126784
0.00352361
-0.00122137
0.00375597
-0.0010375
0.0037904
-0.000638746
0.00352838
7.56684e-05
0.00288473
0.00120476
0.00185778
0.0027213
0.000683025
0.00411002
0.00348968
1.01959e-05
-5.98667e-05
6.06514e-05
-0.000239526
0.000156762
-0.000432211
0.000295628
-0.000612478
0.000472456
-0.000774929
0.000683365
-0.000924475
0.000925814
-0.00106788
0.00119767
-0.00120884
0.00149551
-0.00134526
0.00181226
-0.00146707
0.00213432
-0.00155381
0.00243812
-0.00157164
0.00268696
-0.00147021
0.00282927
-0.00117977
0.00280083
-0.000610232
0.00253546
0.000341232
0.00199331
0.0017473
0.00121295
0.00350229
0.000405549
0.00491815
0.00389567
-5.27396e-06
-5.45568e-05
7.20846e-06
-0.000251933
4.74046e-05
-0.00047234
0.000115768
-0.0006808
0.000209555
-0.000868696
0.000326688
-0.0010416
0.000466765
-0.00120796
0.00063046
-0.00137254
0.00081805
-0.00153285
0.00102731
-0.00167633
0.00125047
-0.00177698
0.00147069
-0.00179185
0.00165911
-0.00165861
0.00177411
-0.00129471
0.00176557
-0.000601554
0.00158709
0.00052003
0.00121867
0.00211637
0.000706222
0.00401574
0.000211795
0.00541373
0.00410817
-2.49969e-05
-2.95161e-05
-5.94989e-05
-0.000217339
-8.72699e-05
-0.000444486
-0.000105203
-0.000662815
-0.000113967
-0.000859906
-0.000113354
-0.0010422
-0.000100764
-0.00122054
-7.13988e-05
-0.00140189
-1.93625e-05
-0.00158488
6.03394e-05
-0.00175603
0.000168804
-0.00188543
0.000299401
-0.00192242
0.000433783
-0.00179293
0.000540908
-0.0014017
0.000582396
-0.000642765
0.000526725
0.000576255
0.000371351
0.00227278
0.000167837
0.00422082
1.83999e-05
0.00556493
0.00412761
-4.22729e-05
1.28079e-05
-0.00012041
-0.000139096
-0.00021577
-0.000349029
-0.000324843
-0.000553681
-0.000447545
-0.000737173
-0.000582098
-0.00090763
-0.000723567
-0.00107906
-0.000863732
-0.00126172
-0.000991518
-0.00145708
-0.00109415
-0.00165337
-0.00115949
-0.00182005
-0.00117998
-0.00190182
-0.00115686
-0.00181581
-0.00110135
-0.00145676
-0.00102836
-0.000715013
-0.000940408
0.000489482
-0.000809956
0.00214415
-0.00058537
0.00399869
-0.000260362
0.00524247
0.0038686
-4.45353e-05
5.7401e-05
-0.000141189
-4.23204e-05
-0.000282506
-0.000207601
-0.000468753
-0.000367363
-0.000699968
-0.000505919
-0.000973714
-0.000633859
-0.00128538
-0.000767367
-0.00162782
-0.000919261
-0.00199012
-0.00109474
-0.00235636
-0.00128708
-0.00270505
-0.00147121
-0.00301013
-0.00159639
-0.00324217
-0.00158303
-0.00336713
-0.00133047
-0.00334136
-0.000738792
-0.00310536
0.000256117
-0.00257857
0.00162061
-0.00172696
0.00315068
-0.000691472
0.00421029
0.00317877
-8.61426e-06
6.60826e-05
-6.62765e-05
1.54851e-05
-0.000202114
-7.16313e-05
-0.000418872
-0.000150518
-0.000710995
-0.000213743
-0.00107407
-0.000270754
-0.00150799
-0.000333411
-0.00201598
-0.000411229
-0.0026008
-0.000509865
-0.0032588
-0.000628951
-0.00397276
-0.000756925
-0.00470334
-0.00086501
-0.00538034
-0.000904327
-0.00589542
-0.000812436
-0.00609955
-0.00053048
-0.00584418
5.64897e-06
-0.00491733
0.000698864
-0.00331167
0.00154983
-0.00132351
0.0022261
0.00185719
6.61625e-05
8.18197e-05
1.03531e-05
-0.000140054
-0.000353728
-0.000624435
-0.000957806
-0.00136899
-0.0018788
-0.00250761
-0.00326417
-0.00412818
-0.00503028
-0.00583874
-0.00636351
-0.00635114
-0.00564562
-0.00408994
-0.00185938
)
;

boundaryField
{
    leftWall
    {
        type            calculated;
        value           nonuniform List<scalar> 10(0 0 -3.38813e-21 0 0 0 -2.71051e-20 0 0 0);
    }
    rightWall
    {
        type            calculated;
        value           nonuniform List<scalar> 10(-1.0842e-19 0 4.33681e-19 0 0 0 0 8.67362e-19 -8.67362e-19 0);
    }
    topWall
    {
        type            calculated;
        value           uniform 0;
    }
    bottomWall
    {
        type            calculated;
        value           uniform 0;
    }
    frontAndBackPlanes
    {
        type            empty;
    }
}


// ************************************************************************* //
