/*--------------------------------*- C++ -*----------------------------------*\
| =========                 |                                                 |
| \\      /  F ield         | OpenFOAM: The Open Source CFD Toolbox           |
|  \\    /   O peration     | Version:  2506                                  |
|   \\  /    A nd           | Website:  www.openfoam.com                      |
|    \\/     M anipulation  |                                                 |
\*---------------------------------------------------------------------------*/
FoamFile
{
    version     2.0;
    format      ascii;
    arch        "LSB;label=32;scalar=64";
    class       surfaceScalarField;
    location    "46.6";
    object      phi;
}
// * * * * * * * * * * * * * * * * * * * * * * * * * * * * * * * * * * * * * //

dimensions      [1 0 -1 0 0 0 0];

oriented        oriented;

internalField   nonuniform List<scalar> 
370
(
-9.17105e-08
-8.58466e-05
0.000171793
-0.000171853
0.000382441
-0.000210597
0.000599324
-0.000216821
0.000802982
-0.000203587
0.000988463
-0.000185404
0.00116097
-0.000172423
0.00133134
-0.000170294
0.00151302
-0.000181587
0.00171996
-0.000206853
0.00196498
-0.00024493
0.0022574
-0.00029233
0.00259853
-0.00034103
0.0029737
-0.00037507
0.00333875
-0.000364953
0.00359628
-0.000257429
0.00355133
4.50496e-05
0.00297986
0.00057157
0.00164314
0.00133682
0.0016432
0.000151069
-0.000236889
0.000492072
-0.000512779
0.000909023
-0.000627431
0.00132946
-0.000637109
0.00171915
-0.00059312
0.00206867
-0.000534756
0.00238349
-0.000487073
0.00267649
-0.000463126
0.00296252
-0.000467442
0.00325442
-0.000498561
0.00355943
-0.000549754
0.00387478
-0.000607486
0.00418132
-0.000647379
0.00443424
-0.000627796
0.00455114
-0.000481658
0.00440439
-0.000110495
0.00384277
0.000606852
0.00269766
0.00171687
0.00111112
0.00292353
0.00275442
0.000227302
-0.000464134
0.000673219
-0.000958532
0.00118301
-0.00113698
0.00166901
-0.00112283
0.00209531
-0.00101911
0.00245696
-0.000896089
0.00276413
-0.000793936
0.00303203
-0.000730711
0.00327491
-0.000710006
0.00350258
-0.000725909
0.00371758
-0.000764432
0.00391158
-0.000801157
0.00405994
-0.000795408
0.0041148
-0.000682329
0.00400015
-0.000366694
0.00361724
0.000272703
0.00288698
0.0013374
0.00181626
0.00278786
0.000648234
0.0040918
0.00340279
0.000264257
-0.000728294
0.000746872
-0.00144087
0.00125709
-0.0016468
0.00170387
-0.00156916
0.00206067
-0.00137544
0.00233438
-0.00116934
0.00254433
-0.00100343
0.00271059
-0.000896512
0.00284881
-0.000847778
0.0029685
-0.000845151
0.00307207
-0.000867542
0.00315279
-0.000881404
0.00319069
-0.000832841
0.00314728
-0.00063847
0.00296394
-0.000182925
0.00257324
0.000663807
0.00194107
0.00196994
0.00112371
0.00360559
0.000345207
0.00487063
0.00374816
0.000270559
-0.000998712
0.000716718
-0.00188665
0.0011377
-0.00206724
0.00145685
-0.00188771
0.00166812
-0.00158611
0.00179539
-0.00129603
0.0018678
-0.00107527
0.00190892
-0.000937071
0.00193426
-0.000872567
0.00195228
-0.000862614
0.00196542
-0.0008801
0.00196935
-0.000884743
0.00195015
-0.000813039
0.00188051
-0.000568249
0.00171872
-2.05943e-05
0.00142237
0.000960651
0.000984041
0.00240874
0.000481726
0.00410835
9.37929e-05
0.00525893
0.00384212
0.000231823
-0.00123035
0.000548236
-0.00220258
0.000777869
-0.00229622
0.000883452
-0.0019926
0.00088956
-0.00159153
0.000836767
-0.00124258
0.000758059
-0.000995934
0.000673902
-0.000852291
0.000594744
-0.000792777
0.000524729
-0.000791943
0.000463605
-0.000818288
0.00040636
-0.00082678
0.000341967
-0.000747911
0.000253957
-0.000479512
0.000126204
0.000107833
-3.61927e-05
0.00112368
-0.00019685
0.00256998
-0.000276292
0.00418831
-0.0001905
0.00517354
0.00365178
0.000119871
-0.00135
0.00017263
-0.00225476
8.57927e-05
-0.00220864
-0.000105866
-0.00180018
-0.000346479
-0.0013502
-0.000593147
-0.000995238
-0.000823198
-0.000765223
-0.00102886
-0.000645965
-0.00121013
-0.000610807
-0.00137024
-0.00063111
-0.00151375
-0.000674013
-0.00164562
-0.000694116
-0.00176829
-0.000624431
-0.00187447
-0.000372517
-0.00193374
0.000167869
-0.00188376
0.00107441
-0.00164901
0.00233587
-0.00117543
0.00371527
-0.000512531
0.00451104
0.00313941
-0.000114785
-0.00123496
-0.00048767
-0.00188122
-0.00100157
-0.00169395
-0.00153434
-0.00126663
-0.00201715
-0.000866681
-0.0024298
-0.00058191
-0.00277749
-0.000416867
-0.00307514
-0.000347652
-0.00333869
-0.000346561
-0.00358113
-0.000387966
-0.00380977
-0.000444652
-0.0040221
-0.000481045
-0.00419837
-0.000447403
-0.00429168
-0.000278458
-0.00422187
9.88071e-05
-0.00388471
0.000737943
-0.00319038
0.00164216
-0.00212023
0.00264564
-0.000853428
0.00324462
0.00228613
-0.000478356
-0.00075629
-0.00137745
-0.0009814
-0.00229688
-0.000773682
-0.00305973
-0.000502994
-0.00363621
-0.000289504
-0.00406053
-0.000156965
-0.00438365
-9.31602e-05
-0.00465245
-7.8276e-05
-0.00490259
-9.58558e-05
-0.00515674
-0.00013324
-0.00542281
-0.00017802
-0.00568856
-0.000214708
-0.00591324
-0.00022214
-0.00601899
-0.000172116
-0.00589321
-2.63891e-05
-0.00539398
0.000239288
-0.00440135
0.000650045
-0.00289895
0.00114369
-0.00114511
0.0014911
0.00114116
-0.000755929
-0.00173653
-0.00250931
-0.00301148
-0.00330026
-0.00345661
-0.00354924
-0.00362703
-0.00372244
-0.00385525
-0.00403286
-0.00424716
-0.00446891
-0.00464064
-0.00466664
-0.00442698
-0.00377658
-0.00263259
-0.00114126
)
;

boundaryField
{
    leftWall
    {
        type            calculated;
        value           nonuniform List<scalar> 10(0 0 6.77626e-21 0 0 0 -1.0842e-19 0 0 0);
    }
    rightWall
    {
        type            calculated;
        value           nonuniform List<scalar> 10(0 0 0 4.33681e-19 0 0 0 0 0 0);
    }
    topWall
    {
        type            calculated;
        value           uniform 0;
    }
    bottomWall
    {
        type            calculated;
        value           uniform 0;
    }
    frontAndBackPlanes
    {
        type            empty;
    }
}


// ************************************************************************* //
