/*--------------------------------*- C++ -*----------------------------------*\
| =========                 |                                                 |
| \\      /  F ield         | OpenFOAM: The Open Source CFD Toolbox           |
|  \\    /   O peration     | Version:  2506                                  |
|   \\  /    A nd           | Website:  www.openfoam.com                      |
|    \\/     M anipulation  |                                                 |
\*---------------------------------------------------------------------------*/
FoamFile
{
    version     2.0;
    format      ascii;
    arch        "LSB;label=32;scalar=64";
    class       surfaceScalarField;
    location    "51.8";
    object      phi;
}
// * * * * * * * * * * * * * * * * * * * * * * * * * * * * * * * * * * * * * //

dimensions      [1 0 -1 0 0 0 0];

oriented        oriented;

internalField   nonuniform List<scalar> 
370
(
2.25808e-05
-0.000103062
0.000216845
-0.00019422
0.000438652
-0.000221739
0.000652532
-0.000213797
0.000842515
-0.000189891
0.00100865
-0.000166037
0.00116036
-0.000151602
0.00131119
-0.000150732
0.00147592
-0.000164616
0.00166896
-0.000192924
0.00190327
-0.000234188
0.00218846
-0.000285069
0.00252647
-0.000337877
0.00290338
-0.000376777
0.00327533
-0.000371809
0.00354436
-0.000268896
0.00351121
3.32905e-05
0.00295346
0.000557886
0.00163016
0.00132343
0.00163023
0.000173745
-0.000276774
0.000538009
-0.00055839
0.000961467
-0.000645058
0.00136939
-0.000621549
0.00173263
-0.000552953
0.00204859
-0.000481807
0.00232841
-0.000431237
0.00258867
-0.000410794
0.00284609
-0.000421847
0.00311435
-0.000460975
0.00340122
-0.000520851
0.0037048
-0.000588432
0.00400738
-0.000640227
0.00426571
-0.000634873
0.00439818
-0.000504052
0.00427596
-0.000146456
0.00374773
0.000561747
0.00263797
0.00166785
0.00108723
0.00287437
0.00271757
0.000244485
-0.000521197
0.000701889
-0.00101562
0.00120462
-0.00114753
0.00166734
-0.00108397
0.00206112
-0.000946415
0.00238747
-0.000807846
0.00266081
-0.000704253
0.00289828
-0.00064794
0.0031146
-0.000637845
0.00331948
-0.000665534
0.00351571
-0.000716746
0.00369617
-0.000768544
0.00383863
-0.000782337
0.00389832
-0.000694208
0.00380152
-0.000406901
0.00344968
0.00020571
0.0027609
0.00125085
0.00173826
0.00269079
0.000618067
0.00399483
0.00333577
0.000274414
-0.000795515
0.000755585
-0.00149652
0.00124778
-0.00163935
0.0016668
-0.00150256
0.00199404
-0.0012732
0.00224124
-0.0010546
0.00242911
-0.000891678
0.00257681
-0.000795198
0.00269823
-0.00075882
0.00280141
-0.000768271
0.00288849
-0.000803378
0.00295421
-0.000833794
0.00298188
-0.000809541
0.00293757
-0.000649422
0.00276656
-0.000235432
0.00240279
0.000569917
0.00181102
0.00184303
0.00104331
0.00345889
0.000314842
0.00472361
0.00365077
0.00027355
-0.00106894
0.000708519
-0.00193114
0.00110721
-0.00203756
0.0014031
-0.00179791
0.00159737
-0.00146692
0.00171545
-0.00117214
0.00178405
-0.000959742
0.00182281
-0.000833437
0.00184377
-0.00077925
0.00185333
-0.000777295
0.00185375
-0.000803251
0.00184242
-0.000821893
0.00180871
-0.000775253
0.00172993
-0.000570053
0.00156954
-7.44844e-05
0.00128689
0.000853106
0.00087694
0.00225347
0.000414798
0.00392149
6.96429e-05
0.00506914
0.00372057
0.000229066
-0.00129785
0.000529158
-0.00223082
0.000739335
-0.00224718
0.000833511
-0.00189147
0.000840914
-0.0014737
0.000798897
-0.00112952
0.000734378
-0.000894636
0.000662327
-0.000760803
0.000589826
-0.000706159
0.000519936
-0.000706798
0.000453043
-0.000735729
0.000385747
-0.000753945
0.000309019
-0.000697853
0.000208566
-0.000468924
7.07701e-05
6.39739e-05
-9.44173e-05
0.00101892
-0.000247693
0.00240733
-0.00030957
0.00398388
-0.000202483
0.00496244
0.00351825
0.000112927
-0.0014106
0.000148642
-0.00226607
5.09271e-05
-0.00214885
-0.000136016
-0.00170387
-0.00035775
-0.00125133
-0.000578279
-0.000908376
-0.000781811
-0.000690493
-0.000964854
-0.000577144
-0.00112899
-0.000541396
-0.0012773
-0.000557842
-0.00141375
-0.000598607
-0.00154315
-0.000623856
-0.00166867
-0.000571638
-0.0017842
-0.00035268
-0.00185944
0.000139917
-0.00182853
0.000988687
-0.00161287
0.00219229
-0.00115538
0.00352691
-0.000504921
0.00431236
0.00301348
-0.000124592
-0.0012858
-0.00051027
-0.00187987
-0.00102208
-0.00163639
-0.00153463
-0.00119065
-0.00198651
-0.000798822
-0.00236482
-0.00052945
-0.00267922
-0.000375484
-0.00294619
-0.00030957
-0.00318164
-0.000305335
-0.00339827
-0.00034059
-0.003604
-0.000392248
-0.00379835
-0.000428875
-0.00396503
-0.000404313
-0.0040613
-0.000255752
-0.00400983
8.90903e-05
-0.00370683
0.000686309
-0.00305878
0.00154481
-0.0020411
0.00250972
-0.00082419
0.00309581
0.00218944
-0.000493662
-0.000791892
-0.00139807
-0.00097489
-0.00229766
-0.000736133
-0.00302526
-0.000462408
-0.00356391
-0.000259567
-0.00395393
-0.00013886
-0.00424665
-8.22191e-05
-0.0044867
-6.89897e-05
-0.00470741
-8.40996e-05
-0.00493057
-0.000116906
-0.00516517
-0.000157141
-0.00540219
-0.000191332
-0.00560597
-0.000200022
-0.00570497
-0.000156248
-0.00559247
-2.29005e-05
-0.00513024
0.00022458
-0.00419782
0.000612852
-0.00277249
0.0010848
-0.00109784
0.00142146
0.00109172
-0.000791619
-0.00176591
-0.00250135
-0.00296311
-0.00322209
-0.00336042
-0.00344216
-0.0035107
-0.00359438
-0.00371088
-0.00386762
-0.00405857
-0.00425822
-0.00441411
-0.00443666
-0.00421174
-0.00359857
-0.00251349
-0.00109182
)
;

boundaryField
{
    leftWall
    {
        type            calculated;
        value           nonuniform List<scalar> 10(-2.11758e-22 0 0 -2.71051e-20 0 0 0 2.1684e-19 0 0);
    }
    rightWall
    {
        type            calculated;
        value           nonuniform List<scalar> 10(-1.0842e-19 0 0 0 0 0 0 0 0 0);
    }
    topWall
    {
        type            calculated;
        value           uniform 0;
    }
    bottomWall
    {
        type            calculated;
        value           uniform 0;
    }
    frontAndBackPlanes
    {
        type            empty;
    }
}


// ************************************************************************* //
