/*--------------------------------*- C++ -*----------------------------------*\
| =========                 |                                                 |
| \\      /  F ield         | OpenFOAM: The Open Source CFD Toolbox           |
|  \\    /   O peration     | Version:  2506                                  |
|   \\  /    A nd           | Website:  www.openfoam.com                      |
|    \\/     M anipulation  |                                                 |
\*---------------------------------------------------------------------------*/
FoamFile
{
    version     2.0;
    format      ascii;
    arch        "LSB;label=32;scalar=64";
    class       surfaceScalarField;
    location    "7.4";
    object      phi;
}
// * * * * * * * * * * * * * * * * * * * * * * * * * * * * * * * * * * * * * //

dimensions      [1 0 -1 0 0 0 0];

oriented        oriented;

internalField   nonuniform List<scalar> 
370
(
-0.000103594
-3.31195e-05
-5.03514e-05
-5.32551e-05
1.63406e-05
-6.67118e-05
0.000100932
-8.46157e-05
0.000202028
-0.000101123
0.000319956
-0.000117955
0.000457084
-0.000137157
0.000617292
-0.000160237
0.000805666
-0.000188404
0.00102819
-0.000222557
0.00129108
-0.000262915
0.00159924
-0.000308198
0.00195332
-0.000354111
0.00234346
-0.000390153
0.00273733
-0.000393864
0.00305852
-0.00032108
0.00314105
-8.21486e-05
0.00274432
0.000397636
0.00158746
0.00115835
0.00158867
-9.38795e-06
-2.37203e-05
2.49099e-05
-8.75359e-05
0.000105786
-0.00014758
0.000223286
-0.000202119
0.000373401
-0.000251248
0.00055405
-0.000298617
0.000765222
-0.000348343
0.00100853
-0.000403556
0.00128624
-0.000466128
0.00159996
-0.000536299
0.00194869
-0.000611652
0.00232555
-0.000685081
0.0027127
-0.00074127
0.00307344
-0.000750894
0.00334118
-0.000661578
0.00340617
-0.000385937
0.00312204
0.000202379
0.00230421
0.00121643
0.000995754
0.0024684
0.00258567
2.19986e-06
-2.58918e-05
3.61116e-05
-0.0001214
0.000110681
-0.000222118
0.000221052
-0.000312477
0.000362295
-0.00039249
0.000531481
-0.000467807
0.000727288
-0.000544156
0.000949211
-0.000625486
0.00119648
-0.000713402
0.00146661
-0.000806434
0.00175338
-0.000898433
0.00204397
-0.000975679
0.00231495
-0.00101225
0.00252731
-0.000963247
0.00262169
-0.000755916
0.00251796
-0.00028202
0.00212951
0.00059139
0.00142228
0.00192496
0.000543532
0.00334922
0.00313074
-2.69931e-06
-2.31482e-05
1.76356e-05
-0.000141659
6.79833e-05
-0.000272412
0.000145974
-0.000390444
0.000247465
-0.000493973
0.000369453
-0.000589795
0.000510251
-0.000684956
0.000668832
-0.000784069
0.000843883
-0.000888456
0.0010326
-0.000995159
0.00122912
-0.00109495
0.00142233
-0.00116889
0.00159327
-0.0011832
0.00171238
-0.00108234
0.0017381
-0.00078157
0.00162057
-0.000164239
0.00131761
0.000895106
0.000833109
0.00241118
0.000291779
0.00389323
0.00342444
-1.26803e-05
-1.04084e-05
-1.64546e-05
-0.000137782
-1.54175e-06
-0.000287252
3.11596e-05
-0.000423111
7.83735e-05
-0.000541175
0.000137517
-0.000648935
0.000207441
-0.00075488
0.000288065
-0.000864694
0.000379689
-0.00098008
0.000482104
-0.00109757
0.000593403
-0.00120625
0.000708325
-0.00128381
0.000816092
-0.00129096
0.000898055
-0.00116428
0.000926563
-0.000809987
0.000869143
-0.000106491
0.000700734
0.00106448
0.000429899
0.00268418
0.000139441
0.00418698
0.00356617
-2.40269e-05
1.36924e-05
-5.51501e-05
-0.000106532
-7.99436e-05
-0.000262368
-9.81643e-05
-0.000404848
-0.000112663
-0.00052666
-0.000125326
-0.000636265
-0.000136212
-0.00074399
-0.000143662
-0.000857241
-0.000144651
-0.000979087
-0.000135266
-0.00110696
-0.000111467
-0.00123004
-7.04742e-05
-0.0013248
-1.30607e-05
-0.00134837
5.3432e-05
-0.00123074
0.000112979
-0.0008694
0.000142766
-0.000135849
0.000124354
0.00108409
6.54524e-05
0.00274571
9.33343e-06
0.00424701
0.00357814
-3.24082e-05
4.61883e-05
-8.53987e-05
-5.33895e-05
-0.000146046
-0.000201613
-0.00021461
-0.000336232
-0.000293702
-0.000447548
-0.000384472
-0.000545485
-0.000485963
-0.000642492
-0.000595163
-0.000748035
-0.000706914
-0.00086733
-0.000813642
-0.00100022
-0.000905217
-0.00113846
-0.000969485
-0.00126052
-0.000994126
-0.00132369
-0.000970175
-0.00125459
-0.000896192
-0.000943086
-0.000779041
-0.000252238
-0.000623406
0.00093021
-0.000420798
0.00254641
-0.000175858
0.00400661
0.00340518
-2.86333e-05
7.49234e-05
-8.40786e-05
2.23253e-06
-0.000165816
-0.000119749
-0.000275316
-0.000226671
-0.000414054
-0.000308783
-0.000581537
-0.000377989
-0.000776353
-0.000447666
-0.000996342
-0.000528035
-0.0012378
-0.000625859
-0.00149395
-0.000744055
-0.00175296
-0.000879429
-0.00199599
-0.00101746
-0.00219604
-0.00112355
-0.00231865
-0.00113169
-0.00232459
-0.000936407
-0.00217278
-0.000402475
-0.00182151
0.000581818
-0.0012402
0.00196954
-0.000506576
0.00327824
0.00290174
5.34221e-06
6.97009e-05
-1.78076e-05
2.55894e-05
-9.21123e-05
-4.52931e-05
-0.000219828
-9.88786e-05
-0.000394036
-0.000134539
-0.000609358
-0.000162645
-0.000864773
-0.000192232
-0.00116297
-0.00022982
-0.00150852
-0.000280287
-0.0019053
-0.000347243
-0.00235259
-0.0004321
-0.00283948
-0.000530481
-0.00333655
-0.000626237
-0.00378514
-0.00068241
-0.00408671
-0.000633191
-0.00409977
-0.000386238
-0.00365913
0.000146023
-0.00260951
0.000926005
-0.0011063
0.00178114
0.00179888
6.984e-05
9.56781e-05
5.05771e-05
-4.81941e-05
-0.000182675
-0.00034528
-0.000537477
-0.000767262
-0.00104751
-0.00139471
-0.00182676
-0.00235713
-0.00298303
-0.00366447
-0.00429529
-0.00467701
-0.00452434
-0.0035907
-0.00180268
)
;

boundaryField
{
    leftWall
    {
        type            calculated;
        value           nonuniform List<scalar> 10(5.29396e-23 0 0 0 -1.35525e-20 0 0 0 0 0);
    }
    rightWall
    {
        type            calculated;
        value           nonuniform List<scalar> 10(-1.0842e-19 0 0 0 0 -8.67362e-19 -8.67362e-19 0 0 0);
    }
    topWall
    {
        type            calculated;
        value           uniform 0;
    }
    bottomWall
    {
        type            calculated;
        value           uniform 0;
    }
    frontAndBackPlanes
    {
        type            empty;
    }
}


// ************************************************************************* //
