/*--------------------------------*- C++ -*----------------------------------*\
| =========                 |                                                 |
| \\      /  F ield         | OpenFOAM: The Open Source CFD Toolbox           |
|  \\    /   O peration     | Version:  2506                                  |
|   \\  /    A nd           | Website:  www.openfoam.com                      |
|    \\/     M anipulation  |                                                 |
\*---------------------------------------------------------------------------*/
FoamFile
{
    version     2.0;
    format      ascii;
    arch        "LSB;label=32;scalar=64";
    class       surfaceScalarField;
    location    "144.6";
    object      phi;
}
// * * * * * * * * * * * * * * * * * * * * * * * * * * * * * * * * * * * * * //

dimensions      [1 0 -1 0 0 0 0];

oriented        oriented;

internalField   nonuniform List<scalar> 
370
(
0.000391996
-0.000417454
0.000996409
-0.000604368
0.0015097
-0.000513231
0.00185159
-0.00034181
0.00203629
-0.000184604
0.00211229
-7.59077e-05
0.0021315
-1.91071e-05
0.00213569
-4.07756e-06
0.00215339
-1.75781e-05
0.00220421
-5.06919e-05
0.00229931
-9.49647e-05
0.00244423
-0.000144787
0.00263861
-0.000194235
0.00287048
-0.000231716
0.00310288
-0.000232254
0.00324853
-0.000145485
0.00314595
0.000102741
0.00258714
0.000558963
0.00138994
0.00119734
0.00139001
0.000499132
-0.000916561
0.00132386
-0.00142903
0.0020968
-0.00128608
0.00267914
-0.000924047
0.00306011
-0.000565468
0.00328318
-0.000298851
0.00340508
-0.000140893
0.00347683
-7.57022e-05
0.00353664
-7.72549e-05
0.00360675
-0.000120674
0.00369744
-0.000185517
0.00380724
-0.000254456
0.00392073
-0.000307578
0.00400215
-0.000312991
0.00398523
-0.000215188
0.0037665
7.3401e-05
0.00321353
0.000655875
0.00220832
0.00156433
0.000885243
0.00252055
0.00227532
0.000459283
-0.00137581
0.00119787
-0.00216754
0.00188799
-0.00197608
0.00241359
-0.00144952
0.00276894
-0.000920674
0.00299145
-0.000521223
0.00312631
-0.000275609
0.00321118
-0.000160428
0.00327176
-0.000137686
0.00332201
-0.000170779
0.00336574
-0.000229097
0.00339674
-0.000285304
0.00339644
-0.000307127
0.00332923
-0.000245628
0.003139
-2.48059e-05
0.00275838
0.000454179
0.00213849
0.00127592
0.00129645
0.00240652
0.000433287
0.00338385
0.00270867
0.000376438
-0.00175222
0.000939644
-0.00273065
0.00142767
-0.00246396
0.00177161
-0.00179331
0.00198878
-0.00113768
0.00211963
-0.000651908
0.00219963
-0.000355443
0.00225142
-0.000212057
0.00228638
-0.000172495
0.00230843
-0.000192665
0.00231655
-0.000237065
0.00230474
-0.000273332
0.00225915
-0.000261378
0.00215464
-0.000140958
0.00195503
0.000174974
0.00162793
0.000781438
0.00116179
0.00174223
0.000612757
0.00295572
0.000148693
0.00384804
0.00285742
0.000275615
-0.00202779
0.000620459
-0.00307539
0.000858681
-0.00270204
0.000981147
-0.00191561
0.00103098
-0.00118734
0.00104959
-0.00067035
0.00105969
-0.000365382
0.00106801
-0.000220209
0.0010734
-0.000177723
0.00107287
-0.000191979
0.00106373
-0.000227759
0.001042
-0.000251445
0.000998942
-0.000218159
0.000918428
-6.02814e-05
0.000779903
0.000313665
0.000570438
0.000991071
0.00030658
0.00200625
5.94016e-05
0.00320305
-5.645e-05
0.00396402
0.00280102
0.000154471
-0.00218222
0.000238299
-0.0031591
0.000195379
-0.00265897
8.61798e-05
-0.00180625
-2.79237e-05
-0.00107307
-0.000117823
-0.000580286
-0.000179439
-0.000303605
-0.000220775
-0.000178714
-0.000250918
-0.000147423
-0.000275854
-0.000166886
-0.000299056
-0.000204401
-0.000324173
-0.000226171
-0.000357216
-0.000184959
-0.000406239
-1.10967e-05
-0.000470243
0.000377836
-0.000535924
0.00105692
-0.000560906
0.0020314
-0.000477344
0.00311964
-0.000245345
0.00373214
0.00255572
-2.31544e-05
-0.00215902
-0.000260855
-0.00292129
-0.000618037
-0.00230164
-0.000966897
-0.00145723
-0.00124416
-0.000795647
-0.00144224
-0.000382052
-0.00157881
-0.000166879
-0.00167404
-8.33355e-05
-0.00174282
-7.84887e-05
-0.00179508
-0.000114478
-0.00183681
-0.00016252
-0.00187162
-0.000191215
-0.00189908
-0.000157348
-0.00191125
1.2293e-06
-0.00187701
0.000343763
-0.00175487
0.000934937
-0.00148674
0.00176343
-0.00102933
0.00266237
-0.000434237
0.00313715
0.00212152
-0.000294711
-0.00186426
-0.000956745
-0.00225913
-0.00166216
-0.00159608
-0.00223769
-0.000881537
-0.00264652
-0.000386665
-0.00291692
-0.000111509
-0.00309103
7.38433e-06
-0.0032047
3.0482e-05
-0.00328494
1.89494e-06
-0.00334855
-5.07287e-05
-0.00340376
-0.000107169
-0.00344956
-0.000145279
-0.00347204
-0.000134733
-0.00343584
-3.48329e-05
-0.00329151
0.000199569
-0.00296773
0.000611292
-0.00239974
0.00119557
-0.00157337
0.00183612
-0.000623841
0.00218771
0.00149772
-0.000722503
-0.0011417
-0.00187572
-0.00110579
-0.00284272
-0.000628934
-0.00347729
-0.000246813
-0.00383058
-3.3237e-05
-0.00401035
6.84041e-05
-0.00409341
9.05761e-05
-0.00413519
7.23906e-05
-0.00416972
3.65512e-05
-0.00421429
-6.03743e-06
-0.00427468
-4.66567e-05
-0.00434139
-7.84503e-05
-0.00438736
-8.86558e-05
-0.00436186
-6.02226e-05
-0.00419208
2.98976e-05
-0.00378109
0.000200407
-0.00304831
0.000462901
-0.0019847
0.0007726
-0.000773947
0.000977023
0.000723798
-0.00114164
-0.00224731
-0.0028761
-0.00312277
-0.00315586
-0.00308733
-0.00299662
-0.00292411
-0.00288744
-0.00289337
-0.00293993
-0.00301828
-0.00310684
-0.00316698
-0.003137
-0.00293652
-0.00247355
-0.00170089
-0.000723818
)
;

boundaryField
{
    leftWall
    {
        type            calculated;
        value           uniform 0;
    }
    rightWall
    {
        type            calculated;
        value           nonuniform List<scalar> 10(0 -2.1684e-19 0 0 0 0 4.33681e-19 0 0 0);
    }
    topWall
    {
        type            calculated;
        value           uniform 0;
    }
    bottomWall
    {
        type            calculated;
        value           uniform 0;
    }
    frontAndBackPlanes
    {
        type            empty;
    }
}


// ************************************************************************* //
