/*--------------------------------*- C++ -*----------------------------------*\
| =========                 |                                                 |
| \\      /  F ield         | OpenFOAM: The Open Source CFD Toolbox           |
|  \\    /   O peration     | Version:  2506                                  |
|   \\  /    A nd           | Website:  www.openfoam.com                      |
|    \\/     M anipulation  |                                                 |
\*---------------------------------------------------------------------------*/
FoamFile
{
    version     2.0;
    format      ascii;
    arch        "LSB;label=32;scalar=64";
    class       surfaceScalarField;
    location    "6.6";
    object      phi;
}
// * * * * * * * * * * * * * * * * * * * * * * * * * * * * * * * * * * * * * //

dimensions      [1 0 -1 0 0 0 0];

oriented        oriented;

internalField   nonuniform List<scalar> 
370
(
-0.000110171
-3.44693e-05
-5.79669e-05
-5.22181e-05
3.68566e-06
-6.16738e-05
8.03077e-05
-7.66476e-05
0.000170283
-9.00029e-05
0.00027427
-0.000104015
0.000394756
-0.000120515
0.000535473
-0.000140746
0.000701288
-0.000165845
0.000898135
-0.000196878
0.00113262
-0.000234516
0.00141089
-0.000278302
0.00173605
-0.000325191
0.00210238
-0.000366352
0.00248392
-0.00038154
0.00281308
-0.000329046
0.00293754
-0.000124044
0.0026116
0.000327032
0.00154237
0.00107121
0.00154408
-1.34072e-05
-2.1048e-05
1.20118e-05
-7.76177e-05
7.95599e-05
-0.000129215
0.000178481
-0.000175572
0.000305828
-0.000217359
0.000459836
-0.000258035
0.000640553
-0.000301245
0.000849526
-0.000349732
0.00108906
-0.00040539
0.00136123
-0.000469066
0.00166638
-0.000539679
0.00200039
-0.000612332
0.0023501
-0.000674907
0.00268596
-0.000702224
0.00295105
-0.000646602
0.00304656
-0.000424421
0.00283205
9.0919e-05
0.00212622
0.00103407
0.000935266
0.00226437
0.00248121
-2.19742e-06
-1.8816e-05
2.16801e-05
-0.000101442
8.12071e-05
-0.000188709
0.000171754
-0.000266108
0.000288933
-0.000334537
0.000430282
-0.000399388
0.000594692
-0.000465659
0.000781757
-0.000536803
0.000990956
-0.000614595
0.00122054
-0.000698658
0.00146592
-0.000785067
0.00171725
-0.000863662
0.00195587
-0.000913534
0.00214972
-0.000896071
0.00224834
-0.000745182
0.00218107
-0.000356962
0.00186597
0.000406625
0.00126436
0.00163727
0.000491963
0.00303956
0.00297543
-5.86583e-06
-1.28965e-05
7.21008e-06
-0.000114434
4.6146e-05
-0.000227592
0.000108719
-0.00032866
0.000191234
-0.000417046
0.000291029
-0.000499183
0.000406584
-0.000581217
0.000536941
-0.000667162
0.000680953
-0.00075861
0.000836377
-0.000854085
0.000998642
-0.000947334
0.00115914
-0.00102417
0.00130304
-0.00105743
0.00140681
-0.000999827
0.00143657
-0.00077489
0.00135014
-0.000270294
0.00110916
0.000648381
0.00071121
0.00203723
0.000254436
0.00349981
0.00323257
-1.38136e-05
9.89411e-07
-2.03726e-05
-0.000107762
-1.04307e-05
-0.000237461
1.47951e-05
-0.000353855
5.19928e-05
-0.000454234
9.86857e-05
-0.000545873
0.000153676
-0.000636207
0.000216691
-0.000730177
0.000287831
-0.00082975
0.00036692
-0.000933174
0.000452649
-0.00103306
0.000541382
-0.0011129
0.000625527
-0.00114158
0.000691688
-0.00106597
0.000719352
-0.000802485
0.00068224
-0.000232897
0.000558209
0.000773358
0.000349385
0.00224845
0.000117067
0.0037362
0.00335272
-2.28405e-05
2.39199e-05
-5.12825e-05
-7.91781e-05
-7.3193e-05
-0.000215459
-8.92028e-05
-0.000337807
-0.000102478
-0.000440946
-0.00011513
-0.000533216
-0.000127583
-0.00062375
-0.000138768
-0.000718989
-0.000146425
-0.000822091
-0.000147408
-0.000932188
-0.000138133
-0.00104234
-0.000115395
-0.00113563
-7.79008e-05
-0.00117906
-2.86597e-05
-0.00111519
2.24946e-05
-0.000853546
5.91887e-05
-0.000269238
6.41039e-05
0.00076957
3.68742e-05
0.00227846
5.06422e-06
0.00377263
0.0033612
-2.91211e-05
5.31482e-05
-7.41484e-05
-3.39815e-05
-0.000124065
-0.000165433
-0.000180261
-0.000281564
-0.000245825
-0.000375364
-0.000322278
-0.000456757
-0.000409208
-0.000536815
-0.000504471
-0.00062372
-0.000604174
-0.000722383
-0.00070239
-0.000833966
-0.000790801
-0.00095392
-0.00085865
-0.00106778
-0.000893621
-0.00114408
-0.000884334
-0.00112442
-0.000824457
-0.00091323
-0.000716173
-0.000376928
-0.000565946
0.000620911
-0.000375104
0.00209099
-0.000153913
0.0035566
0.00321093
-2.41268e-05
7.74001e-05
-6.90056e-05
1.10949e-05
-0.000134622
-9.96885e-05
-0.000223687
-0.000192443
-0.000337921
-0.000261109
-0.000477099
-0.000317568
-0.000640164
-0.000373741
-0.000825545
-0.000438331
-0.00103062
-0.000517302
-0.0012505
-0.000614074
-0.00147628
-0.000728121
-0.00169295
-0.000851089
-0.00187749
-0.000959491
-0.00199832
-0.00100344
-0.00201739
-0.000893712
-0.00189519
-0.000497956
-0.00159575
0.000323968
-0.00109272
0.00159238
-0.000450397
0.00292012
0.00276438
8.13752e-06
6.94092e-05
-6.47639e-06
2.59409e-05
-6.61177e-05
-3.98944e-05
-0.00017199
-8.64999e-05
-0.000317303
-0.000115765
-0.000496894
-0.00013796
-0.000709534
-0.000161085
-0.000957296
-0.000190552
-0.00124413
-0.00023045
-0.00157401
-0.000284167
-0.0019481
-0.000354009
-0.00236031
-0.00043883
-0.00279036
-0.000529329
-0.00319354
-0.000599892
-0.00348875
-0.000597478
-0.0035499
-0.000434463
-0.0032428
2.11272e-05
-0.00236133
0.000717038
-0.00102474
0.00159032
0.00174381
6.95791e-05
9.57979e-05
5.61002e-05
-3.02972e-05
-0.000146007
-0.000283928
-0.000444978
-0.000635496
-0.00086591
-0.00115004
-0.001504
-0.00194277
-0.00247193
-0.0030713
-0.00366728
-0.00409832
-0.00407126
-0.00334642
-0.00174837
)
;

boundaryField
{
    leftWall
    {
        type            calculated;
        value           uniform 0;
    }
    rightWall
    {
        type            calculated;
        value           nonuniform List<scalar> 10(-1.0842e-19 0 4.33681e-19 0 0 0 0 0 0 0);
    }
    topWall
    {
        type            calculated;
        value           uniform 0;
    }
    bottomWall
    {
        type            calculated;
        value           uniform 0;
    }
    frontAndBackPlanes
    {
        type            empty;
    }
}


// ************************************************************************* //
