/*--------------------------------*- C++ -*----------------------------------*\
| =========                 |                                                 |
| \\      /  F ield         | OpenFOAM: The Open Source CFD Toolbox           |
|  \\    /   O peration     | Version:  2506                                  |
|   \\  /    A nd           | Website:  www.openfoam.com                      |
|    \\/     M anipulation  |                                                 |
\*---------------------------------------------------------------------------*/
FoamFile
{
    version     2.0;
    format      ascii;
    arch        "LSB;label=32;scalar=64";
    class       surfaceScalarField;
    location    "133.4";
    object      phi;
}
// * * * * * * * * * * * * * * * * * * * * * * * * * * * * * * * * * * * * * //

dimensions      [1 0 -1 0 0 0 0];

oriented        oriented;

internalField   nonuniform List<scalar> 
370
(
0.00036295
-0.000392288
0.000935023
-0.000572021
0.00142447
-0.000489373
0.0017542
-0.000329635
0.00193641
-0.00018211
0.00201637
-7.98457e-05
0.00204301
-2.65131e-05
0.00205603
-1.28943e-05
0.00208352
-2.73517e-05
0.00214423
-6.05663e-05
0.00224931
-0.000104926
0.00240458
-0.000155107
0.00261
-0.000205261
0.00285391
-0.000243739
0.00309947
-0.000245383
0.00325923
-0.000159581
0.00316752
9.18888e-05
0.00261427
0.000553427
0.00140999
0.00120444
0.00141007
0.000475917
-0.000868177
0.00126688
-0.00136291
0.00201301
-0.0012354
0.00258005
-0.00089655
0.00295623
-0.000558158
0.00318219
-0.000305678
0.00331196
-0.000156138
0.00339439
-9.51842e-05
0.00346569
-9.85002e-05
0.00354776
-0.000142488
0.00365066
-0.000207669
0.00377298
-0.000277268
0.00389942
-0.00033154
0.00399422
-0.000338371
0.00399046
-0.000241454
0.00378324
4.7816e-05
0.00323823
0.000637086
0.00223175
0.00156008
0.000897166
0.00253918
0.00230732
0.000445839
-0.00131398
0.0011663
-0.00208328
0.00184369
-0.00191266
0.00236395
-0.00141666
0.00271999
-0.000914033
0.00294713
-0.00053265
0.00308877
-0.000297612
0.00318138
-0.000187628
0.00324995
-0.0001669
0.00330818
-0.000200554
0.00335984
-0.00025916
0.0033988
-0.000316056
0.00340656
-0.000339122
0.00334737
-0.000279009
0.00316448
-5.83848e-05
0.00278782
0.000424659
0.00216723
0.00125786
0.00131783
0.00240965
0.000442205
0.00341496
0.00274959
0.000371902
-0.00168584
0.000932535
-0.0026438
0.0014228
-0.00240278
0.00177251
-0.00176619
0.00199674
-0.00113807
0.00213426
-0.000669988
0.00221983
-0.000383
0.00227608
-0.000243694
0.00231462
-0.000205259
0.00233964
-0.000225391
0.00235041
-0.000269741
0.00234109
-0.000306559
0.00229795
-0.000295795
0.00219554
-0.000176418
0.00199679
0.000140554
0.00166745
0.000754185
0.00119477
0.00173074
0.000634326
0.00297027
0.000156506
0.00389292
0.00290616
0.000278218
-0.00196402
0.000632699
-0.00299816
0.000884077
-0.00265399
0.00101937
-0.00190129
0.00107936
-0.00119787
0.00110438
-0.000694821
0.00111772
-0.000396149
0.0011271
-0.000252886
0.0011322
-0.000210172
0.0011306
-0.0002236
0.00111995
-0.000258914
0.00109655
-0.000282971
0.0010517
-0.000250758
0.000968966
-9.34987e-05
0.000826687
0.000283024
0.000611214
0.000969852
0.000337792
0.00200435
7.77957e-05
0.00323045
-5.04133e-05
0.00402128
0.0028558
0.000162339
-0.00212631
0.000263259
-0.00309896
0.000238666
-0.00262922
0.000143658
-0.00180609
3.81542e-05
-0.00109217
-4.779e-05
-0.000608687
-0.000108878
-0.000334875
-0.00015176
-0.000209819
-0.0001847
-0.00017705
-0.000213143
-0.000194976
-0.000240197
-0.000231679
-0.000269371
-0.000253616
-0.000306811
-0.000213136
-0.000360513
-3.96091e-05
-0.000431229
0.000353931
-0.000505471
0.00104429
-0.00054074
0.00203981
-0.000467813
0.0031577
-0.000243785
0.00379738
0.00261207
-1.34002e-05
-0.00211285
-0.000231349
-0.00288087
-0.00057067
-0.00228972
-0.000908282
-0.0014683
-0.00118084
-0.000819426
-0.00137866
-0.000410686
-0.00151745
-0.000195904
-0.00161648
-0.000110616
-0.00169019
-0.000103168
-0.00174784
-0.000137151
-0.00179517
-0.000184172
-0.00183586
-0.000212752
-0.00186992
-0.000178901
-0.0018887
-2.06491e-05
-0.00186318
0.000328588
-0.00174969
0.000930986
-0.00148867
0.00177898
-0.00103487
0.00270406
-0.000438428
0.00320106
0.00217369
-0.000283114
-0.00182968
-0.000927686
-0.00223616
-0.00162033
-0.00159691
-0.00219054
-0.000897908
-0.00260019
-0.0004096
-0.00287509
-0.000135614
-0.00305583
-1.49928e-05
-0.0031773
1.10207e-05
-0.0032655
-1.48087e-05
-0.0033368
-6.56877e-05
-0.00339958
-0.000121231
-0.00345303
-0.000159139
-0.00348335
-0.000148425
-0.0034566
-4.72351e-05
-0.0033194
0.000191542
-0.00300016
0.000611911
-0.00243178
0.00121075
-0.00159818
0.0018706
-0.000635317
0.0022383
0.00153841
-0.000708502
-0.00112111
-0.00184654
-0.00109798
-0.00280886
-0.000634421
-0.00344793
-0.00025866
-0.003812
-4.53571e-05
-0.0040027
5.52476e-05
-0.00409753
7.99977e-05
-0.00415021
6.38518e-05
-0.00419419
2.9312e-05
-0.00424778
-1.19535e-05
-0.00431658
-5.22968e-05
-0.0043916
-8.39818e-05
-0.00444571
-9.41828e-05
-0.00442749
-6.53286e-05
-0.00426254
2.67196e-05
-0.00385127
0.000200756
-0.00311038
0.000469979
-0.00202888
0.000789207
-0.000792789
0.00100229
0.000745659
-0.00112105
-0.00221888
-0.00285313
-0.00311163
-0.00315682
-0.00310142
-0.00302127
-0.00295728
-0.00292784
-0.00293966
-0.00299184
-0.00307571
-0.00316979
-0.00323502
-0.0032082
-0.00300736
-0.0025373
-0.00174802
-0.000745681
)
;

boundaryField
{
    leftWall
    {
        type            calculated;
        value           nonuniform List<scalar> 10(0 2.71051e-20 0 -1.0842e-19 0 0 4.33681e-19 0 8.67362e-19 -8.67362e-19);
    }
    rightWall
    {
        type            calculated;
        value           nonuniform List<scalar> 10(0 0 0 4.33681e-19 0 0 0 0 0 0);
    }
    topWall
    {
        type            calculated;
        value           uniform 0;
    }
    bottomWall
    {
        type            calculated;
        value           uniform 0;
    }
    frontAndBackPlanes
    {
        type            empty;
    }
}


// ************************************************************************* //
