/*--------------------------------*- C++ -*----------------------------------*\
| =========                 |                                                 |
| \\      /  F ield         | OpenFOAM: The Open Source CFD Toolbox           |
|  \\    /   O peration     | Version:  2506                                  |
|   \\  /    A nd           | Website:  www.openfoam.com                      |
|    \\/     M anipulation  |                                                 |
\*---------------------------------------------------------------------------*/
FoamFile
{
    version     2.0;
    format      ascii;
    arch        "LSB;label=32;scalar=64";
    class       surfaceScalarField;
    location    "118.6";
    object      phi;
}
// * * * * * * * * * * * * * * * * * * * * * * * * * * * * * * * * * * * * * //

dimensions      [1 0 -1 0 0 0 0];

oriented        oriented;

internalField   nonuniform List<scalar> 
370
(
0.000317769
-0.000353126
0.000839535
-0.000521703
0.00129208
-0.000452454
0.00160333
-0.000311141
0.00178234
-0.000178883
0.00186922
-8.67476e-05
0.0019083
-3.89321e-05
0.00193625
-2.77969e-05
0.00197964
-4.32222e-05
0.00205625
-7.64361e-05
0.00217719
-0.000120761
0.00234868
-0.000171305
0.0025712
-0.000222327
0.00283346
-0.000262069
0.00309872
-0.000265056
0.00327916
-0.000180239
0.00320278
7.659e-05
0.00265674
0.000546245
0.00144077
0.00121615
0.00144087
0.000439868
-0.000792961
0.00117838
-0.00126013
0.00188301
-0.00115695
0.00242661
-0.000854606
0.0027959
-0.000548018
0.0030271
-0.000317778
0.00316975
-0.000181415
0.00326911
-0.000126991
0.00335889
-0.000132821
0.00346005
-0.000177423
0.00358231
-0.000242829
0.0037243
-0.000313108
0.00387091
-0.000368748
0.00398627
-0.000377227
0.00400233
-0.000280919
0.00381315
9.149e-06
0.00327929
0.000610656
0.00226962
0.00155612
0.000916203
0.00256975
0.00235716
0.000424951
-0.00121787
0.00111724
-0.0019523
0.00177487
-0.00181444
0.00228693
-0.00136648
0.00264422
-0.000905108
0.00287875
-0.000552113
0.00303111
-0.000333577
0.00313587
-0.000231556
0.00321699
-0.000213737
0.00328776
-0.000247995
0.0033519
-0.000306766
0.00340341
-0.000364409
0.00342386
-0.000388996
0.00337731
-0.000330464
0.00320613
-0.000109525
0.00283478
0.000380712
0.0022131
0.00123255
0.00135198
0.00241746
0.000456516
0.00346539
0.00281376
0.000364703
-0.00158252
0.000921198
-0.00250867
0.00141488
-0.00230794
0.00177352
-0.00172491
0.00200871
-0.00114007
0.00215663
-0.000699815
0.00225085
-0.000427568
0.0023139
-0.00029439
0.00235785
-0.000257465
0.00238738
-0.000277305
0.00240219
-0.00032136
0.00239679
-0.000358791
0.00235756
-0.000349548
0.00225865
-0.000231325
0.00206145
8.78957e-05
0.00172888
0.000713514
0.00124628
0.00171538
0.000668228
0.00299573
0.000168927
0.00396486
0.00298276
0.000282007
-0.00186448
0.000651268
-0.00287779
0.000923086
-0.00257955
0.00107834
-0.00187994
0.00115399
-0.00121549
0.00118906
-0.000734649
0.0012073
-0.000445581
0.00121811
-0.000304972
0.00122248
-0.000261604
0.00121896
-0.000273564
0.00120584
-0.000308023
0.00117979
-0.00033251
0.0011322
-0.000301736
0.00104617
-0.000145071
0.000898358
0.00023594
0.000673952
0.000938153
0.000386106
0.00200345
0.000106577
0.00327547
-4.07719e-05
0.00411238
0.00294206
0.000174062
-0.00203848
0.000301561
-0.00300513
0.000305662
-0.00258345
0.000232979
-0.00180702
0.00014094
-0.00112322
6.1001e-05
-0.000654479
5.59206e-07
-0.000384913
-4.52805e-05
-0.00025891
-8.29907e-05
-0.000223673
-0.000117135
-0.0002392
-0.000150303
-0.000274636
-0.000185797
-0.000296796
-0.000229969
-0.000257342
-0.000291305
-8.35078e-05
-0.000372135
0.000317004
-0.000459268
0.00102552
-0.000510037
0.00205446
-0.000453206
0.00321886
-0.000241357
0.0039007
0.00270077
1.93202e-06
-0.00204035
-0.000185579
-0.00281745
-0.000497023
-0.00227179
-0.000816897
-0.00148692
-0.00108192
-0.000857972
-0.0012797
-0.000456478
-0.00142271
-0.000241683
-0.00152818
-0.000153226
-0.00160978
-0.000141861
-0.00167594
-0.000172823
-0.00173205
-0.000218321
-0.00178187
-0.000246764
-0.00182598
-0.000213019
-0.00185608
-5.31873e-05
-0.00184372
0.000304865
-0.00174329
0.000925322
-0.00149281
0.00180419
-0.00104405
0.00277029
-0.000445089
0.00330189
0.00225573
-0.000265283
-0.001775
-0.000882655
-0.00219991
-0.00155552
-0.00159871
-0.0021177
-0.000924527
-0.00252893
-0.000446525
-0.00281117
-0.000174024
-0.00300235
-5.02961e-05
-0.00313593
-1.94449e-05
-0.00323651
-4.108e-05
-0.0033201
-8.90362e-05
-0.00339502
-0.000143206
-0.00346076
-0.00018083
-0.00350376
-0.000169817
-0.00349031
-6.64421e-05
-0.00336448
0.000179223
-0.0030522
0.000613239
-0.00248281
0.00123499
-0.00163746
0.00192511
-0.000653389
0.00231794
0.0016024
-0.000686542
-0.00108838
-0.00180082
-0.00108546
-0.00275608
-0.000643235
-0.00340273
-0.000277665
-0.00378384
-6.52076e-05
-0.00399162
3.39587e-05
-0.00410487
6.31449e-05
-0.00417451
5.03867e-05
-0.00423353
1.81151e-05
-0.00430134
-2.10519e-05
-0.00438353
-6.08419e-05
-0.00447175
-9.24544e-05
-0.00453869
-0.000102711
-0.00453176
-7.32142e-05
-0.00437427
2.18806e-05
-0.00396228
0.000201405
-0.00320834
0.000481194
-0.00209847
0.000815367
-0.00082243
0.00104199
0.000780008
-0.00108829
-0.00217357
-0.0028166
-0.00309406
-0.00315907
-0.00312492
-0.0030616
-0.00301104
-0.00299276
-0.00301366
-0.00307436
-0.00316667
-0.00326926
-0.00334235
-0.00332036
-0.00311884
-0.00263755
-0.0018221
-0.000780035
)
;

boundaryField
{
    leftWall
    {
        type            calculated;
        value           nonuniform List<scalar> 10(0 0 -5.42101e-20 0 0 0 -4.33681e-19 0 0 0);
    }
    rightWall
    {
        type            calculated;
        value           uniform 0;
    }
    topWall
    {
        type            calculated;
        value           uniform 0;
    }
    bottomWall
    {
        type            calculated;
        value           uniform 0;
    }
    frontAndBackPlanes
    {
        type            empty;
    }
}


// ************************************************************************* //
