/*--------------------------------*- C++ -*----------------------------------*\
| =========                 |                                                 |
| \\      /  F ield         | OpenFOAM: The Open Source CFD Toolbox           |
|  \\    /   O peration     | Version:  2506                                  |
|   \\  /    A nd           | Website:  www.openfoam.com                      |
|    \\/     M anipulation  |                                                 |
\*---------------------------------------------------------------------------*/
FoamFile
{
    version     2.0;
    format      ascii;
    arch        "LSB;label=32;scalar=64";
    class       volVectorField;
    location    "30.2";
    object      U;
}
// * * * * * * * * * * * * * * * * * * * * * * * * * * * * * * * * * * * * * //

dimensions      [0 1 -1 0 0 0 0];

internalField   nonuniform List<vector> 
200
(
(-0.00024458 -9.12253e-05 0)
(-0.000101166 -0.000234781 0)
(0.000627213 -0.000360965 0)
(0.0017055 -0.000500318 0)
(0.00296071 -0.000592983 0)
(0.00432132 -0.000627795 0)
(0.00569456 -0.000621763 0)
(0.00701495 -0.000598688 0)
(0.00825426 -0.000582571 0)
(0.00941709 -0.000594192 0)
(0.0105315 -0.000648998 0)
(0.0116374 -0.000755432 0)
(0.0127702 -0.000911276 0)
(0.0139378 -0.00109331 0)
(0.0150757 -0.00123334 0)
(0.015954 -0.00116266 0)
(0.0160626 -0.000511963 0)
(0.014516 0.00131866 0)
(0.0103351 0.00455359 0)
(0.00309675 0.00651543 0)
(4.60126e-05 -0.00066436 0)
(0.000864569 -0.00204527 0)
(0.00247528 -0.00329577 0)
(0.00464317 -0.00425629 0)
(0.00711719 -0.00481678 0)
(0.0096858 -0.00499885 0)
(0.0121852 -0.0048946 0)
(0.0145072 -0.0046225 0)
(0.0165957 -0.00429597 0)
(0.018433 -0.00400281 0)
(0.0200204 -0.00379206 0)
(0.0213541 -0.00366232 0)
(0.0223998 -0.00354359 0)
(0.0230604 -0.00326107 0)
(0.0231376 -0.00246649 0)
(0.0222823 -0.000529134 0)
(0.0199355 0.00350967 0)
(0.0154745 0.0104806 0)
(0.00893336 0.0190729 0)
(0.00153932 0.0193868 0)
(0.000142302 -0.00183334 0)
(0.00148513 -0.00518786 0)
(0.00372717 -0.00789191 0)
(0.00653035 -0.00969899 0)
(0.00952455 -0.0105713 0)
(0.0124413 -0.0106415 0)
(0.0151097 -0.0101357 0)
(0.0174397 -0.00929637 0)
(0.0194012 -0.00832845 0)
(0.0209974 -0.00736695 0)
(0.022237 -0.00645875 0)
(0.0231071 -0.00554681 0)
(0.0235467 -0.00444711 0)
(0.0234231 -0.00280958 0)
(0.0224973 -5.74894e-05 0)
(0.0204509 0.00461297 0)
(0.0169869 0.0120471 0)
(0.0119965 0.0224147 0)
(0.0060897 0.0323765 0)
(0.000799594 0.0276363 0)
(0.000197079 -0.00358051 0)
(0.00187305 -0.0093603 0)
(0.00444771 -0.013493 0)
(0.00744516 -0.0158674 0)
(0.0104086 -0.0166365 0)
(0.0130547 -0.0161578 0)
(0.0152491 -0.0148704 0)
(0.0169654 -0.0131792 0)
(0.0182432 -0.011385 0)
(0.0191476 -0.00965265 0)
(0.0197338 -0.00799855 0)
(0.0200178 -0.00627976 0)
(0.0199548 -0.00417707 0)
(0.0194224 -0.00117552 0)
(0.018175 0.00342947 0)
(0.0160199 0.0104098 0)
(0.0127733 0.0203904 0)
(0.00850271 0.0327781 0)
(0.00390191 0.0425258 0)
(0.000400942 0.0328278 0)
(0.000245462 -0.00565325 0)
(0.00203162 -0.0139487 0)
(0.00452853 -0.0192245 0)
(0.00718267 -0.0216803 0)
(0.00952396 -0.0218137 0)
(0.0113167 -0.0203298 0)
(0.012515 -0.0179565 0)
(0.0131963 -0.0152867 0)
(0.0134968 -0.0127055 0)
(0.0135576 -0.010376 0)
(0.0134851 -0.0082451 0)
(0.0133256 -0.00604764 0)
(0.0130475 -0.00330384 0)
(0.01251 0.00066402 0)
(0.0115356 0.00662029 0)
(0.00994735 0.0152964 0)
(0.00763256 0.0270219 0)
(0.00471921 0.0404833 0)
(0.00181635 0.0493522 0)
(7.3378e-05 0.0356642 0)
(0.000259548 -0.0077577 0)
(0.0017654 -0.0181645 0)
(0.00356625 -0.0239691 0)
(0.00516304 -0.0258832 0)
(0.00619575 -0.0248788 0)
(0.00655954 -0.0220971 0)
(0.006348 -0.0185878 0)
(0.00576011 -0.0151149 0)
(0.00501749 -0.0120998 0)
(0.00430416 -0.0096438 0)
(0.00373285 -0.00756699 0)
(0.00333382 -0.00543746 0)
(0.0030588 -0.00259538 0)
(0.00277433 0.00178652 0)
(0.00234877 0.00852885 0)
(0.00168197 0.018248 0)
(0.000784222 0.0309349 0)
(-0.000141957 0.0446498 0)
(-0.00068404 0.0522372 0)
(-0.00028403 0.0360498 0)
(0.000187672 -0.00929193 0)
(0.000772475 -0.0206776 0)
(0.00102831 -0.0261034 0)
(0.000714204 -0.0268893 0)
(-0.000254153 -0.0245021 0)
(-0.00175135 -0.0205096 0)
(-0.00352291 -0.016249 0)
(-0.00531427 -0.0125525 0)
(-0.00691694 -0.0097523 0)
(-0.00820418 -0.00778061 0)
(-0.00913288 -0.00627377 0)
(-0.00972101 -0.00464111 0)
(-0.0100138 -0.00211613 0)
(-0.010043 0.00215514 0)
(-0.00979829 0.00892381 0)
(-0.00920475 0.0186091 0)
(-0.00809959 0.0308859 0)
(-0.00628004 0.0435226 0)
(-0.00375274 0.0496982 0)
(-0.000723869 0.0334122 0)
(-5.56901e-05 -0.00926705 0)
(-0.00121083 -0.0196476 0)
(-0.00339394 -0.0236495 0)
(-0.00631994 -0.0230538 0)
(-0.009594 -0.019711 0)
(-0.0128643 -0.0153623 0)
(-0.0158645 -0.0113029 0)
(-0.0184403 -0.00821011 0)
(-0.0205393 -0.00622364 0)
(-0.0221798 -0.00511391 0)
(-0.0234059 -0.00442401 0)
(-0.0242422 -0.00355352 0)
(-0.0246521 -0.00180737 0)
(-0.024483 0.00154249 0)
(-0.0235039 0.00712425 0)
(-0.0214376 0.0152391 0)
(-0.0179929 0.0254909 0)
(-0.0130617 0.0358726 0)
(-0.00714411 0.0407403 0)
(-0.0012228 0.0272121 0)
(-0.00045854 -0.00673337 0)
(-0.00373361 -0.0136911 0)
(-0.00853359 -0.015723 0)
(-0.0138392 -0.0144028 0)
(-0.0187873 -0.0113384 0)
(-0.0229384 -0.00793271 0)
(-0.0261844 -0.00510682 0)
(-0.0286306 -0.00324828 0)
(-0.0304812 -0.00234031 0)
(-0.0319423 -0.00212819 0)
(-0.0331494 -0.0022399 0)
(-0.0341223 -0.00224727 0)
(-0.0347375 -0.00168722 0)
(-0.0347073 -7.01152e-05 0)
(-0.0335627 0.0030916 0)
(-0.0307935 0.00809416 0)
(-0.025896 0.0147247 0)
(-0.0187279 0.02169 0)
(-0.0101089 0.0253737 0)
(-0.00171132 0.0174364 0)
(-0.000766901 -0.00184348 0)
(-0.00415732 -0.00338786 0)
(-0.00889198 -0.00358623 0)
(-0.0136413 -0.00295382 0)
(-0.0175123 -0.00197573 0)
(-0.0202275 -0.00103586 0)
(-0.0219106 -0.000352495 0)
(-0.0228714 1.04512e-05 0)
(-0.0234507 8.54622e-05 0)
(-0.0239273 -5.1474e-05 0)
(-0.0244768 -0.000310332 0)
(-0.0251538 -0.000597069 0)
(-0.0258784 -0.000809418 0)
(-0.0264123 -0.000820071 0)
(-0.0263557 -0.000446964 0)
(-0.0251329 0.000528705 0)
(-0.0220718 0.00221291 0)
(-0.0167378 0.00440886 0)
(-0.00964168 0.00616041 0)
(-0.00229185 0.00499859 0)
)
;

boundaryField
{
    leftWall
    {
        type            fixedValue;
        value           uniform (0 0 0);
    }
    rightWall
    {
        type            fixedValue;
        value           uniform (0 0 0);
    }
    topWall
    {
        type            fixedValue;
        value           uniform (0 0 0);
    }
    bottomWall
    {
        type            fixedValue;
        value           uniform (0 0 0);
    }
    frontAndBackPlanes
    {
        type            empty;
    }
}


// ************************************************************************* //
