/*--------------------------------*- C++ -*----------------------------------*\
| =========                 |                                                 |
| \\      /  F ield         | OpenFOAM: The Open Source CFD Toolbox           |
|  \\    /   O peration     | Version:  2506                                  |
|   \\  /    A nd           | Website:  www.openfoam.com                      |
|    \\/     M anipulation  |                                                 |
\*---------------------------------------------------------------------------*/
FoamFile
{
    version     2.0;
    format      ascii;
    arch        "LSB;label=32;scalar=64";
    class       surfaceScalarField;
    location    "53.4";
    object      phi;
}
// * * * * * * * * * * * * * * * * * * * * * * * * * * * * * * * * * * * * * //

dimensions      [1 0 -1 0 0 0 0];

oriented        oriented;

internalField   nonuniform List<scalar> 
370
(
2.98688e-05
-0.000108779
0.000232091
-0.000202175
0.000458986
-0.000226822
0.000674045
-0.00021497
0.000862157
-0.000188013
0.00102465
-0.000162392
0.00117202
-0.000147252
0.00131846
-0.000146326
0.001479
-0.000160427
0.00166811
-0.000188984
0.0018987
-0.000230465
0.00218045
-0.000281614
0.0025155
-0.000334909
0.00289032
-0.000374682
0.00326146
-0.000370985
0.00353118
-0.000269573
0.00349974
3.15825e-05
0.00294502
0.000554866
0.00162571
0.00131944
0.00162579
0.000181513
-0.000290257
0.0005552
-0.000575763
0.000984188
-0.000655664
0.00139259
-0.000623199
0.00175227
-0.000547512
0.00206224
-0.000472162
0.00233501
-0.000419825
0.00258802
-0.000399141
0.00283845
-0.00041065
0.00310008
-0.000450412
0.00338081
-0.000510979
0.00367895
-0.000579524
0.00397724
-0.000632973
0.00423312
-0.000630318
0.0043656
-0.000503235
0.00424617
-0.000149902
0.00372373
0.000554253
0.00262186
0.00165695
0.00108046
0.00286105
0.00270636
0.000250621
-0.000540814
0.00071438
-0.00103934
0.00121927
-0.0011603
0.00167986
-0.00108349
0.00206862
-0.000935946
0.00238852
-0.000791738
0.00265497
-0.000685953
0.00288562
-0.000629473
0.00309534
-0.000620039
0.00329381
-0.000648553
0.00348386
-0.000700702
0.0036587
-0.000754014
0.00379674
-0.000770659
0.00385412
-0.000687346
0.00375806
-0.000406816
0.00341058
0.000197915
0.00272978
0.00123537
0.00171812
0.00266892
0.00061001
0.00396942
0.0033165
0.000278332
-0.00081905
0.00076189
-0.00152264
0.00125269
-0.00165072
0.00166757
-0.00149795
0.0019896
-0.00125753
0.00223162
-0.00103332
0.00241472
-0.000868608
0.00255793
-0.000772245
0.00267481
-0.000736486
0.00277314
-0.000746447
0.00285504
-0.00078215
0.00291558
-0.000814089
0.00293884
-0.000793457
0.00289198
-0.000640017
0.00272143
-0.000235806
0.00236196
0.000557826
0.00177861
0.00181915
0.00102261
0.0034253
0.000306826
0.00468553
0.00362348
0.0002751
-0.00109403
0.000708843
-0.00195605
0.00110356
-0.00204497
0.00139479
-0.00178865
0.00158534
-0.00144754
0.00170108
-0.00114852
0.00176825
-0.000935251
0.00180573
-0.000809206
0.00182488
-0.000755109
0.00183173
-0.000752775
0.00182857
-0.000778452
0.00181316
-0.000798119
0.00177557
-0.000755298
0.00169405
-0.000557924
0.00153318
-7.43775e-05
0.00125306
0.000838482
0.000849665
0.00222304
0.000397496
0.00387793
6.33405e-05
0.00502005
0.00368698
0.000228456
-0.00132233
0.000524409
-0.0022516
0.000729295
-0.00224932
0.000819621
-0.00187838
0.000825978
-0.0014533
0.000785075
-0.00110703
0.00072256
-0.00087216
0.000652286
-0.00073836
0.000580687
-0.000682933
0.000510652
-0.00068215
0.000442723
-0.000709915
0.00037381
-0.000728576
0.000295216
-0.000676058
0.000193008
-0.00045506
5.41326e-05
6.51474e-05
-0.000110451
0.00100369
-0.000261006
0.00237417
-0.000318052
0.00393548
-0.000205489
0.00490786
0.00348165
0.000110313
-0.00143248
0.000139767
-0.00228061
3.66895e-05
-0.00214565
-0.000151911
-0.00168914
-0.000371719
-0.00123286
-0.000588171
-0.000889972
-0.000786949
-0.000672783
-0.000965483
-0.000559226
-0.00112569
-0.000522116
-0.00127064
-0.000536578
-0.00140419
-0.000575722
-0.00153117
-0.000600951
-0.00165495
-0.000551609
-0.00176982
-0.000339507
-0.00184569
0.000141702
-0.00181672
0.000975362
-0.00160404
0.00216208
-0.00114987
0.00348183
-0.000502653
0.00426102
0.00297915
-0.000128912
-0.00130337
-0.000521513
-0.00188751
-0.00103698
-0.00162955
-0.00154834
-0.00117714
-0.00199568
-0.00078491
-0.00236773
-0.000517326
-0.00267523
-0.000364696
-0.0029351
-0.000298756
-0.00316337
-0.00029326
-0.00337272
-0.000326635
-0.00357121
-0.000376626
-0.00375883
-0.000412729
-0.0039201
-0.00038972
-0.00401342
-0.000245572
-0.00396256
9.14567e-05
-0.00366463
0.000678031
-0.00302585
0.00152385
-0.0020204
0.00247686
-0.000816259
0.00305722
0.00216303
-0.000500125
-0.000803014
-0.0014105
-0.000976601
-0.00230972
-0.000729701
-0.00303214
-0.000454098
-0.00356371
-0.000252745
-0.00394638
-0.000134108
-0.0042318
-7.87412e-05
-0.00446433
-6.57061e-05
-0.00467692
-8.01591e-05
-0.00489119
-0.000111855
-0.00511636
-0.000150962
-0.00534413
-0.000184459
-0.00554004
-0.000193319
-0.00563418
-0.000150945
-0.00552185
-2.03899e-05
-0.00506577
0.000222431
-0.00414623
0.000604762
-0.00273939
0.00107041
-0.0010851
0.00140323
0.00107805
-0.00080276
-0.0017788
-0.00250786
-0.00296134
-0.00321352
-0.00334712
-0.00342539
-0.00349065
-0.00357039
-0.00368184
-0.00383241
-0.0040165
-0.00420945
-0.00436004
-0.00438009
-0.00415733
-0.00355226
-0.00248158
-0.00107814
)
;

boundaryField
{
    leftWall
    {
        type            calculated;
        value           nonuniform List<scalar> 10(0 0 -1.35525e-20 0 0 1.0842e-19 0 2.1684e-19 0 0);
    }
    rightWall
    {
        type            calculated;
        value           nonuniform List<scalar> 10(-1.0842e-19 0 0 0 0 0 0 0 0 0);
    }
    topWall
    {
        type            calculated;
        value           uniform 0;
    }
    bottomWall
    {
        type            calculated;
        value           uniform 0;
    }
    frontAndBackPlanes
    {
        type            empty;
    }
}


// ************************************************************************* //
