/*--------------------------------*- C++ -*----------------------------------*\
| =========                 |                                                 |
| \\      /  F ield         | OpenFOAM: The Open Source CFD Toolbox           |
|  \\    /   O peration     | Version:  2506                                  |
|   \\  /    A nd           | Website:  www.openfoam.com                      |
|    \\/     M anipulation  |                                                 |
\*---------------------------------------------------------------------------*/
FoamFile
{
    version     2.0;
    format      ascii;
    arch        "LSB;label=32;scalar=64";
    class       surfaceScalarField;
    location    "0.8";
    object      phi;
}
// * * * * * * * * * * * * * * * * * * * * * * * * * * * * * * * * * * * * * //

dimensions      [1 0 -1 0 0 0 0];

oriented        oriented;

internalField   nonuniform List<scalar> 
370
(
-0.00041185
9.2829e-05
-0.000513895
0.000102012
-0.000500022
-1.39017e-05
-0.000423066
-7.6985e-05
-0.00033601
-8.70854e-05
-0.000258303
-7.7736e-05
-0.000192001
-6.63313e-05
-0.000134351
-5.76789e-05
-8.19206e-05
-5.24592e-05
-3.16663e-05
-5.02831e-05
1.89556e-05
-5.06507e-05
7.23177e-05
-5.3391e-05
0.000131221
-5.89327e-05
0.000199143
-6.7951e-05
0.000279071
-7.99568e-05
0.000368516
-8.94744e-05
0.00044639
-7.78987e-05
0.000456738
-1.02556e-05
0.000303822
0.00015515
0.000331032
-0.000161335
0.000254313
-0.000303646
0.000244331
-0.000354234
3.66805e-05
-0.000329683
-0.000101543
-0.000278931
-0.000137845
-0.00022375
-0.000132925
-0.000170485
-0.000119605
-0.000119716
-0.000108457
-7.05463e-05
-0.000101637
-2.18222e-05
-9.90157e-05
2.7522e-05
-0.000100003
7.84103e-05
-0.000104288
0.000131822
-0.000112353
0.00018863
-0.000124768
0.000248198
-0.000139533
0.000304216
-0.000145501
0.000333393
-0.000107078
0.000278383
4.48701e-05
0.000128788
0.000307044
0.000487356
-6.76432e-05
0.000322295
-0.000150395
0.00032713
-0.000181381
6.76695e-05
-0.000186274
-9.66492e-05
-0.000172051
-0.000152068
-0.000147422
-0.000157554
-0.000117318
-0.000149707
-8.42718e-05
-0.000141503
-4.96842e-05
-0.000136224
-1.43971e-05
-0.000134302
2.10364e-05
-0.000135437
5.60353e-05
-0.000139286
8.9556e-05
-0.000145873
0.000119621
-0.000154832
0.000143672
-0.000163584
0.000156684
-0.000158512
0.000150881
-0.00010127
0.000120092
7.5786e-05
4.02918e-05
0.000389197
0.000555449
-2.73347e-05
0.000350162
-6.28174e-05
0.00036269
-8.71597e-05
9.20165e-05
-9.59022e-05
-8.79064e-05
-9.34737e-05
-0.000154496
-8.41004e-05
-0.000166927
-7.06533e-05
-0.000163154
-5.49334e-05
-0.000157223
-3.80793e-05
-0.000153078
-2.07988e-05
-0.000151583
-3.47158e-06
-0.000152764
1.36752e-05
-0.000156433
3.01938e-05
-0.000162392
4.52135e-05
-0.000169852
5.65143e-05
-0.000174885
6.1051e-05
-0.000163048
5.50036e-05
-9.52167e-05
3.24242e-05
9.84945e-05
2.3941e-07
0.000423771
0.000583712
-1.22269e-05
0.000363113
-2.70523e-05
0.000377624
-3.83162e-05
0.000103288
-4.29334e-05
-8.32888e-05
-4.35782e-05
-0.000153851
-4.15923e-05
-0.000168913
-3.79393e-05
-0.000166807
-3.32805e-05
-0.000161881
-2.81188e-05
-0.000158239
-2.28379e-05
-0.000156863
-1.768e-05
-0.000157921
-1.27387e-05
-0.000161374
-8.14345e-06
-0.000166986
-4.20641e-06
-0.000173788
-1.46344e-06
-0.000177627
-6.87953e-07
-0.000163824
-4.41629e-06
-9.14829e-05
-1.23445e-05
0.000106556
-2.00132e-05
0.000433879
0.000591903
-4.5719e-06
0.000368601
-5.54386e-06
0.000378733
-3.66324e-06
0.000101418
-3.52727e-06
-8.34243e-05
-5.1627e-06
-0.000152215
-8.40193e-06
-0.000165673
-1.27691e-05
-0.000162439
-1.78068e-05
-0.000156842
-2.31417e-05
-0.000152904
-2.85872e-05
-0.000151417
-3.40213e-05
-0.000152486
-3.92189e-05
-0.000156175
-4.37425e-05
-0.000162462
-4.70814e-05
-0.000170449
-4.86575e-05
-0.00017605
-4.79595e-05
-0.000164521
-4.39414e-05
-9.54952e-05
-3.66088e-05
9.93624e-05
-2.84439e-05
0.000428192
0.000591844
9.42679e-06
0.000360283
2.95546e-05
0.000358773
4.46474e-05
8.63383e-05
4.88238e-05
-8.75998e-05
4.39903e-05
-0.000147381
3.31596e-05
-0.000154841
1.86355e-05
-0.000147913
2.07285e-06
-0.000140278
-1.54777e-05
-0.000135351
-3.33932e-05
-0.000133499
-5.137e-05
-0.000134507
-6.90464e-05
-0.000138497
-8.56166e-05
-0.00014589
-9.97021e-05
-0.000156361
-0.000109332
-0.000166419
-0.000111652
-0.0001622
-0.00010288
-0.00010426
-7.93958e-05
7.60237e-05
-4.63051e-05
0.000397626
0.000574105
4.36843e-05
0.0003179
0.000105859
0.0002968
0.000129186
6.30288e-05
0.000131925
-9.03359e-05
0.000118242
-0.000133696
9.3808e-05
-0.000130404
6.31185e-05
-0.00011722
2.89805e-05
-0.000106136
-6.8451e-06
-9.9522e-05
-4.3271e-05
-9.70696e-05
-7.96145e-05
-9.816e-05
-0.000115133
-0.000102974
-0.000148658
-0.000112362
-0.000178226
-0.000126789
-0.000200576
-0.000144066
-0.000210555
-0.000152217
-0.000201254
-0.000113553
-0.000169301
4.42289e-05
-8.82884e-05
0.000319212
0.000514565
0.000108276
0.000211115
0.000235725
0.000169583
0.000291422
7.35081e-06
0.000265532
-6.44474e-05
0.0002132
-8.13661e-05
0.000157058
-7.42633e-05
0.000103132
-6.32968e-05
5.19119e-05
-5.49189e-05
2.43514e-06
-5.00479e-05
-4.64268e-05
-4.82104e-05
-9.56671e-05
-4.89223e-05
-0.000146316
-5.23276e-05
-0.000199499
-5.9181e-05
-0.000256044
-7.02467e-05
-0.000315141
-8.49707e-05
-0.000370165
-9.71944e-05
-0.00039775
-8.59608e-05
-0.000340721
-1.26253e-05
-0.00018761
0.000168827
0.000355888
0.000212845
0.000382751
0.000390174
0.000325775
0.000244456
0.000170239
0.000106988
5.21153e-05
2.11297e-06
-4.60519e-05
-9.49288e-05
-0.000147211
-0.000206346
-0.000276546
-0.000361469
-0.000458615
-0.000544516
-0.000556881
-0.000385056
)
;

boundaryField
{
    leftWall
    {
        type            calculated;
        value           nonuniform List<scalar> 10(0 0 0 0 5.42101e-20 0 0 0 0 0);
    }
    rightWall
    {
        type            calculated;
        value           uniform 0;
    }
    topWall
    {
        type            calculated;
        value           uniform 0;
    }
    bottomWall
    {
        type            calculated;
        value           uniform 0;
    }
    frontAndBackPlanes
    {
        type            empty;
    }
}


// ************************************************************************* //
