/*--------------------------------*- C++ -*----------------------------------*\
| =========                 |                                                 |
| \\      /  F ield         | OpenFOAM: The Open Source CFD Toolbox           |
|  \\    /   O peration     | Version:  2506                                  |
|   \\  /    A nd           | Website:  www.openfoam.com                      |
|    \\/     M anipulation  |                                                 |
\*---------------------------------------------------------------------------*/
FoamFile
{
    version     2.0;
    format      ascii;
    arch        "LSB;label=32;scalar=64";
    class       volVectorField;
    location    "70";
    object      U;
}
// * * * * * * * * * * * * * * * * * * * * * * * * * * * * * * * * * * * * * //

dimensions      [0 1 -1 0 0 0 0];

internalField   nonuniform List<vector> 
200
(
(8.34902e-05 -0.000553948 0)
(0.00101657 -0.000782391 0)
(0.0022689 -0.000657125 0)
(0.0034347 -0.000461515 0)
(0.00431973 -0.000292273 0)
(0.00497108 -0.000185952 0)
(0.00547437 -0.000149926 0)
(0.00592166 -0.000176136 0)
(0.00639562 -0.000253596 0)
(0.00696498 -0.000375134 0)
(0.00768597 -0.000539006 0)
(0.00860383 -0.000746081 0)
(0.00974787 -0.000991497 0)
(0.0111127 -0.00124809 0)
(0.0126119 -0.00143787 0)
(0.0139757 -0.00138083 0)
(0.0145898 -0.000705665 0)
(0.0135101 0.0011785 0)
(0.00975257 0.00440143 0)
(0.00295915 0.00626109 0)
(0.000290923 -0.0024873 0)
(0.00205927 -0.00430495 0)
(0.00420905 -0.00435675 0)
(0.0062556 -0.00366554 0)
(0.00793648 -0.00283171 0)
(0.00924106 -0.00216738 0)
(0.0102643 -0.00178721 0)
(0.0111235 -0.00169718 0)
(0.0119236 -0.00185742 0)
(0.0127445 -0.00221735 0)
(0.0136369 -0.00272677 0)
(0.0146184 -0.00332521 0)
(0.0156608 -0.00390781 0)
(0.0166621 -0.00426431 0)
(0.0174003 -0.00399119 0)
(0.0174774 -0.00239186 0)
(0.0162637 0.0015504 0)
(0.0130183 0.00863445 0)
(0.00765494 0.0173538 0)
(0.00132592 0.0180178 0)
(0.000356536 -0.00495621 0)
(0.00240524 -0.00874927 0)
(0.00476513 -0.00902251 0)
(0.00696637 -0.00773772 0)
(0.00874583 -0.00610398 0)
(0.010101 -0.00472922 0)
(0.0111313 -0.0038355 0)
(0.0119481 -0.00343538 0)
(0.0126415 -0.00344854 0)
(0.0132715 -0.00376549 0)
(0.0138678 -0.00426763 0)
(0.0144267 -0.00480909 0)
(0.0149014 -0.00516158 0)
(0.0151785 -0.00492605 0)
(0.0150449 -0.00343254 0)
(0.0141514 0.000301003 0)
(0.0121064 0.00729167 0)
(0.00871933 0.0176372 0)
(0.00442077 0.0279017 0)
(0.00054299 0.0245355 0)
(0.000370001 -0.00764679 0)
(0.0023961 -0.0133408 0)
(0.00457755 -0.0136103 0)
(0.00649154 -0.0115617 0)
(0.00793696 -0.00903491 0)
(0.00895829 -0.00690782 0)
(0.00967344 -0.0054711 0)
(0.0101885 -0.0047128 0)
(0.0105755 -0.00449685 0)
(0.0108752 -0.00465533 0)
(0.0111048 -0.00501424 0)
(0.0112607 -0.00536427 0)
(0.0113102 -0.00538377 0)
(0.011172 -0.0045305 0)
(0.0106913 -0.00195347 0)
(0.00961504 0.00344527 0)
(0.00776348 0.0124733 0)
(0.00512344 0.0245678 0)
(0.00219803 0.0347921 0)
(0.000150531 0.0277856 0)
(0.000358641 -0.0102272 0)
(0.00212464 -0.0174204 0)
(0.00380765 -0.017364 0)
(0.00510907 -0.0144073 0)
(0.00594686 -0.0109943 0)
(0.00643093 -0.00820003 0)
(0.00669401 -0.00631634 0)
(0.00682722 -0.00526686 0)
(0.00687862 -0.00484983 0)
(0.00687064 -0.00485184 0)
(0.00681404 -0.00506879 0)
(0.00671061 -0.00525694 0)
(0.00654367 -0.00503138 0)
(0.00626045 -0.00374267 0)
(0.0057524 -0.000411076 0)
(0.00486194 0.00608233 0)
(0.00354223 0.0163166 0)
(0.00190536 0.0291054 0)
(0.000392205 0.0385416 0)
(-0.000136069 0.028878 0)
(0.000308837 -0.0124205 0)
(0.00152053 -0.0204202 0)
(0.00234639 -0.0196704 0)
(0.00271766 -0.0157669 0)
(0.00272907 -0.0116296 0)
(0.00254974 -0.00839548 0)
(0.002299 -0.00627243 0)
(0.00203032 -0.00508954 0)
(0.00175886 -0.00458742 0)
(0.00148847 -0.00453036 0)
(0.0012219 -0.00470438 0)
(0.0009559 -0.00484187 0)
(0.000670742 -0.00450336 0)
(0.000326569 -0.00295923 0)
(-0.000145069 0.000834958 0)
(-0.000734174 0.00790142 0)
(-0.00131645 0.018522 0)
(-0.00164277 0.0309935 0)
(-0.0014147 0.0391048 0)
(-0.000363471 0.0280589 0)
(0.000189193 -0.0137766 0)
(0.000384278 -0.0215228 0)
(-0.000122022 -0.0197554 0)
(-0.0010231 -0.0150714 0)
(-0.00202029 -0.0105921 0)
(-0.0029449 -0.00730914 0)
(-0.00374189 -0.00525718 0)
(-0.00441972 -0.00416643 0)
(-0.00500461 -0.00374709 0)
(-0.00551871 -0.00376261 0)
(-0.00597912 -0.00399301 0)
(-0.00640512 -0.00414526 0)
(-0.00681856 -0.00374961 0)
(-0.0072228 -0.00209044 0)
(-0.00755746 0.00173975 0)
(-0.00761226 0.00852392 0)
(-0.00708949 0.018328 0)
(-0.00570155 0.0293799 0)
(-0.003451 0.035971 0)
(-0.000647925 0.0251347 0)
(-8.92481e-05 -0.0134907 0)
(-0.00158835 -0.0195034 0)
(-0.00390529 -0.0166556 0)
(-0.00628762 -0.0118121 0)
(-0.00831504 -0.00768586 0)
(-0.00990647 -0.00489786 0)
(-0.0111314 -0.00329181 0)
(-0.0120933 -0.00254334 0)
(-0.012883 -0.00237131 0)
(-0.0135685 -0.00256046 0)
(-0.0141973 -0.00290636 0)
(-0.0147936 -0.00313734 0)
(-0.0153414 -0.00284469 0)
(-0.0157479 -0.00145553 0)
(-0.0157842 0.00170045 0)
(-0.0150771 0.00717541 0)
(-0.0132181 0.014976 0)
(-0.00994909 0.0236548 0)
(-0.0055849 0.0286966 0)
(-0.0009605 0.0199377 0)
(-0.000659557 -0.0104463 0)
(-0.00443823 -0.0133298 0)
(-0.0085627 -0.0100619 0)
(-0.0120188 -0.00617085 0)
(-0.0144655 -0.00333264 0)
(-0.0160853 -0.00167325 0)
(-0.0171646 -0.000893526 0)
(-0.0179405 -0.000684779 0)
(-0.018581 -0.000827285 0)
(-0.019196 -0.00117282 0)
(-0.0198482 -0.00159295 0)
(-0.0205479 -0.00192367 0)
(-0.0212285 -0.00192334 0)
(-0.0217126 -0.00125697 0)
(-0.0216705 0.000481818 0)
(-0.0205805 0.00369029 0)
(-0.017909 0.00845884 0)
(-0.0133524 0.0139714 0)
(-0.00738866 0.017478 0)
(-0.00126823 0.0125318 0)
(-0.00164241 -0.00352877 0)
(-0.00608107 -0.00348868 0)
(-0.00969188 -0.00198731 0)
(-0.0119888 -0.00077235 0)
(-0.0131485 -0.000100859 0)
(-0.0136372 0.000181061 0)
(-0.013818 0.000240126 0)
(-0.0139077 0.000182505 0)
(-0.0140301 6.46552e-05 0)
(-0.0142607 -8.69209e-05 0)
(-0.0146426 -0.000258267 0)
(-0.0151818 -0.000431219 0)
(-0.0158294 -0.000569848 0)
(-0.0164497 -0.000609739 0)
(-0.0167763 -0.000442934 0)
(-0.0164171 0.000101431 0)
(-0.0148342 0.00117807 0)
(-0.0115675 0.00273786 0)
(-0.00683302 0.00414272 0)
(-0.00164904 0.00354989 0)
)
;

boundaryField
{
    leftWall
    {
        type            fixedValue;
        value           uniform (0 0 0);
    }
    rightWall
    {
        type            fixedValue;
        value           uniform (0 0 0);
    }
    topWall
    {
        type            fixedValue;
        value           uniform (0 0 0);
    }
    bottomWall
    {
        type            fixedValue;
        value           uniform (0 0 0);
    }
    frontAndBackPlanes
    {
        type            empty;
    }
}


// ************************************************************************* //
