/*--------------------------------*- C++ -*----------------------------------*\
| =========                 |                                                 |
| \\      /  F ield         | OpenFOAM: The Open Source CFD Toolbox           |
|  \\    /   O peration     | Version:  2506                                  |
|   \\  /    A nd           | Website:  www.openfoam.com                      |
|    \\/     M anipulation  |                                                 |
\*---------------------------------------------------------------------------*/
FoamFile
{
    version     2.0;
    format      ascii;
    arch        "LSB;label=32;scalar=64";
    class       surfaceScalarField;
    location    "82.4";
    object      phi;
}
// * * * * * * * * * * * * * * * * * * * * * * * * * * * * * * * * * * * * * //

dimensions      [1 0 -1 0 0 0 0];

oriented        oriented;

internalField   nonuniform List<scalar> 
370
(
0.000171106
-0.000226587
0.000530479
-0.000359291
0.000866885
-0.000336286
0.00112494
-0.000257914
0.00130233
-0.000177225
0.00142096
-0.000118454
0.00150911
-8.79673e-05
0.00159261
-8.33079e-05
0.00169197
-9.91718e-05
0.00182262
-0.000130444
0.00199601
-0.000173189
0.00222002
-0.000223798
0.0024967
-0.000276454
0.00281531
-0.000318387
0.00313788
-0.000322342
0.00337332
-0.000235209
0.00333269
4.08752e-05
0.00279688
0.000536044
0.00153675
0.00126034
0.00153686
0.000318983
-0.000545525
0.000882895
-0.000923083
0.00145173
-0.000904948
0.00192283
-0.000728811
0.0022772
-0.000531375
0.00253507
-0.000376097
0.00272963
-0.000282306
0.00289334
-0.000246785
0.00305189
-0.00025748
0.00322251
-0.000300824
0.00341372
-0.000364162
0.0036243
-0.000434126
0.00383929
-0.00049119
0.00402164
-0.000500479
0.00409935
-0.000399792
0.00395529
-9.08806e-05
0.00344686
0.000549572
0.00241302
0.00157015
0.000985848
0.00268774
0.00252283
0.000351391
-0.000896855
0.000944677
-0.0015162
0.00153316
-0.00149319
0.00201752
-0.0012129
0.00238156
-0.000895127
0.00264561
-0.000639849
0.00283994
-0.000476341
0.00299205
-0.000398605
0.00312194
-0.00038707
0.00324119
-0.000419779
0.00335315
-0.00047583
0.00345199
-0.00053266
0.00351914
-0.000558032
0.00351705
-0.000498087
0.00338335
-0.000265779
0.00303342
0.000259364
0.00239991
0.00118339
0.00148852
0.00248183
0.000514145
0.00366236
0.00303709
0.000335291
-0.00123207
0.000870848
-0.00205156
0.00137073
-0.00199279
0.00175674
-0.00159859
0.00202868
-0.00116672
0.00221352
-0.000824336
0.00234017
-0.000602648
0.00243023
-0.00048832
0.00249674
-0.000453238
0.00254596
-0.000468663
0.00257898
-0.000508511
0.00259131
-0.000544649
0.0025697
-0.000536071
0.00248691
-0.000414951
0.00229934
-7.78618e-05
0.00195814
0.00060091
0.00144049
0.00170138
0.000797604
0.00312504
0.000217714
0.00424251
0.00325492
0.000289285
-0.00152127
0.000701769
-0.00246381
0.00103871
-0.00232942
0.00125988
-0.0018194
0.00138832
-0.00129478
0.00145809
-0.000893735
0.00149454
-0.000638722
0.00151142
-0.000504831
0.00151456
-0.000456015
0.0015061
-0.000459845
0.00148658
-0.000488632
0.00145399
-0.000511694
0.00140032
-0.000482031
0.00130741
-0.00032167
0.00114653
8.34036e-05
0.000895353
0.000852462
0.000560263
0.00203684
0.000213973
0.00347167
-1.8444e-06
0.0044586
0.00325319
0.00020656
-0.00172774
0.000422178
-0.00267918
0.000523312
-0.0024302
0.000527645
-0.00182334
0.000482362
-0.00124911
0.000421759
-0.000832747
0.000361034
-0.000577621
0.000303293
-0.00044672
0.000247458
-0.000399813
0.000192585
-0.000404608
0.0001381
-0.00043378
8.13867e-05
-0.000454612
1.53012e-05
-0.000415572
-7.08621e-05
-0.000235126
-0.000183831
0.000196766
-0.000310794
0.000979821
-0.000409384
0.00213581
-0.000403428
0.00346605
-0.00023236
0.00428779
0.00302093
5.62329e-05
-0.00178387
-3.17493e-05
-0.00259092
-0.000247332
-0.00221426
-0.000505384
-0.00156491
-0.000745549
-0.00100856
-0.000946023
-0.000631898
-0.0011084
-0.000414873
-0.001242
-0.000312765
-0.00135536
-0.000286092
-0.00145423
-0.000305382
-0.00154284
-0.000344812
-0.00162535
-0.000371739
-0.00170425
-0.000336308
-0.00177349
-0.000165514
-0.00180461
0.000228266
-0.00174456
0.000920154
-0.00152283
0.00191445
-0.00108317
0.00302672
-0.000469748
0.0036746
0.00255128
-0.000205753
-0.001578
-0.000726392
-0.00207
-0.00133003
-0.00161026
-0.00186619
-0.00102837
-0.00228707
-0.00058731
-0.00260091
-0.000317689
-0.00283458
-0.000180857
-0.00301519
-0.000131808
-0.00316369
-0.000137245
-0.00329414
-0.000174597
-0.00341468
-0.000223945
-0.00352574
-0.000260343
-0.00361447
-0.000247235
-0.00364597
-0.000133682
-0.00355729
0.00013992
-0.00326325
0.000626452
-0.0026813
0.00133281
-0.001785
0.00213071
-0.000719274
0.00260908
0.00183209
-0.000608653
-0.000969219
-0.00163834
-0.00104
-0.00257023
-0.000678011
-0.0032476
-0.00035063
-0.00369148
-0.000143067
-0.00397036
-3.84623e-05
-0.00414908
-1.80068e-06
-0.00428016
-4.10896e-07
-0.00439732
-1.97757e-05
-0.00451829
-5.33335e-05
-0.00465073
-9.12165e-05
-0.00478785
-0.000122938
-0.00490134
-0.000133471
-0.00493355
-0.000101202
-0.0047998
6.42651e-06
-0.00437929
0.000206203
-0.0035711
0.000524879
-0.00235262
0.000912452
-0.000929314
0.00118594
0.000902846
-0.000969077
-0.00200878
-0.00268643
-0.00303669
-0.00317941
-0.00321754
-0.00321902
-0.00321914
-0.00323863
-0.0032917
-0.00338267
-0.00350538
-0.00363863
-0.00373962
-0.003733
-0.00352661
-0.00300156
-0.00208895
-0.000902897
)
;

boundaryField
{
    leftWall
    {
        type            calculated;
        value           uniform 0;
    }
    rightWall
    {
        type            calculated;
        value           uniform 0;
    }
    topWall
    {
        type            calculated;
        value           uniform 0;
    }
    bottomWall
    {
        type            calculated;
        value           uniform 0;
    }
    frontAndBackPlanes
    {
        type            empty;
    }
}


// ************************************************************************* //
