/*--------------------------------*- C++ -*----------------------------------*\
| =========                 |                                                 |
| \\      /  F ield         | OpenFOAM: The Open Source CFD Toolbox           |
|  \\    /   O peration     | Version:  2506                                  |
|   \\  /    A nd           | Website:  www.openfoam.com                      |
|    \\/     M anipulation  |                                                 |
\*---------------------------------------------------------------------------*/
FoamFile
{
    version     2.0;
    format      ascii;
    arch        "LSB;label=32;scalar=64";
    class       surfaceScalarField;
    location    "63.2";
    object      phi;
}
// * * * * * * * * * * * * * * * * * * * * * * * * * * * * * * * * * * * * * //

dimensions      [1 0 -1 0 0 0 0];

oriented        oriented;

internalField   nonuniform List<scalar> 
370
(
7.70948e-05
-0.000147182
0.000332496
-0.000255334
0.00059675
-0.000264155
0.000826419
-0.000229549
0.00101076
-0.000184209
0.00115824
-0.000147337
0.0012854
-0.000127011
0.00141023
-0.000124678
0.00154932
-0.000138936
0.00171716
-0.000167678
0.00192607
-0.000208735
0.00218533
-0.00025909
0.00249769
-0.000312184
0.00285158
-0.000353702
0.0032064
-0.000354625
0.00346722
-0.000260626
0.0034365
3.09192e-05
0.00289284
0.000543858
0.00159618
0.00129684
0.00159628
0.000231238
-0.000378378
0.000672069
-0.000696047
0.00114924
-0.000741151
0.00157766
-0.000657769
0.00193305
-0.000539387
0.00222243
-0.000436491
0.00246575
-0.000370103
0.00268549
-0.000344196
0.0029014
-0.000354617
0.00312809
-0.00039413
0.00337353
-0.000453938
0.00363653
-0.000521854
0.00390163
-0.000577025
0.00412949
-0.000581306
0.00424352
-0.000468393
0.00411947
-0.000136317
0.00360931
0.000541341
0.00253875
0.00161468
0.00104368
0.00279213
0.00264007
0.000289874
-0.000668185
0.000802419
-0.00120841
0.00133712
-0.00127559
0.00180418
-0.00112452
0.00218119
-0.000916068
0.00247811
-0.000733075
0.00271588
-0.000607542
0.00291545
-0.000543441
0.00309308
-0.000531913
0.00325874
-0.000559463
0.0034154
-0.000610257
0.00355705
-0.000663168
0.00366432
-0.000683957
0.00369719
-0.000613822
0.00358795
-0.000358801
0.00324389
0.000208093
0.00258752
0.00119805
0.00162095
0.00258156
0.000569739
0.0038436
0.00320994
0.000303036
-0.000971132
0.000809433
-0.00171456
0.0013053
-0.0017711
0.00170966
-0.00152848
0.00201257
-0.00121855
0.00223247
-0.000952546
0.00239322
-0.000767861
0.00251438
-0.000664181
0.00260889
-0.000626007
0.00268372
-0.000633886
0.00274077
-0.000666887
0.00277595
-0.00069793
0.00277561
-0.000683189
0.00271061
-0.000548398
0.00253265
-0.00018041
0.00218265
0.000558515
0.00162994
0.00175116
0.000924398
0.00328747
0.000267857
0.00450044
0.00347794
0.000284358
-0.00125538
0.000715049
-0.00214496
0.00109205
-0.00214769
0.00135985
-0.0017958
0.00152929
-0.0013875
0.00162919
-0.00105196
0.00168494
-0.00082312
0.00171296
-0.00069173
0.0017223
-0.000634877
0.00171766
-0.000628778
0.00170117
-0.000649923
0.00167152
-0.000667808
0.00162065
-0.00063183
0.00152937
-0.000456634
0.00136526
-1.58048e-05
0.00109563
0.000828625
0.000721435
0.00212582
0.000315497
0.00369383
3.35337e-05
0.00478273
0.00351161
0.00022347
-0.00147873
0.00049377
-0.00241493
0.000663908
-0.00231737
0.000725367
-0.00185674
0.000715649
-0.00137725
0.000669912
-0.0010057
0.000609091
-0.000761786
0.000542584
-0.00062472
0.000474104
-0.000565899
0.000405611
-0.000559789
0.000337925
-0.000581738
0.00026875
-0.000598127
0.000190267
-0.000552833
8.96292e-05
-0.000355467
-4.33712e-05
0.000117742
-0.000195802
0.000981591
-0.000326865
0.00225738
-0.000357853
0.00372526
-0.000219001
0.00464421
0.00329274
9.18239e-05
-0.00157042
7.85525e-05
-0.00240129
-6.53329e-05
-0.00217298
-0.000277854
-0.00164369
-0.000502557
-0.00115201
-0.00071055
-0.000797182
-0.000894086
-0.000577736
-0.00105508
-0.000463224
-0.00119749
-0.00042298
-0.00132483
-0.000431951
-0.00144071
-0.000465361
-0.00154977
-0.00048856
-0.00165573
-0.000446359
-0.00175373
-0.000256939
-0.00181488
0.000179432
-0.00177829
0.000945523
-0.00156727
0.00204685
-0.00112265
0.00328107
-0.000490121
0.00401199
0.00280275
-0.000158597
-0.00141166
-0.000601405
-0.00195808
-0.00115183
-0.00162204
-0.00167224
-0.00112274
-0.00210856
-0.000715165
-0.00245731
-0.000447916
-0.00273529
-0.000299253
-0.0029628
-0.000235224
-0.00315717
-0.000228129
-0.00333142
-0.000257223
-0.00349391
-0.000302402
-0.00364559
-0.000336402
-0.00377336
-0.000318114
-0.00383981
-0.000190018
-0.00377515
0.00011525
-0.00348385
0.000654691
-0.00287509
0.00143853
-0.00192032
0.0023267
-0.000776145
0.00286811
0.00202672
-0.000543074
-0.000868409
-0.00150103
-0.000999711
-0.00241424
-0.000708322
-0.00312094
-0.00041552
-0.00362104
-0.000214564
-0.00396619
-0.000102279
-0.00421241
-5.25712e-05
-0.00440506
-4.21219e-05
-0.00457656
-5.62008e-05
-0.00474774
-8.56151e-05
-0.00492799
-0.000121749
-0.00511084
-0.000153145
-0.00526591
-0.000162658
-0.00532982
-0.000125718
-0.00520867
-5.52393e-06
-0.00476955
0.000215944
-0.00390078
0.00057011
-0.00257662
0.00100286
-0.00102056
0.00131228
0.00100626
-0.000868217
-0.00186751
-0.00257533
-0.00299035
-0.00320444
-0.00330627
-0.00335842
-0.00340014
-0.00345596
-0.00354121
-0.00366261
-0.00381543
-0.00397777
-0.00410319
-0.00410844
-0.00389222
-0.00332186
-0.00231879
-0.00100634
)
;

boundaryField
{
    leftWall
    {
        type            calculated;
        value           nonuniform List<scalar> 10(0 6.77626e-21 0 0 0 0 0 0 0 0);
    }
    rightWall
    {
        type            calculated;
        value           uniform 0;
    }
    topWall
    {
        type            calculated;
        value           uniform 0;
    }
    bottomWall
    {
        type            calculated;
        value           uniform 0;
    }
    frontAndBackPlanes
    {
        type            empty;
    }
}


// ************************************************************************* //
