/*--------------------------------*- C++ -*----------------------------------*\
| =========                 |                                                 |
| \\      /  F ield         | OpenFOAM: The Open Source CFD Toolbox           |
|  \\    /   O peration     | Version:  2506                                  |
|   \\  /    A nd           | Website:  www.openfoam.com                      |
|    \\/     M anipulation  |                                                 |
\*---------------------------------------------------------------------------*/
FoamFile
{
    version     2.0;
    format      ascii;
    arch        "LSB;label=32;scalar=64";
    class       surfaceScalarField;
    location    "18.8";
    object      phi;
}
// * * * * * * * * * * * * * * * * * * * * * * * * * * * * * * * * * * * * * //

dimensions      [1 0 -1 0 0 0 0];

oriented        oriented;

internalField   nonuniform List<scalar> 
370
(
-7.89659e-05
-2.989e-05
-2.16042e-06
-7.68098e-05
0.000130992
-0.00013316
0.000322931
-0.000191951
0.000567647
-0.000244731
0.000856435
-0.000288808
0.00117968
-0.000323267
0.00152755
-0.000347896
0.00189055
-0.000363019
0.00225998
-0.00036945
0.00262826
-0.000368312
0.00298869
-0.000360447
0.00333332
-0.000344645
0.0036468
-0.000313497
0.00389457
-0.000247788
0.00399399
-9.94135e-05
0.00380488
0.000189121
0.00310611
0.0006988
0.00168684
0.00141932
0.00168689
3.62599e-05
-6.61473e-05
0.000188568
-0.000229112
0.000453025
-0.000397609
0.000819029
-0.000557951
0.00127268
-0.000698378
0.00179659
-0.000812728
0.00237106
-0.000897748
0.00297459
-0.000951436
0.003584
-0.000972435
0.0041744
-0.000959871
0.00471889
-0.000912813
0.00518697
-0.000828537
0.00554118
-0.000698863
0.00573154
-0.000503867
0.00568607
-0.00020234
0.00530704
0.0002796
0.00446063
0.0010355
0.00304676
0.00211263
0.00123439
0.00323166
0.00292127
7.34857e-05
-0.000139625
0.000279116
-0.00043472
0.000605632
-0.000724098
0.0010368
-0.000989093
0.00155496
-0.00121652
0.00214003
-0.00139779
0.002769
-0.00152672
0.00341546
-0.00159788
0.0040494
-0.00160637
0.00463763
-0.0015481
0.00514417
-0.00141934
0.00552952
-0.00121387
0.00574804
-0.00091737
0.00574366
-0.000499491
0.00544691
9.43997e-05
0.00478647
0.000940013
0.00371992
0.00210199
0.00229985
0.0035326
0.000822141
0.00470925
0.00374335
7.8369e-05
-0.000217979
0.00028749
-0.000643804
0.000607531
-0.00104409
0.00102145
-0.00140297
0.00151213
-0.00170716
0.00206044
-0.00194608
0.0026435
-0.00210975
0.00323335
-0.0021877
0.00379707
-0.00217005
0.00429874
-0.00204971
0.0047018
-0.00182233
0.00496997
-0.00148196
0.00506505
-0.00101239
0.00494324
-0.000377638
0.00455473
0.000482924
0.00386182
0.0016329
0.00286563
0.00309809
0.0016636
0.00473449
0.000537985
0.00583469
0.00428124
6.36802e-05
-0.000281639
0.000228699
-0.000808773
0.000479183
-0.00129451
0.000803537
-0.00172726
0.00119019
-0.00209376
0.0016249
-0.00238073
0.00208791
-0.0025727
0.00255221
-0.0026519
0.00298477
-0.00260245
0.00335108
-0.0024158
0.00362045
-0.00209145
0.00376791
-0.00162918
0.00377113
-0.00101542
0.00360519
-0.000211554
0.0032376
0.000850592
0.00265301
0.00221751
0.00187488
0.00387615
0.00100727
0.00560195
0.000277577
0.00656422
0.00455874
2.64296e-05
-0.000308044
9.67046e-05
-0.000878988
0.000209222
-0.00140696
0.000363971
-0.00188194
0.00055923
-0.00228895
0.000789054
-0.00261047
0.00103982
-0.00282331
0.00128866
-0.00290045
0.00150685
-0.00282018
0.0016677
-0.00257605
0.00175383
-0.00217692
0.00175841
-0.00163314
0.00167901
-0.000935555
0.00151016
-4.24018e-05
0.00124149
0.0011195
0.000883805
0.00257534
0.00048011
0.00427988
0.000125632
0.00595638
-4.87969e-05
0.00673863
0.00450991
-3.61532e-05
-0.000271863
-0.000114201
-0.000800874
-0.000213109
-0.00130797
-0.000319069
-0.00177589
-0.000422492
-0.00218542
-0.000518862
-0.0025139
-0.000611937
-0.00272983
-0.000714062
-0.00279759
-0.000839869
-0.00269326
-0.000996342
-0.00241819
-0.00117679
-0.00199504
-0.00136327
-0.00144542
-0.00153415
-0.000763762
-0.00167104
9.5198e-05
-0.00173354
0.00118258
-0.001687
0.00252924
-0.00148244
0.00407561
-0.00107117
0.0055453
-0.000478018
0.00614559
0.00403192
-0.000109631
-0.000162206
-0.00036233
-0.000548112
-0.000719728
-0.00095049
-0.00116023
-0.00133529
-0.0016652
-0.00168026
-0.00221692
-0.00196174
-0.00280056
-0.00214527
-0.00340327
-0.00219329
-0.0040083
-0.00208598
-0.00458858
-0.00183529
-0.00510544
-0.0014756
-0.00551214
-0.00103652
-0.00575662
-0.000517545
-0.00577946
0.000119418
-0.0055054
0.000909583
-0.00488089
0.00190556
-0.00386935
0.00306473
-0.00249656
0.00417301
-0.000980803
0.00463018
0.00305127
-0.000128325
-3.38599e-05
-0.000473116
-0.000203267
-0.00101667
-0.000406854
-0.00174466
-0.000607166
-0.0026339
-0.000790693
-0.00365026
-0.000944618
-0.0047478
-0.00104613
-0.00586904
-0.00106937
-0.00694839
-0.00100296
-0.00791886
-0.000860641
-0.00871784
-0.000672521
-0.00928607
-0.000464727
-0.00955782
-0.000242934
-0.00945659
2.03352e-05
-0.00889499
0.000349661
-0.00778858
0.000800493
-0.00608692
0.00136416
-0.00385481
0.00194178
-0.00146578
0.00224178
0.0015858
-3.38392e-05
-0.000237056
-0.00064384
-0.00125089
-0.00204131
-0.00298519
-0.00402968
-0.00509611
-0.00609486
-0.00695047
-0.0076178
-0.00807773
-0.00831654
-0.00829287
-0.00794056
-0.00713796
-0.00577211
-0.003829
-0.00158626
)
;

boundaryField
{
    leftWall
    {
        type            calculated;
        value           nonuniform List<scalar> 10(1.05879e-22 0 0 0 0 1.35525e-20 0 -2.71051e-20 0 5.42101e-20);
    }
    rightWall
    {
        type            calculated;
        value           uniform 0;
    }
    topWall
    {
        type            calculated;
        value           uniform 0;
    }
    bottomWall
    {
        type            calculated;
        value           uniform 0;
    }
    frontAndBackPlanes
    {
        type            empty;
    }
}


// ************************************************************************* //
