/*--------------------------------*- C++ -*----------------------------------*\
| =========                 |                                                 |
| \\      /  F ield         | OpenFOAM: The Open Source CFD Toolbox           |
|  \\    /   O peration     | Version:  2506                                  |
|   \\  /    A nd           | Website:  www.openfoam.com                      |
|    \\/     M anipulation  |                                                 |
\*---------------------------------------------------------------------------*/
FoamFile
{
    version     2.0;
    format      ascii;
    arch        "LSB;label=32;scalar=64";
    class       surfaceScalarField;
    location    "73.2";
    object      phi;
}
// * * * * * * * * * * * * * * * * * * * * * * * * * * * * * * * * * * * * * //

dimensions      [1 0 -1 0 0 0 0];

oriented        oriented;

internalField   nonuniform List<scalar> 
370
(
0.00012667
-0.000188772
0.000437204
-0.000310456
0.000739844
-0.000302524
0.000984539
-0.000244554
0.00116499
-0.000180296
0.00129689
-0.000131732
0.0014031
-0.000106033
0.0015058
-0.000102522
0.00162363
-0.000117655
0.0017715
-0.000147681
0.00196119
-0.000189489
0.00220119
-0.000239806
0.00249396
-0.000292556
0.00282857
-0.000334398
0.00316614
-0.000337353
0.00341408
-0.000247722
0.00337922
3.50879e-05
0.00284126
0.000538188
0.00156493
0.00127653
0.00156504
0.000279252
-0.000467979
0.00078716
-0.00081824
0.00131414
-0.000829326
0.00176549
-0.000695697
0.00211987
-0.000534452
0.0023916
-0.000403231
0.00260793
-0.000322128
0.00279679
-0.000291138
0.0029811
-0.000301728
0.00317683
-0.00034317
0.00339218
-0.000404589
0.00362589
-0.000473271
0.0038629
-0.000529303
0.00406534
-0.000536581
0.00415945
-0.000431193
0.00402503
-0.000113036
0.00351726
0.000543129
0.00246829
0.00158743
0.00101149
0.00273356
0.00257665
0.000324817
-0.000792731
0.000883116
-0.00137636
0.00144826
-0.00139421
0.00192509
-0.00117224
0.00229473
-0.000903777
0.00257301
-0.000681191
0.00278616
-0.000534961
0.00295883
-0.000463488
0.00310934
-0.000451918
0.00324852
-0.00048204
0.00337952
-0.000535265
0.00349642
-0.000589847
0.0035804
-0.00061296
0.00359303
-0.000548883
0.00346981
-0.000307642
0.00312272
0.000234387
0.00247987
0.00118631
0.00154515
0.00252245
0.000537881
0.00374108
0.00311465
0.000322434
-0.00111508
0.000847131
-0.00190083
0.0013469
-0.00189366
0.00174202
-0.00156699
0.00202798
-0.00118936
0.00222812
-0.000880932
0.00236923
-0.000675688
0.00247214
-0.000566019
0.00254993
-0.000529328
0.00260922
-0.000540949
0.00265147
-0.000577134
0.00267242
-0.000610424
0.00265877
-0.000598922
0.0025826
-0.000472326
0.00239849
-0.000123154
0.0020532
0.000580064
0.00152059
0.0017193
0.000851067
0.00319232
0.000238578
0.00435385
0.00335336
0.000288718
-0.00140371
0.000711651
-0.00232351
0.00106824
-0.00224989
0.00131119
-0.00180952
0.00145819
-0.00133592
0.00154109
-0.000963402
0.00158538
-0.000719547
0.00160613
-0.00058635
0.00161072
-0.000533503
0.00160253
-0.000532349
0.00158289
-0.000557088
0.0015502
-0.000577323
0.00149657
-0.000544874
0.00140366
-0.000378987
0.00123984
4.10974e-05
0.000980046
0.00084028
0.000628032
0.00207172
0.000256421
0.0035643
1.2959e-05
0.0045976
0.00336644
0.000215326
-0.00161893
0.000457314
-0.00256521
0.00059005
-0.00238223
0.000620252
-0.00183928
0.000590805
-0.00130603
0.000536473
-0.000908623
0.000475069
-0.000657706
0.000412564
-0.000523417
0.000350099
-0.000470615
0.000288138
-0.000469967
0.000226843
-0.000495372
0.000163797
-0.000513852
9.13934e-05
-0.000472039
-2.37132e-06
-0.000284781
-0.000123817
0.000162995
-0.000262025
0.000978941
-0.000374916
0.00218505
-0.000384964
0.00357473
-0.000227441
0.00444037
0.00313912
7.26286e-05
-0.00169144
1.77837e-05
-0.00251005
-0.000165608
-0.00219842
-0.000403468
-0.00160097
-0.000636877
-0.00107217
-0.000840805
-0.000704255
-0.00101273
-0.000485353
-0.00115868
-0.000377041
-0.00128514
-0.000343738
-0.00139676
-0.000357931
-0.00149742
-0.000394294
-0.00159145
-0.000419407
-0.00168182
-0.000381245
-0.00176298
-0.000203183
-0.00180717
0.000207623
-0.00175768
0.000929894
-0.00154138
0.00196916
-0.00110033
0.00313405
-0.000478856
0.00381917
0.00266037
-0.000185175
-0.00150613
-0.00067212
-0.00202277
-0.00125307
-0.00161704
-0.00178268
-0.00107092
-0.00221037
-0.000644029
-0.00253937
-0.00037483
-0.00279223
-0.000232081
-0.00299306
-0.000175808
-0.00316116
-0.000175238
-0.00331015
-0.000208549
-0.00344825
-0.000255801
-0.00357615
-0.000291125
-0.00368094
-0.000276058
-0.00372689
-0.00015684
-0.00364843
0.000129549
-0.00335609
0.000637948
-0.00276358
0.00137703
-0.00184307
0.00221387
-0.000743965
0.0027203
0.0019165
-0.000580489
-0.00092549
-0.00157979
-0.00102312
-0.00250443
-0.000691968
-0.00319521
-0.000379707
-0.00366385
-0.000174958
-0.00397162
-6.66594e-05
-0.0041801
-2.32097e-05
-0.00433772
-1.78161e-05
-0.00447739
-3.52018e-05
-0.00461892
-6.66786e-05
-0.00477078
-0.000103596
-0.00492644
-0.000135137
-0.00505679
-0.000145383
-0.00510185
-0.000111464
-0.00497422
2.22916e-06
-0.00454596
0.000209994
-0.00371243
0.000543786
-0.00244917
0.000950867
-0.000968902
0.00124023
0.000947684
-0.000925328
-0.0019481
-0.00263965
-0.00301893
-0.00319348
-0.00325975
-0.00328259
-0.00330006
-0.00333494
-0.00340131
-0.00350461
-0.00363948
-0.0037846
-0.00389582
-0.00389336
-0.00368315
-0.00313916
-0.00218811
-0.000947743
)
;

boundaryField
{
    leftWall
    {
        type            calculated;
        value           nonuniform List<scalar> 10(0 0 -2.71051e-20 5.42101e-20 0 0 0 0 0 0);
    }
    rightWall
    {
        type            calculated;
        value           nonuniform List<scalar> 10(0 0 0 0 -4.33681e-19 0 0 0 0 0);
    }
    topWall
    {
        type            calculated;
        value           uniform 0;
    }
    bottomWall
    {
        type            calculated;
        value           uniform 0;
    }
    frontAndBackPlanes
    {
        type            empty;
    }
}


// ************************************************************************* //
