/*--------------------------------*- C++ -*----------------------------------*\
| =========                 |                                                 |
| \\      /  F ield         | OpenFOAM: The Open Source CFD Toolbox           |
|  \\    /   O peration     | Version:  2506                                  |
|   \\  /    A nd           | Website:  www.openfoam.com                      |
|    \\/     M anipulation  |                                                 |
\*---------------------------------------------------------------------------*/
FoamFile
{
    version     2.0;
    format      ascii;
    arch        "LSB;label=32;scalar=64";
    class       surfaceScalarField;
    location    "107.4";
    object      phi;
}
// * * * * * * * * * * * * * * * * * * * * * * * * * * * * * * * * * * * * * //

dimensions      [1 0 -1 0 0 0 0];

oriented        oriented;

internalField   nonuniform List<scalar> 
370
(
0.000277941
-0.000318621
0.000755434
-0.000477423
0.00117582
-0.000420281
0.00147149
-0.000295548
0.00164863
-0.000176993
0.00174267
-9.38871e-05
0.00179378
-5.09481e-05
0.00183586
-4.19061e-05
0.00189389
-5.78464e-05
0.0019849
-9.08205e-05
0.00212
-0.000134908
0.00230579
-0.00018559
0.0025432
-0.000237201
0.00282123
-0.00027782
0.00310303
-0.000281574
0.00330012
-0.000196874
0.00323557
6.47764e-05
0.00269437
0.000541422
0.00146741
0.00122715
0.00146752
0.000407922
-0.000726507
0.00110001
-0.00116941
0.00176809
-0.00108822
0.00229146
-0.000818756
0.00265542
-0.000540778
0.00289216
-0.000330445
0.00304712
-0.000205717
0.00316224
-0.000156839
0.00326912
-0.000164529
0.00338779
-0.000209287
0.00352762
-0.000274529
0.00368731
-0.00034507
0.00385188
-0.000401558
0.00398534
-0.000411058
0.00401881
-0.000314821
0.00384303
-2.08714e-05
0.00331833
0.000589708
0.00230469
0.00155529
0.000933619
0.00259842
0.00240124
0.000406229
-0.00113269
0.00107326
-0.00183632
0.0017132
-0.00172798
0.00221798
-0.00132332
0.00257656
-0.000899135
0.00281799
-0.000571654
0.00298029
-0.000367786
0.00309627
-0.000272599
0.00318895
-0.000256978
0.00327124
-0.000291346
0.0033468
-0.000349859
0.00340972
-0.000407762
0.00344164
-0.000433238
0.00340632
-0.000375503
0.00324522
-0.000153483
0.00288047
0.000344128
0.00225698
0.00121344
0.00138443
0.00242807
0.000470186
0.00351287
0.00287152
0.000357924
-0.00149056
0.000910285
-0.00238853
0.00140666
-0.00222414
0.00177302
-0.00168945
0.0020179
-0.00114376
0.00217516
-0.000728656
0.00227724
-0.000469613
0.00234655
-0.000341652
0.00239548
-0.000305654
0.00242921
-0.000324827
0.00244786
-0.000368265
0.00244626
-0.000405906
0.00241088
-0.000397609
0.00231545
-0.000279818
0.00212006
4.21702e-05
0.00178483
0.000679616
0.00129339
0.00170514
0.000699404
0.00302231
0.00018049
0.00403198
0.00305209
0.000284864
-0.00177536
0.00066679
-0.00277029
0.000956576
-0.0025137
0.00112951
-0.00186212
0.00121906
-0.00123304
0.00126312
-0.000772436
0.00128592
-0.000492154
0.00129795
-0.000353419
0.00130156
-0.000309004
0.00129627
-0.000319279
0.00128097
-0.000352706
0.00125266
-0.00037734
0.00120286
-0.000347549
0.00111424
-0.000190933
0.000961853
0.000194827
0.00072986
0.000911881
0.000429474
0.0020058
0.000132749
0.00331929
-3.17435e-05
0.00419667
0.00302043
0.000183162
-0.00195846
0.000334649
-0.00292159
0.000364508
-0.00254331
0.000311922
-0.00180927
0.000232027
-0.00115288
0.000157211
-0.000697351
9.68948e-05
-0.000431575
4.83647e-05
-0.00030463
6.21928e-06
-0.000266603
-3.31976e-05
-0.000279608
-7.19431e-05
-0.000313706
-0.000113118
-0.00033591
-0.000163247
-0.000297161
-0.000231367
-0.000122549
-0.000320958
0.000284691
-0.000419189
0.00101039
-0.000483269
0.00207015
-0.000440327
0.00327659
-0.000239161
0.00399569
0.00278134
1.69616e-05
-0.00197535
-0.000144602
-0.00275983
-0.000431434
-0.00225623
-0.000735373
-0.00150506
-0.000993696
-0.000894291
-0.00119159
-0.000499198
-0.00133882
-0.000284094
-0.00145081
-0.000192393
-0.0015399
-0.000177266
-0.00161394
-0.000205316
-0.00167807
-0.000249327
-0.00173617
-0.000277562
-0.0017893
-0.000243787
-0.00182962
-8.1968e-05
-0.00182884
0.000284175
-0.00173968
0.000921486
-0.00149794
0.00182866
-0.00105294
0.00283182
-0.000451203
0.00339413
0.00233021
-0.000249957
-0.00172531
-0.000842515
-0.00216708
-0.00149756
-0.00160094
-0.00205274
-0.000949619
-0.00246578
-0.000480995
-0.00275506
-0.000209676
-0.00295627
-8.26358e-05
-0.00310112
-4.73084e-05
-0.00321314
-6.5012e-05
-0.00330805
-0.000110172
-0.0033941
-0.000163048
-0.00347105
-0.000200391
-0.00352556
-0.000189044
-0.00352378
-8.35259e-05
-0.00340794
0.000168572
-0.00310141
0.000615177
-0.00253036
0.00125783
-0.00167362
0.00197528
-0.000669859
0.00239051
0.00166041
-0.000666775
-0.00105844
-0.00175964
-0.00107401
-0.00270883
-0.000651509
-0.00336291
-0.000295281
-0.00375994
-8.37241e-05
-0.00398295
1.35677e-05
-0.00411325
4.78997e-05
-0.00419862
3.82733e-05
-0.00427134
7.91812e-06
-0.00435223
-2.90733e-05
-0.00444671
-6.83709e-05
-0.00454693
-9.99787e-05
-0.00462547
-0.000110321
-0.00462858
-8.02333e-05
-0.00447753
1.77049e-05
-0.00406439
0.000202215
-0.00329802
0.000491625
-0.00216189
0.000839305
-0.000849341
0.00107808
0.000811115
-0.00105834
-0.00213214
-0.00278341
-0.00307845
-0.00316193
-0.00314814
-0.00310003
-0.00306156
-0.00305345
-0.00308235
-0.00315055
-0.00325037
-0.00336054
-0.00344063
-0.00342279
-0.00322045
-0.00272871
-0.0018893
-0.000811148
)
;

boundaryField
{
    leftWall
    {
        type            calculated;
        value           nonuniform List<scalar> 10(0 0 -5.42101e-20 0 0 0 0 0 0 0);
    }
    rightWall
    {
        type            calculated;
        value           nonuniform List<scalar> 10(0 0 0 0 4.33681e-19 0 -4.33681e-19 0 4.33681e-19 0);
    }
    topWall
    {
        type            calculated;
        value           uniform 0;
    }
    bottomWall
    {
        type            calculated;
        value           uniform 0;
    }
    frontAndBackPlanes
    {
        type            empty;
    }
}


// ************************************************************************* //
