/*--------------------------------*- C++ -*----------------------------------*\
| =========                 |                                                 |
| \\      /  F ield         | OpenFOAM: The Open Source CFD Toolbox           |
|  \\    /   O peration     | Version:  2506                                  |
|   \\  /    A nd           | Website:  www.openfoam.com                      |
|    \\/     M anipulation  |                                                 |
\*---------------------------------------------------------------------------*/
FoamFile
{
    version     2.0;
    format      ascii;
    arch        "LSB;label=32;scalar=64";
    class       volVectorField;
    location    "97.4";
    object      U;
}
// * * * * * * * * * * * * * * * * * * * * * * * * * * * * * * * * * * * * * //

dimensions      [0 1 -1 0 0 0 0];

internalField   nonuniform List<vector> 
200
(
(0.000323628 -0.000948027 0)
(0.00187583 -0.00123923 0)
(0.0036253 -0.000941656 0)
(0.00508114 -0.000545899 0)
(0.00603647 -0.000235318 0)
(0.00659349 -5.56337e-05 0)
(0.00691186 3.47373e-06 0)
(0.0071398 -2.8331e-05 0)
(0.00739271 -0.000122172 0)
(0.00775291 -0.000258874 0)
(0.00827715 -0.000430475 0)
(0.00900433 -0.000636373 0)
(0.00995671 -0.000873871 0)
(0.0111262 -0.00112089 0)
(0.0124304 -0.00130569 0)
(0.0136131 -0.00125303 0)
(0.0140928 -0.00059923 0)
(0.0129602 0.00120839 0)
(0.00928854 0.00426284 0)
(0.00280247 0.0059439 0)
(0.000438487 -0.00389932 0)
(0.00287805 -0.006218 0)
(0.00562188 -0.00574898 0)
(0.00805058 -0.00429655 0)
(0.00986087 -0.00281756 0)
(0.0110923 -0.00172703 0)
(0.0119138 -0.0011242 0)
(0.0125066 -0.000956145 0)
(0.0130178 -0.00111886 0)
(0.0135499 -0.00151021 0)
(0.0141616 -0.00204761 0)
(0.0148707 -0.00265796 0)
(0.0156483 -0.00324141 0)
(0.0163961 -0.00360671 0)
(0.0169055 -0.00337713 0)
(0.0168037 -0.00188424 0)
(0.0154913 0.00184659 0)
(0.0122948 0.00854166 0)
(0.00716497 0.0166981 0)
(0.00122472 0.0170564 0)
(0.000451825 -0.00714669 0)
(0.00293123 -0.0117629 0)
(0.00563755 -0.0112468 0)
(0.00802804 -0.00877508 0)
(0.00982771 -0.00611183 0)
(0.0110763 -0.00403474 0)
(0.0119249 -0.00275162 0)
(0.0125255 -0.00219133 0)
(0.0129934 -0.00217933 0)
(0.0134012 -0.00252884 0)
(0.0137825 -0.00307149 0)
(0.0141341 -0.00364122 0)
(0.0144094 -0.00401747 0)
(0.0144998 -0.00383321 0)
(0.0142073 -0.00246865 0)
(0.0132073 0.000998788 0)
(0.0111746 0.00749954 0)
(0.00794918 0.0171215 0)
(0.00395857 0.0265529 0)
(0.000463408 0.0230138 0)
(0.000421449 -0.0102762 0)
(0.00261871 -0.0168664 0)
(0.00485413 -0.016101 0)
(0.00671131 -0.0125879 0)
(0.00802332 -0.00883064 0)
(0.00888017 -0.0058908 0)
(0.00943264 -0.00402262 0)
(0.0098022 -0.00310202 0)
(0.0100632 -0.00287618 0)
(0.0102526 -0.00308621 0)
(0.0103823 -0.00350235 0)
(0.0104446 -0.00389482 0)
(0.0104044 -0.00395469 0)
(0.0101823 -0.0031851 0)
(0.00963529 -0.000814095 0)
(0.00854743 0.00414241 0)
(0.00678756 0.0124248 0)
(0.00437196 0.0235027 0)
(0.00178108 0.0327116 0)
(8.5841e-05 0.0257667 0)
(0.000370701 -0.0129834 0)
(0.00208049 -0.0209012 0)
(0.00356758 -0.0195837 0)
(0.00461469 -0.0150412 0)
(0.00521433 -0.0103904 0)
(0.0055179 -0.0068459 0)
(0.00566714 -0.00461551 0)
(0.00574199 -0.00347933 0)
(0.005772 -0.00310598 0)
(0.00576265 -0.00319124 0)
(0.00571298 -0.00348109 0)
(0.00561831 -0.00371792 0)
(0.00545917 -0.00353582 0)
(0.00518267 -0.00234276 0)
(0.00467933 0.000731589 0)
(0.00385563 0.0066357 0)
(0.0026745 0.0159084 0)
(0.00127873 0.0274507 0)
(8.36153e-05 0.0357718 0)
(-0.00016949 0.0264508 0)
(0.000290491 -0.0150518 0)
(0.00127346 -0.0234197 0)
(0.00173613 -0.0212439 0)
(0.001756 -0.0157996 0)
(0.00151946 -0.0105863 0)
(0.0012135 -0.00678937 0)
(0.000934234 -0.00447669 0)
(0.00070012 -0.00331354 0)
(0.000496193 -0.00291424 0)
(0.000306046 -0.00296535 0)
(0.000121007 -0.00321633 0)
(-6.70396e-05 -0.00339569 0)
(-0.000277689 -0.00309132 0)
(-0.000547173 -0.00164686 0)
(-0.000923725 0.00183608 0)
(-0.00138343 0.00820475 0)
(-0.00180851 0.0177101 0)
(-0.00194937 0.0288027 0)
(-0.00153288 0.0358173 0)
(-0.000366158 0.0253907 0)
(0.000159002 -0.0160887 0)
(1.72409e-05 -0.0237802 0)
(-0.00091662 -0.0205185 0)
(-0.00213541 -0.014508 0)
(-0.00329335 -0.00924757 0)
(-0.00423878 -0.00564988 0)
(-0.00496339 -0.00356891 0)
(-0.00551954 -0.00258175 0)
(-0.0059631 -0.00229741 0)
(-0.00633302 -0.00242395 0)
(-0.00665403 -0.0027217 0)
(-0.0069462 -0.00290818 0)
(-0.00722636 -0.00255741 0)
(-0.00748869 -0.00103896 0)
(-0.00766392 0.00242755 0)
(-0.00756837 0.00849891 0)
(-0.00693818 0.0172128 0)
(-0.00551098 0.0269559 0)
(-0.0032952 0.0325726 0)
(-0.000607099 0.0225041 0)
(-0.000154288 -0.0153681 0)
(-0.00203845 -0.0209536 0)
(-0.00470499 -0.0167452 0)
(-0.0072694 -0.0109017 0)
(-0.00930108 -0.00630743 0)
(-0.0107704 -0.0034222 0)
(-0.0118059 -0.00190543 0)
(-0.0125528 -0.0013113 0)
(-0.0131237 -0.00128569 0)
(-0.0135976 -0.00157746 0)
(-0.0140248 -0.00197899 0)
(-0.0144264 -0.00223973 0)
(-0.0147829 -0.00199872 0)
(-0.0150035 -0.000758815 0)
(-0.0148747 0.00205757 0)
(-0.0140788 0.0069295 0)
(-0.0122505 0.0138337 0)
(-0.00916286 0.0214467 0)
(-0.00510933 0.0257186 0)
(-0.000868246 0.0176803 0)
(-0.000771451 -0.011768 0)
(-0.00499094 -0.0140285 0)
(-0.00933737 -0.00973004 0)
(-0.012756 -0.00523998 0)
(-0.0149774 -0.00222521 0)
(-0.0162819 -0.000629279 0)
(-0.0170362 -7.24366e-06 0)
(-0.0175183 4.05572e-05 0)
(-0.0178923 -0.000226277 0)
(-0.0182637 -0.000649408 0)
(-0.0186911 -0.00110465 0)
(-0.0191752 -0.00144796 0)
(-0.0196492 -0.00147224 0)
(-0.0199492 -0.000889604 0)
(-0.019774 0.000652206 0)
(-0.0186729 0.00349871 0)
(-0.0161702 0.00770561 0)
(-0.0119999 0.012525 0)
(-0.00660329 0.0155061 0)
(-0.0011227 0.0110058 0)
(-0.00187577 -0.00401051 0)
(-0.00673696 -0.00364666 0)
(-0.0103623 -0.00181269 0)
(-0.012402 -0.000464643 0)
(-0.0132074 0.000207712 0)
(-0.0133605 0.00043456 0)
(-0.0132557 0.000422034 0)
(-0.0131073 0.000308477 0)
(-0.0130434 0.000156082 0)
(-0.013123 -1.45979e-05 0)
(-0.0133665 -0.000189526 0)
(-0.0137698 -0.000354157 0)
(-0.0142795 -0.000479797 0)
(-0.0147681 -0.0005121 0)
(-0.014999 -0.00035861 0)
(-0.0146193 0.000126254 0)
(-0.0131535 0.00106938 0)
(-0.0102087 0.00242122 0)
(-0.00599434 0.00362272 0)
(-0.00143279 0.00307905 0)
)
;

boundaryField
{
    leftWall
    {
        type            fixedValue;
        value           uniform (0 0 0);
    }
    rightWall
    {
        type            fixedValue;
        value           uniform (0 0 0);
    }
    topWall
    {
        type            fixedValue;
        value           uniform (0 0 0);
    }
    bottomWall
    {
        type            fixedValue;
        value           uniform (0 0 0);
    }
    frontAndBackPlanes
    {
        type            empty;
    }
}


// ************************************************************************* //
