/*--------------------------------*- C++ -*----------------------------------*\
| =========                 |                                                 |
| \\      /  F ield         | OpenFOAM: The Open Source CFD Toolbox           |
|  \\    /   O peration     | Version:  2506                                  |
|   \\  /    A nd           | Website:  www.openfoam.com                      |
|    \\/     M anipulation  |                                                 |
\*---------------------------------------------------------------------------*/
FoamFile
{
    version     2.0;
    format      ascii;
    arch        "LSB;label=32;scalar=64";
    class       surfaceScalarField;
    location    "42.4";
    object      phi;
}
// * * * * * * * * * * * * * * * * * * * * * * * * * * * * * * * * * * * * * //

dimensions      [1 0 -1 0 0 0 0];

oriented        oriented;

internalField   nonuniform List<scalar> 
370
(
-1.80277e-05
-7.27695e-05
0.000141379
-0.000159385
0.0003512
-0.000209786
0.000581089
-0.000229843
0.000807993
-0.00022685
0.0010215
-0.000213451
0.0012219
-0.000200333
0.00141655
-0.000194589
0.00161686
-0.000200247
0.00183585
-0.000218925
0.00208598
-0.000250063
0.0023765
-0.000290454
0.00270883
-0.000332261
0.00306893
-0.000360031
0.00341418
-0.000345187
0.00364944
-0.000235192
0.00358642
6.30925e-05
0.00299919
0.000587308
0.00165149
0.00134777
0.00165154
0.00013723
-0.000209979
0.00046901
-0.000491104
0.000897008
-0.000637687
0.00134866
-0.000681375
0.00178286
-0.000660904
0.00218189
-0.000612341
0.00254432
-0.000562606
0.00287828
-0.000528392
0.00319588
-0.000517699
0.00350865
-0.000531532
0.00382321
-0.000564465
0.00413636
-0.00060344
0.00442868
-0.000624426
0.00465567
-0.000586866
0.00473661
-0.000425979
0.00454842
-4.68552e-05
0.00394053
0.000671126
0.00275431
0.00177368
0.00113236
0.00296988
0.00278399
0.000217635
-0.000427567
0.000667661
-0.000940988
0.00120441
-0.00117421
0.00173502
-0.00121172
0.00221403
-0.00113962
0.00262806
-0.00102606
0.00298179
-0.000916031
0.0032877
-0.000833998
0.00355922
-0.000788916
0.00380617
-0.000778183
0.00403105
-0.000789038
0.00422476
-0.000796852
0.00436114
-0.000760509
0.00439068
-0.000616128
0.00423736
-0.000272394
0.00380443
0.000386315
0.00301962
0.00145618
0.00189408
0.00289946
0.000677061
0.00418713
0.00346118
0.000260343
-0.00068782
0.000759219
-0.0014396
0.00130698
-0.00172158
0.00180185
-0.00170613
0.00220619
-0.00154346
0.00252012
-0.0013395
0.00276078
-0.00115621
0.00294914
-0.0010219
0.0031031
-0.000942417
0.0032342
-0.000908834
0.00334565
-0.000900038
0.00342968
-0.000880437
0.00346346
-0.000793862
0.00340455
-0.000556811
0.00319183
-5.9298e-05
0.00275902
0.000819459
0.0020761
0.00213944
0.00120393
0.00377195
0.000374518
0.00501685
0.00383585
0.000272241
-0.000959916
0.00074161
-0.00190856
0.00120025
-0.00217963
0.00155716
-0.00206238
0.00179612
-0.00178175
0.00193822
-0.00148096
0.00201528
-0.00123266
0.00205593
-0.00106196
0.00208064
-0.000966553
0.00210114
-0.000928762
0.00212074
-0.000919056
0.00213347
-0.000892589
0.00212162
-0.000781445
0.00205293
-0.000487585
0.00188035
0.000113764
0.00156285
0.0011374
0.00109208
0.00261062
0.000547756
0.00431669
0.000117211
0.00544776
0.00395324
0.000236561
-0.00119627
0.000574697
-0.00224614
0.000829673
-0.00243385
0.000949602
-0.00218149
0.00095298
-0.00178434
0.000883833
-0.00141108
0.000782951
-0.00113109
0.000678537
-0.000956884
0.000586358
-0.000873717
0.000512839
-0.000854569
0.000457403
-0.000862919
0.000412963
-0.000847421
0.000365451
-0.000733198
0.000294794
-0.00041622
0.000181318
0.00022787
2.37225e-05
0.00129557
-0.000143827
0.00277872
-0.000241403
0.00441476
-0.000177875
0.00538462
0.00377552
0.000123864
-0.00131988
0.000188064
-0.00230964
0.000103535
-0.00234841
-0.000104739
-0.00197229
-0.000378774
-0.00150946
-0.000666635
-0.00112247
-0.000936204
-0.000860812
-0.00117339
-0.000718985
-0.00137556
-0.00067082
-0.00154581
-0.000683537
-0.00168974
-0.000718176
-0.00181316
-0.000723143
-0.00191879
-0.000626701
-0.00199958
-0.000334593
-0.00202619
0.000255259
-0.00194396
0.00121404
-0.00168359
0.00251897
-0.00119218
0.00392389
-0.00051829
0.00471111
0.00325738
-0.000114193
-0.00120536
-0.00049291
-0.0019301
-0.00103214
-0.00180817
-0.0016097
-0.00139378
-0.00214629
-0.000972029
-0.00261167
-0.000656329
-0.00300506
-0.000466698
-0.00333938
-0.000383937
-0.00363092
-0.000378532
-0.00389341
-0.000420267
-0.00413403
-0.000476744
-0.00434861
-0.000507743
-0.00451436
-0.000460117
-0.00458126
-0.000266868
-0.00446907
0.000143864
-0.00407787
0.000823568
-0.00332462
0.00176636
-0.00219676
0.00279656
-0.000880472
0.0033952
0.00237706
-0.000476665
-0.000728301
-0.00139763
-0.0010082
-0.0023686
-0.000836124
-0.00319652
-0.00056487
-0.00383432
-0.000333387
-0.00430839
-0.000181535
-0.00466962
-0.000104798
-0.00496844
-8.44849e-05
-0.00524413
-0.000102221
-0.00552106
-0.000142718
-0.00580629
-0.000190893
-0.00608447
-0.000228932
-0.00630996
-0.00023399
-0.00639938
-0.000176791
-0.00623841
-1.645e-05
-0.00568059
0.000266364
-0.0046119
0.000698218
-0.00302417
0.00120929
-0.00119008
0.00156144
0.00118712
-0.000727836
-0.00173498
-0.00256991
-0.00313368
-0.00346613
-0.00364689
-0.00375104
-0.00383497
-0.00393669
-0.00407894
-0.00426939
-0.00449789
-0.00473146
-0.00490783
-0.00492387
-0.0046571
-0.00395851
-0.0027489
-0.00118722
)
;

boundaryField
{
    leftWall
    {
        type            calculated;
        value           nonuniform List<scalar> 10(0 0 0 0 -2.71051e-20 0 0 0 0 0);
    }
    rightWall
    {
        type            calculated;
        value           uniform 0;
    }
    topWall
    {
        type            calculated;
        value           uniform 0;
    }
    bottomWall
    {
        type            calculated;
        value           uniform 0;
    }
    frontAndBackPlanes
    {
        type            empty;
    }
}


// ************************************************************************* //
