/*--------------------------------*- C++ -*----------------------------------*\
| =========                 |                                                 |
| \\      /  F ield         | OpenFOAM: The Open Source CFD Toolbox           |
|  \\    /   O peration     | Version:  2506                                  |
|   \\  /    A nd           | Website:  www.openfoam.com                      |
|    \\/     M anipulation  |                                                 |
\*---------------------------------------------------------------------------*/
FoamFile
{
    version     2.0;
    format      ascii;
    arch        "LSB;label=32;scalar=64";
    class       surfaceScalarField;
    location    "122.6";
    object      phi;
}
// * * * * * * * * * * * * * * * * * * * * * * * * * * * * * * * * * * * * * //

dimensions      [1 0 -1 0 0 0 0];

oriented        oriented;

internalField   nonuniform List<scalar> 
370
(
0.00033079
-0.000364412
0.000867046
-0.000536197
0.00133019
-0.000463053
0.00164668
-0.000316393
0.00182651
-0.000179708
0.00191128
-8.46395e-05
0.00194665
-3.5227e-05
0.00197017
-2.33769e-05
0.0020089
-3.85665e-05
0.00208087
-7.18069e-05
0.00219721
-0.000116167
0.00236402
-0.00016663
0.00258163
-0.000217428
0.00283865
-0.000256839
0.00309833
-0.000259485
0.00327298
-0.000174447
0.00319239
8.07871e-05
0.00264447
0.000548121
0.00143196
0.00121269
0.00143205
0.000450262
-0.000814643
0.00120389
-0.00128974
0.00192046
-0.0011795
0.00247076
-0.000866561
0.00284195
-0.00055075
0.00307154
-0.000314071
0.00321038
-0.000173908
0.00330479
-0.000117624
0.00338916
-0.00012277
0.00348477
-0.000167239
0.0036014
-0.000232626
0.00373771
-0.000302755
0.00387852
-0.000358053
0.00398799
-0.000366128
0.00399846
-0.000269756
0.00380391
2.03002e-05
0.00326703
0.000617872
0.00225847
0.00155688
0.000910628
0.0025607
0.00234277
0.000430985
-0.00124559
0.0011314
-0.00199006
0.00179474
-0.00184269
0.00230915
-0.0013808
0.00266605
-0.000907465
0.00289842
-0.000546248
0.00304765
-0.000322952
0.00314888
-0.00021866
0.00322634
-0.000200045
0.00329347
-0.000234174
0.00335398
-0.000292941
0.00340183
-0.000350412
0.00341858
-0.00037461
0.00336834
-0.00031569
0.00319371
-9.49237e-05
0.00282107
0.000393147
0.00219968
0.00123948
0.00134197
0.00241479
0.000452312
0.00345053
0.00279516
0.000366812
-0.00161235
0.000924521
-0.00254764
0.00141723
-0.00233522
0.00177329
-0.00173666
0.00200532
-0.00113928
0.00215024
-0.000690958
0.00224195
-0.000414452
0.00230304
-0.000279543
0.00234543
-0.000242227
0.00237366
-0.000262194
0.0023873
-0.00030637
0.00238075
-0.000343658
0.00234037
-0.000334018
0.00224041
-0.000215521
0.00204273
0.000102972
0.00171109
0.000725012
0.00123133
0.00171945
0.000658357
0.00298796
0.00016529
0.00394376
0.00296052
0.000280968
-0.00189327
0.000645983
-0.00291252
0.000911893
-0.00260094
0.00106138
-0.00188593
0.00113251
-0.00121018
0.00116468
-0.000722905
0.00118154
-0.00043109
0.00119192
-0.000289715
0.00119652
-0.000246608
0.00119357
-0.000259037
0.00118118
-0.000293769
0.00115589
-0.000318155
0.00110908
-0.000286995
0.00102398
-0.000130205
0.000877734
0.000249439
0.000655867
0.000947101
0.000372145
0.00200339
9.82222e-05
0.00326209
-4.35991e-05
0.00408575
0.00291699
0.000170844
-0.00206406
0.000290601
-0.00303213
0.000286371
-0.00259651
0.0002072
-0.00180654
0.000111242
-0.001114
2.95953e-05
-0.000641039
-3.1115e-05
-0.000370166
-7.59958e-05
-0.000244623
-0.000112258
-0.000210137
-0.000144716
-0.00022637
-0.000176095
-0.000262182
-0.000209754
-0.000284287
-0.000251985
-0.000244554
-0.000311107
-7.08673e-05
-0.000389044
0.000327596
-0.000472494
0.00103078
-0.000518839
0.00204996
-0.000457408
0.00320087
-0.000242062
0.00387056
0.00267498
-2.67105e-06
-0.00206133
-0.000198818
-0.00283582
-0.000518265
-0.00227686
-0.000843268
-0.00148133
-0.00111046
-0.000846597
-0.00130826
-0.000443037
-0.00144991
-0.000228304
-0.00155348
-0.000140849
-0.00163278
-0.000130636
-0.00169647
-0.000162481
-0.00175003
-0.000208424
-0.00179721
-0.00023691
-0.00183841
-0.000203142
-0.00186523
-4.38497e-05
-0.00184908
0.000311665
-0.00174493
0.000926832
-0.00149146
0.00179671
-0.00104132
0.00275091
-0.000443147
0.00327252
0.00223189
-0.000270367
-0.00179089
-0.00089562
-0.00221041
-0.00157419
-0.00159808
-0.00213865
-0.000916661
-0.00254937
-0.000435672
-0.00282943
-0.000162776
-0.00301751
-4.00332e-05
-0.00314758
-1.05817e-05
-0.00324457
-3.34545e-05
-0.00332459
-8.22759e-05
-0.00339598
-0.000136849
-0.00345815
-0.000174555
-0.00349748
-0.000163634
-0.00348023
-6.09092e-05
-0.00335112
0.000182741
-0.00303688
0.000612777
-0.00246786
0.00122786
-0.001626
0.00190921
-0.000648131
0.00229477
0.00158381
-0.000692903
-0.00109792
-0.00181405
-0.0010891
-0.00277131
-0.000640632
-0.00341568
-0.000272089
-0.00379179
-5.93595e-05
-0.0039946
4.02259e-05
-0.0041025
6.80479e-05
-0.0041672
5.43002e-05
-0.00422184
2.13541e-05
-0.00428551
-1.84394e-05
-0.00436381
-5.83938e-05
-0.00444819
-9.00185e-05
-0.00451142
-0.000100253
-0.00450124
-7.0942e-05
-0.00434162
2.32617e-05
-0.00392989
0.000201194
-0.0031798
0.000477911
-0.00207822
0.000807749
-0.000813815
0.00103045
0.000770032
-0.00109784
-0.00218677
-0.00282721
-0.0030991
-0.00315827
-0.00311787
-0.00304965
-0.00299519
-0.00297368
-0.00299197
-0.00305023
-0.00314012
-0.00324025
-0.00331107
-0.0032877
-0.00308641
-0.0026084
-0.00180057
-0.000770059
)
;

boundaryField
{
    leftWall
    {
        type            calculated;
        value           nonuniform List<scalar> 10(0 0 0 0 0 0 0 0 0 8.67362e-19);
    }
    rightWall
    {
        type            calculated;
        value           nonuniform List<scalar> 10(0 0 0 -4.33681e-19 0 0 0 0 0 0);
    }
    topWall
    {
        type            calculated;
        value           uniform 0;
    }
    bottomWall
    {
        type            calculated;
        value           uniform 0;
    }
    frontAndBackPlanes
    {
        type            empty;
    }
}


// ************************************************************************* //
