/*--------------------------------*- C++ -*----------------------------------*\
| =========                 |                                                 |
| \\      /  F ield         | OpenFOAM: The Open Source CFD Toolbox           |
|  \\    /   O peration     | Version:  2506                                  |
|   \\  /    A nd           | Website:  www.openfoam.com                      |
|    \\/     M anipulation  |                                                 |
\*---------------------------------------------------------------------------*/
FoamFile
{
    version     2.0;
    format      ascii;
    arch        "LSB;label=32;scalar=64";
    class       surfaceScalarField;
    location    "116.2";
    object      phi;
}
// * * * * * * * * * * * * * * * * * * * * * * * * * * * * * * * * * * * * * //

dimensions      [1 0 -1 0 0 0 0];

oriented        oriented;

internalField   nonuniform List<scalar> 
370
(
0.000309657
-0.000346096
0.000822398
-0.000512677
0.00126836
-0.000445868
0.00157638
-0.000307903
0.00175492
-0.000178417
0.00184318
-8.81132e-05
0.00188462
-4.12925e-05
0.00191538
-3.05962e-05
0.00196169
-4.61507e-05
0.00204121
-7.93354e-05
0.00216502
-0.000123628
0.00233942
-0.000174213
0.00256498
-0.000225367
0.00283048
-0.000265304
0.00309918
-0.000268495
0.00328319
-0.000183799
0.00320933
7.40731e-05
0.00266438
0.00054516
0.00144623
0.00121834
0.00144633
0.000433384
-0.000779446
0.00116247
-0.00124167
0.00185965
-0.00114293
0.00239911
-0.000847211
0.00276725
-0.000546398
0.00299949
-0.000320185
0.00314456
-0.000186188
0.00324704
-0.000132908
0.00334021
-0.00013914
0.00344486
-0.000183798
0.00357061
-0.000249189
0.00371612
-0.000319531
0.0038663
-0.000375349
0.00398523
-0.000384031
0.0040046
-0.00028766
0.00381945
1.55931e-06
0.00328728
0.000606451
0.00227677
0.00155588
0.000919752
0.00257554
0.00236617
0.000421176
-0.00120058
0.00110837
-0.00192875
0.00176244
-0.00179684
0.00227303
-0.00135761
0.00263057
-0.000903734
0.00286647
-0.000555886
0.00302081
-0.00034032
0.0031278
-0.000239698
0.00321122
-0.000222352
0.00328429
-0.000256665
0.00335073
-0.000315415
0.00340455
-0.000373144
0.00342736
-0.000397951
0.00338319
-0.00033964
0.00321434
-0.000118589
0.00284316
0.000372964
0.00222147
0.00122837
0.00135824
0.00241932
0.000459156
0.00347481
0.00282541
0.000363367
-0.0015639
0.00091908
-0.00248433
0.00141336
-0.00229092
0.00177359
-0.00171763
0.00201075
-0.00114067
0.00216057
-0.000705471
0.00225636
-0.000435882
0.00232065
-0.000303764
0.00236558
-0.000267051
0.00239593
-0.000286792
0.00241149
-0.000330753
0.00240683
-0.000368258
0.00236835
-0.000359247
0.00227012
-0.000241176
0.00207325
7.85186e-05
0.00174002
0.000706421
0.00125564
0.00171298
0.000674424
0.00300076
0.000171221
0.00397819
0.00299671
0.000282631
-0.00184647
0.000654517
-0.00285607
0.000930009
-0.00256621
0.00108886
-0.00187625
0.00116734
-0.0012189
0.00120423
-0.000742127
0.00122343
-0.00045484
0.00123444
-0.000314538
0.00123864
-0.000271018
0.00123476
-0.000282684
0.0012212
-0.000316963
0.00119468
-0.000341504
0.00114662
-0.00031096
0.00106003
-0.000154353
0.000911247
0.000227543
0.00068526
0.00093265
0.00039484
0.00200364
0.000111818
0.00328401
-3.89859e-05
0.00412918
0.0029578
0.000176039
-0.00202245
0.000308358
-0.00298823
0.000317655
-0.00257529
0.00024902
-0.00180737
0.000159415
-0.00112905
8.04783e-05
-0.000662952
1.99993e-05
-0.000394128
-2.62828e-05
-0.000268027
-6.48319e-05
-0.000232241
-0.000100009
-0.000247281
-0.000134283
-0.000282463
-0.000170914
-0.000304646
-0.00021629
-0.000265355
-0.000279004
-9.1405e-05
-0.000361631
0.000310412
-0.000451051
0.00102232
-0.000504566
0.00205739
-0.000450589
0.00323025
-0.000240915
0.00391967
0.00271695
4.7959e-06
-0.00202718
-0.000177327
-0.00280593
-0.000483757
-0.00226864
-0.000800415
-0.00149048
-0.00106407
-0.000865166
-0.00126184
-0.000464959
-0.00140562
-0.000250117
-0.00151239
-0.000161033
-0.00159548
-0.000148937
-0.00166321
-0.00017933
-0.00172092
-0.000224538
-0.0017724
-0.000252948
-0.00181832
-0.000219211
-0.00185048
-5.90156e-05
-0.00184048
0.000300636
-0.00174237
0.000924437
-0.00149371
0.00180896
-0.00104578
0.00278252
-0.000446311
0.00332035
0.0022707
-0.0002621
-0.00176501
-0.000874539
-0.00219331
-0.00154383
-0.00159912
-0.00210458
-0.000929506
-0.00251615
-0.000453379
-0.00279977
-0.000181119
-0.00299292
-5.67541e-05
-0.00312872
-2.50191e-05
-0.00323158
-4.58734e-05
-0.00331742
-9.32792e-05
-0.00339456
-0.000147193
-0.00346255
-0.000184764
-0.00350787
-0.000173691
-0.00349678
-6.98995e-05
-0.00337298
0.000177039
-0.00306191
0.000613564
-0.00249225
0.0012395
-0.00164468
0.00193513
-0.000656692
0.00233249
0.00161406
-0.000682552
-0.00108238
-0.00179252
-0.00108317
-0.00274655
-0.000644882
-0.00339465
-0.000281182
-0.00377891
-6.89027e-05
-0.0039898
2.99819e-05
-0.00410643
6.00709e-05
-0.00417919
4.79378e-05
-0.00424096
1.60809e-05
-0.00431137
-2.2682e-05
-0.00439602
-6.23693e-05
-0.00448664
-9.39766e-05
-0.00455592
-0.000104249
-0.00455102
-7.46347e-05
-0.00439485
2.10234e-05
-0.00398268
0.000201547
-0.00322629
0.000483266
-0.00211119
0.000820157
-0.000827836
0.00104924
0.000786264
-0.00108229
-0.00216528
-0.00280995
-0.00309091
-0.00315961
-0.00312943
-0.00306917
-0.00302106
-0.00300481
-0.00302733
-0.00308955
-0.00318339
-0.0032875
-0.00336201
-0.00334087
-0.00313921
-0.00265585
-0.0018356
-0.000786293
)
;

boundaryField
{
    leftWall
    {
        type            calculated;
        value           nonuniform List<scalar> 10(0 0 -5.42101e-20 0 0 0 0 -4.33681e-19 0 0);
    }
    rightWall
    {
        type            calculated;
        value           nonuniform List<scalar> 10(0 0 0 0 0 0 -4.33681e-19 0 0 0);
    }
    topWall
    {
        type            calculated;
        value           uniform 0;
    }
    bottomWall
    {
        type            calculated;
        value           uniform 0;
    }
    frontAndBackPlanes
    {
        type            empty;
    }
}


// ************************************************************************* //
