/*--------------------------------*- C++ -*----------------------------------*\
| =========                 |                                                 |
| \\      /  F ield         | OpenFOAM: The Open Source CFD Toolbox           |
|  \\    /   O peration     | Version:  2506                                  |
|   \\  /    A nd           | Website:  www.openfoam.com                      |
|    \\/     M anipulation  |                                                 |
\*---------------------------------------------------------------------------*/
FoamFile
{
    version     2.0;
    format      ascii;
    arch        "LSB;label=32;scalar=64";
    class       volVectorField;
    location    "47.6";
    object      U;
}
// * * * * * * * * * * * * * * * * * * * * * * * * * * * * * * * * * * * * * //

dimensions      [0 1 -1 0 0 0 0];

internalField   nonuniform List<vector> 
200
(
(-0.000149888 -0.000253319 0)
(0.000258846 -0.000407348 0)
(0.00113678 -0.000421579 0)
(0.00208907 -0.000400402 0)
(0.00296251 -0.000353418 0)
(0.00375268 -0.000307736 0)
(0.00447095 -0.000287659 0)
(0.00515523 -0.000306061 0)
(0.00585989 -0.000369133 0)
(0.00664505 -0.000480468 0)
(0.00756927 -0.000642218 0)
(0.00868245 -0.000852927 0)
(0.0100133 -0.00110086 0)
(0.0115461 -0.00135051 0)
(0.0131757 -0.00151867 0)
(0.0146126 -0.00142792 0)
(0.0152302 -0.000715126 0)
(0.0140772 0.00121973 0)
(0.0101555 0.0045359 0)
(0.00307644 0.00649157 0)
(0.000138344 -0.00128893 0)
(0.00126643 -0.00268019 0)
(0.00290904 -0.00324939 0)
(0.00469424 -0.0032957 0)
(0.00638205 -0.00306842 0)
(0.00789194 -0.00278077 0)
(0.00923151 -0.00257269 0)
(0.0104506 -0.00251943 0)
(0.0116145 -0.00265099 0)
(0.0127858 -0.00296649 0)
(0.0140111 -0.00343802 0)
(0.0153052 -0.00400046 0)
(0.0166302 -0.00452465 0)
(0.0178626 -0.00477042 0)
(0.0187496 -0.00431777 0)
(0.0188615 -0.00248087 0)
(0.0175416 0.00173522 0)
(0.0140326 0.00912508 0)
(0.00826485 0.0181727 0)
(0.00144241 0.0188869 0)
(0.000239127 -0.00292638 0)
(0.0018091 -0.00607085 0)
(0.00385388 -0.0072586 0)
(0.00596356 -0.0072317 0)
(0.00785819 -0.00662872 0)
(0.00946369 -0.00590003 0)
(0.0108098 -0.00531186 0)
(0.0119618 -0.00499045 0)
(0.0129872 -0.00496815 0)
(0.0139396 -0.005214 0)
(0.0148479 -0.00564194 0)
(0.0157046 -0.00609375 0)
(0.0164482 -0.00629595 0)
(0.0169367 -0.00579556 0)
(0.0169177 -0.00389269 0)
(0.0159973 0.000378608 0)
(0.0137448 0.00799048 0)
(0.00995919 0.0189797 0)
(0.0051199 0.0297751 0)
(0.000660642 0.0261788 0)
(0.00028979 -0.0050508 0)
(0.00205966 -0.0100884 0)
(0.00417572 -0.0116635 0)
(0.00619579 -0.0112607 0)
(0.00785712 -0.0100152 0)
(0.00913341 -0.00864974 0)
(0.010099 -0.00754666 0)
(0.0108461 -0.00685607 0)
(0.0114521 -0.00658723 0)
(0.0119694 -0.00666384 0)
(0.0124233 -0.00693918 0)
(0.0128078 -0.00717153 0)
(0.0130736 -0.00696497 0)
(0.0131082 -0.00569433 0)
(0.0127138 -0.0024615 0)
(0.0115793 0.00381322 0)
(0.0094798 0.0138549 0)
(0.00639331 0.0269526 0)
(0.00289038 0.0378719 0)
(0.00026144 0.0302318 0)
(0.000319391 -0.00735122 0)
(0.00205112 -0.0140899 0)
(0.00389245 -0.0156805 0)
(0.00544742 -0.0145689 0)
(0.00653485 -0.0124701 0)
(0.00720827 -0.0103778 0)
(0.00759503 -0.00875089 0)
(0.00781079 -0.00771996 0)
(0.00793538 -0.00724202 0)
(0.00801544 -0.00718579 0)
(0.00807218 -0.00735175 0)
(0.0081034 -0.00743518 0)
(0.00807605 -0.00694754 0)
(0.00791217 -0.00513015 0)
(0.00747401 -0.000936661 0)
(0.00653735 0.00674984 0)
(0.00500748 0.0183799 0)
(0.00297734 0.0325189 0)
(0.000967949 0.0427777 0)
(-4.10222e-05 0.0320269 0)
(0.000308563 -0.00953475 0)
(0.00167864 -0.0174393 0)
(0.00282542 -0.0185702 0)
(0.00351603 -0.0164872 0)
(0.00372781 -0.0134835 0)
(0.00361028 -0.0107549 0)
(0.0033257 -0.00875745 0)
(0.00298493 -0.00754781 0)
(0.0026469 -0.00700716 0)
(0.00233726 -0.00694907 0)
(0.00206227 -0.00713267 0)
(0.0018114 -0.0072062 0)
(0.00155276 -0.00661112 0)
(0.0012315 -0.0044947 0)
(0.000772487 0.000273488 0)
(0.000139647 0.00876246 0)
(-0.000565852 0.0211158 0)
(-0.00111003 0.0352288 0)
(-0.00115665 0.0442184 0)
(-0.00033572 0.0316689 0)
(0.000220668 -0.0111213 0)
(0.00072531 -0.0192069 0)
(0.000624275 -0.0193883 0)
(4.75628e-06 -0.0162786 0)
(-0.000921639 -0.0125788 0)
(-0.00193931 -0.00953334 0)
(-0.00291953 -0.0074778 0)
(-0.0038076 -0.00634256 0)
(-0.00459445 -0.00592633 0)
(-0.00529085 -0.00599794 0)
(-0.00591533 -0.00628559 0)
(-0.00649112 -0.0064041 0)
(-0.00704008 -0.00576521 0)
(-0.00755949 -0.00352752 0)
(-0.00797924 0.00131753 0)
(-0.0080643 0.00956122 0)
(-0.00750193 0.0210997 0)
(-0.00601814 0.0338037 0)
(-0.00364566 0.0412408 0)
(-0.000694695 0.0287847 0)
(-1.75187e-05 -0.0112626 0)
(-0.00109827 -0.0180309 0)
(-0.00305373 -0.0169368 0)
(-0.00530455 -0.0132116 0)
(-0.00743278 -0.00947069 0)
(-0.00927288 -0.00667919 0)
(-0.0108161 -0.00496793 0)
(-0.0121182 -0.00415711 0)
(-0.0132503 -0.00400376 0)
(-0.0142762 -0.00426936 0)
(-0.0152425 -0.00469061 0)
(-0.0161675 -0.00491276 0)
(-0.0170175 -0.00442813 0)
(-0.0176662 -0.00256305 0)
(-0.0178334 0.00142942 0)
(-0.0170692 0.00810647 0)
(-0.0149419 0.0173631 0)
(-0.011211 0.0274601 0)
(-0.00627877 0.0332398 0)
(-0.00108562 0.0230822 0)
(-0.000525909 -0.00884828 0)
(-0.0038033 -0.0126831 0)
(-0.00772273 -0.0107148 0)
(-0.0112968 -0.0074139 0)
(-0.0140685 -0.00460477 0)
(-0.016089 -0.00276088 0)
(-0.0175762 -0.00180379 0)
(-0.01875 -0.00150767 0)
(-0.0197852 -0.00165653 0)
(-0.0208045 -0.00207008 0)
(-0.0218759 -0.00257133 0)
(-0.0229991 -0.002938 0)
(-0.0240761 -0.00286443 0)
(-0.0248737 -0.00195308 0)
(-0.0249822 0.000250925 0)
(-0.0237823 0.00416539 0)
(-0.0206947 0.00985724 0)
(-0.0154103 0.0163349 0)
(-0.00852077 0.0204105 0)
(-0.00146759 0.0146338 0)
(-0.0013484 -0.00293308 0)
(-0.00530488 -0.00335726 0)
(-0.00899139 -0.00226864 0)
(-0.0116702 -0.00115599 0)
(-0.0132665 -0.000414024 0)
(-0.0141209 -2.61436e-05 0)
(-0.0145805 0.000111791 0)
(-0.0148956 9.21679e-05 0)
(-0.0152306 -2.34977e-05 0)
(-0.0156905 -0.000198634 0)
(-0.0163327 -0.000407637 0)
(-0.0171616 -0.000619554 0)
(-0.0181087 -0.000783759 0)
(-0.0189996 -0.000818982 0)
(-0.0195121 -0.000599811 0)
(-0.0191721 6.38273e-05 0)
(-0.0173506 0.00136543 0)
(-0.0135346 0.0032319 0)
(-0.00800018 0.00489362 0)
(-0.00193845 0.00418473 0)
)
;

boundaryField
{
    leftWall
    {
        type            fixedValue;
        value           uniform (0 0 0);
    }
    rightWall
    {
        type            fixedValue;
        value           uniform (0 0 0);
    }
    topWall
    {
        type            fixedValue;
        value           uniform (0 0 0);
    }
    bottomWall
    {
        type            fixedValue;
        value           uniform (0 0 0);
    }
    frontAndBackPlanes
    {
        type            empty;
    }
}


// ************************************************************************* //
