/*--------------------------------*- C++ -*----------------------------------*\
| =========                 |                                                 |
| \\      /  F ield         | OpenFOAM: The Open Source CFD Toolbox           |
|  \\    /   O peration     | Version:  2506                                  |
|   \\  /    A nd           | Website:  www.openfoam.com                      |
|    \\/     M anipulation  |                                                 |
\*---------------------------------------------------------------------------*/
FoamFile
{
    version     2.0;
    format      ascii;
    arch        "LSB;label=32;scalar=64";
    class       volVectorField;
    location    "59.6";
    object      U;
}
// * * * * * * * * * * * * * * * * * * * * * * * * * * * * * * * * * * * * * //

dimensions      [0 1 -1 0 0 0 0];

internalField   nonuniform List<vector> 
200
(
(-1.86473e-05 -0.000404359 0)
(0.000660182 -0.000602435 0)
(0.00171362 -0.000543806 0)
(0.00276124 -0.000429272 0)
(0.00362062 -0.000317201 0)
(0.00431614 -0.000239648 0)
(0.00490093 -0.000211516 0)
(0.00544276 -0.000234221 0)
(0.00601107 -0.000304726 0)
(0.00667039 -0.000421175 0)
(0.00747841 -0.00058432 0)
(0.00848404 -0.000794862 0)
(0.00971892 -0.00104546 0)
(0.0111758 -0.00130489 0)
(0.0127612 -0.00149114 0)
(0.0141944 -0.00142285 0)
(0.0148464 -0.000729774 0)
(0.0137625 0.00118683 0)
(0.0099461 0.0044671 0)
(0.00301937 0.00638132 0)
(0.000221757 -0.00190443 0)
(0.00168154 -0.0035026 0)
(0.00356352 -0.00377514 0)
(0.00544342 -0.00341339 0)
(0.00707625 -0.00285809 0)
(0.00842606 -0.00237422 0)
(0.00955191 -0.00208447 0)
(0.0105416 -0.00202338 0)
(0.0114814 -0.00218169 0)
(0.0124425 -0.00253249 0)
(0.0134737 -0.0030387 0)
(0.0145932 -0.00364144 0)
(0.0157718 -0.00422717 0)
(0.0169022 -0.00457009 0)
(0.0177504 -0.00425107 0)
(0.0179018 -0.00256583 0)
(0.0167092 0.00150412 0)
(0.0134073 0.00876455 0)
(0.00790477 0.0176909 0)
(0.00137605 0.0184251 0)
(0.000305189 -0.00398623 0)
(0.00212493 -0.00741043 0)
(0.00430396 -0.00804566 0)
(0.00640996 -0.00730662 0)
(0.00818426 -0.00614331 0)
(0.00960083 -0.00508379 0)
(0.0107314 -0.00435929 0)
(0.0116663 -0.00402546 0)
(0.0124834 -0.00404942 0)
(0.0132372 -0.00435892 0)
(0.0139561 -0.00485618 0)
(0.0146366 -0.00539794 0)
(0.01523 -0.00574163 0)
(0.0156166 -0.00546198 0)
(0.0155709 -0.00386078 0)
(0.014726 6.18882e-05 0)
(0.0126587 0.00733475 0)
(0.00916497 0.0180286 0)
(0.00468419 0.0286251 0)
(0.000588797 0.0252465 0)
(0.000336769 -0.00641912 0)
(0.00224146 -0.0116939 0)
(0.00436428 -0.0124618 0)
(0.00628565 -0.0111179 0)
(0.00778878 -0.00918003 0)
(0.00889342 -0.00743705 0)
(0.00969872 -0.00620023 0)
(0.0103013 -0.00551642 0)
(0.0107707 -0.00530985 0)
(0.011149 -0.00545773 0)
(0.0114556 -0.0058096 0)
(0.0116881 -0.00615676 0)
(0.0118127 -0.00615692 0)
(0.0117433 -0.00523098 0)
(0.0113146 -0.00248476 0)
(0.0102511 0.00321622 0)
(0.00834507 0.0126815 0)
(0.00557101 0.0252887 0)
(0.00244982 0.0359418 0)
(0.000192096 0.028793 0)
(0.000343946 -0.0088799 0)
(0.00209581 -0.0157115 0)
(0.00383802 -0.0162823 0)
(0.00523933 -0.014117 0)
(0.0061819 -0.0113221 0)
(0.00675327 -0.00890249 0)
(0.00707979 -0.00719424 0)
(0.00725652 -0.00619572 0)
(0.00733918 -0.00577254 0)
(0.00735708 -0.00575686 0)
(0.00732512 -0.00596501 0)
(0.0072464 -0.00614938 0)
(0.0071034 -0.00589919 0)
(0.00684154 -0.0045208 0)
(0.00635124 -0.000977655 0)
(0.00544472 0.00591917 0)
(0.00405374 0.0167287 0)
(0.00228266 0.0301703 0)
(0.000598905 0.040099 0)
(-9.97049e-05 0.0301355 0)
(0.00031112 -0.0110814 0)
(0.0016017 -0.0188686 0)
(0.00257886 -0.0188497 0)
(0.00310773 -0.0157385 0)
(0.00323354 -0.0121598 0)
(0.0031154 -0.0092256 0)
(0.00288318 -0.0072161 0)
(0.00260711 -0.00604505 0)
(0.0023165 -0.00551797 0)
(0.00202363 -0.00543737 0)
(0.00173473 -0.00560266 0)
(0.00144671 -0.00573772 0)
(0.00113753 -0.00537415 0)
(0.000763663 -0.0037339 0)
(0.000267906 0.000293377 0)
(-0.000375441 0.00784275 0)
(-0.00103668 0.0191426 0)
(-0.00145661 0.0323586 0)
(-0.00132927 0.0409729 0)
(-0.000355205 0.0294731 0)
(0.00020441 -0.0125587 0)
(0.000549471 -0.0202935 0)
(0.000246569 -0.0193067 0)
(-0.000494963 -0.0153255 0)
(-0.00141634 -0.0112684 0)
(-0.0023337 -0.00816879 0)
(-0.00316874 -0.00615669 0)
(-0.00390766 -0.00504237 0)
(-0.00456196 -0.00458666 0)
(-0.00514672 -0.00457806 0)
(-0.00567718 -0.0048012 0)
(-0.00617362 -0.00494912 0)
(-0.00666039 -0.00451877 0)
(-0.00714339 -0.00274088 0)
(-0.00756218 0.001361 0)
(-0.00768838 0.00862055 0)
(-0.00720414 0.0190824 0)
(-0.00581476 0.0308468 0)
(-0.00353095 0.0378959 0)
(-0.000668016 0.0265503 0)
(-5.57601e-05 -0.012483 0)
(-0.00135277 -0.0186879 0)
(-0.00348113 -0.0165544 0)
(-0.00576411 -0.0122446 0)
(-0.00778937 -0.00837507 0)
(-0.00944741 -0.00565541 0)
(-0.0107767 -0.0040267 0)
(-0.0118586 -0.00322876 0)
(-0.0127717 -0.00301385 0)
(-0.0135796 -0.00317903 0)
(-0.0143292 -0.00351701 0)
(-0.0150461 -0.00373928 0)
(-0.0157141 -0.00340603 0)
(-0.0162351 -0.0019008 0)
(-0.0163656 0.00149396 0)
(-0.0156962 0.00735897 0)
(-0.0137967 0.0156929 0)
(-0.0104005 0.0249544 0)
(-0.00584634 0.0303677 0)
(-0.00100959 0.0211558 0)
(-0.000599137 -0.00973834 0)
(-0.00413523 -0.0129317 0)
(-0.00812845 -0.0102025 0)
(-0.0115918 -0.00662278 0)
(-0.0141473 -0.00387614 0)
(-0.0159245 -0.00219164 0)
(-0.0171739 -0.00134866 0)
(-0.0181156 -0.00107936 0)
(-0.018912 -0.0011805 0)
(-0.0196752 -0.00150659 0)
(-0.0204723 -0.00192282 0)
(-0.0213155 -0.00225121 0)
(-0.0221345 -0.0022292 0)
(-0.0227388 -0.00149581 0)
(-0.022773 0.000380795 0)
(-0.0216789 0.00381607 0)
(-0.018897 0.00891328 0)
(-0.0141069 0.0148057 0)
(-0.00781709 0.0185739 0)
(-0.00134588 0.0133534 0)
(-0.00151801 -0.0032743 0)
(-0.00572826 -0.00340088 0)
(-0.00932435 -0.00207289 0)
(-0.0117468 -0.00092361 0)
(-0.0130824 -0.000248133 0)
(-0.0137409 6.23786e-05 0)
(-0.0140653 0.000151437 0)
(-0.0142738 0.000117103 0)
(-0.0144986 1.34961e-05 0)
(-0.0148235 -0.000132994 0)
(-0.0152976 -0.000306632 0)
(-0.0159308 -0.00048603 0)
(-0.0166729 -0.000630536 0)
(-0.0173805 -0.000669434 0)
(-0.0177729 -0.000487964 0)
(-0.0174285 9.18303e-05 0)
(-0.0157719 0.00124506 0)
(-0.0123156 0.00291993 0)
(-0.00728759 0.0044308 0)
(-0.00176469 0.00380287 0)
)
;

boundaryField
{
    leftWall
    {
        type            fixedValue;
        value           uniform (0 0 0);
    }
    rightWall
    {
        type            fixedValue;
        value           uniform (0 0 0);
    }
    topWall
    {
        type            fixedValue;
        value           uniform (0 0 0);
    }
    bottomWall
    {
        type            fixedValue;
        value           uniform (0 0 0);
    }
    frontAndBackPlanes
    {
        type            empty;
    }
}


// ************************************************************************* //
