/*--------------------------------*- C++ -*----------------------------------*\
| =========                 |                                                 |
| \\      /  F ield         | OpenFOAM: The Open Source CFD Toolbox           |
|  \\    /   O peration     | Version:  2506                                  |
|   \\  /    A nd           | Website:  www.openfoam.com                      |
|    \\/     M anipulation  |                                                 |
\*---------------------------------------------------------------------------*/
FoamFile
{
    version     2.0;
    format      ascii;
    arch        "LSB;label=32;scalar=64";
    class       surfaceScalarField;
    location    "88.6";
    object      phi;
}
// * * * * * * * * * * * * * * * * * * * * * * * * * * * * * * * * * * * * * //

dimensions      [1 0 -1 0 0 0 0];

oriented        oriented;

internalField   nonuniform List<scalar> 
370
(
0.000199745
-0.000251142
0.000590667
-0.000390841
0.000949193
-0.000358408
0.00121663
-0.000267292
0.00139307
-0.000176283
0.00150425
-0.000110998
0.00158174
-7.73151e-05
0.00165364
-7.17017e-05
0.00174164
-8.78032e-05
0.00186152
-0.000119681
0.0020246
-0.000162874
0.00223837
-0.000213548
0.00250458
-0.000265993
0.00281254
-0.000307737
0.00312472
-0.00031194
0.00335084
-0.000225889
0.00330501
4.60667e-05
0.00276901
0.000536243
0.00151842
0.0012508
0.00151854
0.000343528
-0.000594627
0.000942504
-0.000989701
0.0015381
-0.000953843
0.00202271
-0.000751706
0.00237863
-0.000531988
0.00262953
-0.000361685
0.00281213
-0.000259694
0.00296156
-0.000220899
0.00310514
-0.000231157
0.0032609
-0.000275206
0.00343757
-0.000339308
0.00363391
-0.000409651
0.00383503
-0.000466864
0.00400427
-0.000476727
0.00407063
-0.000378043
0.00391892
-7.39207e-05
0.00340776
0.000557488
0.00238117
0.00156309
0.000970758
0.00266143
0.00248941
0.000367052
-0.000961622
0.00098125
-0.00160374
0.00158412
-0.00155649
0.00207385
-0.00124117
0.0024357
-0.000893571
0.00269255
-0.000618263
0.00287696
-0.000443821
0.003018
-0.000361658
0.00313656
-0.000349441
0.00324465
-0.000383019
0.00334574
-0.000440115
0.003434
-0.00049763
0.003491
-0.000523575
0.00347965
-0.000465088
0.00333877
-0.000236874
0.00298575
0.000279401
0.00235621
0.00118732
0.00145707
0.00246251
0.000500883
0.00361786
0.0029904
0.000342228
-0.00130378
0.000883314
-0.00214464
0.00138277
-0.00205569
0.00176344
-0.00162153
0.00202757
-0.00115739
0.00220417
-0.000794539
0.00232325
-0.000562577
0.00240671
-0.000444803
0.00246749
-0.000409901
0.00251158
-0.000426794
0.00253982
-0.000468049
0.0025476
-0.000505094
0.00252167
-0.000497316
0.00243508
-0.000378184
0.00224528
-4.67454e-05
0.00190596
0.000619047
0.00139628
0.00169732
0.000768057
0.00309103
0.000206328
0.00417983
0.00319684
0.000288692
-0.0015924
0.000693552
-0.00254929
0.00101793
-0.00237978
0.00122586
-0.00182912
0.00134338
-0.00127456
0.00140574
-0.000856559
0.00143807
-0.00059456
0.00145323
-0.00045963
0.0014561
-0.000412436
0.00144807
-0.000418425
0.00142919
-0.000448845
0.00139724
-0.000472804
0.00134413
-0.000443871
0.00125196
-0.00028567
0.00109297
0.000112587
0.000847037
0.000865334
0.000521815
0.00202288
0.000189901
0.00342326
-1.06864e-05
0.00438067
0.00318625
0.00020049
-0.0017928
0.000398872
-0.00274744
0.000480516
-0.00246111
0.00046908
-0.00181734
0.000414193
-0.00121932
0.000349747
-0.000791763
0.000289329
-0.0005338
0.000234358
-0.000404322
0.000182477
-0.000360221
0.00013194
-0.000367556
8.17432e-05
-0.000398315
2.91487e-05
-0.000419875
-3.27815e-05
-0.000381603
-0.000114276
-0.000203829
-0.000221169
0.000219839
-0.000340617
0.000985144
-0.000430031
0.00211265
-0.000414036
0.00340758
-0.000234565
0.00420144
0.00295178
4.57818e-05
-0.00183849
-6.24995e-05
-0.00263891
-0.000298019
-0.00222526
-0.000568771
-0.00154624
-0.000813638
-0.000974106
-0.00101281
-0.000592246
-0.00117029
-0.000375987
-0.00129721
-0.000277073
-0.00140326
-0.000253847
-0.00149479
-0.000275709
-0.00157626
-0.000316512
-0.0016518
-0.00034401
-0.00172357
-0.000309506
-0.001785
-0.000142051
-0.00180768
0.000242859
-0.00174025
0.000918064
-0.00151394
0.00188667
-0.00107381
0.00296775
-0.000464355
0.00359221
0.00248752
-0.000218148
-0.00162023
-0.000759023
-0.00209777
-0.00137691
-0.00160705
-0.00191793
-0.00100487
-0.00233584
-0.000555853
-0.00264183
-0.00028593
-0.00286555
-0.000151947
-0.00303539
-0.000106922
-0.00317292
-0.000116003
-0.00329277
-0.000155555
-0.0034031
-0.000205881
-0.0035042
-0.000242612
-0.00358316
-0.000230237
-0.00360549
-0.000119421
-0.00350974
0.000147409
-0.00321322
0.000621846
-0.00263573
0.00130948
-0.00175206
0.00208433
-0.000704921
0.00254526
0.00178267
-0.000625185
-0.00099493
-0.00167279
-0.0010499
-0.00260928
-0.000670224
-0.00327944
-0.000334385
-0.00370939
-0.000125573
-0.00397105
-2.39566e-05
-0.00413607
1.33716e-05
-0.00425417
1.14685e-05
-0.00435777
-1.21216e-05
-0.00446674
-4.63132e-05
-0.00458784
-8.45243e-05
-0.00471402
-0.00011617
-0.00481734
-0.000126669
-0.00484138
-9.5136e-05
-0.00470315
9.41159e-06
-0.00428572
0.000204652
-0.00349073
0.000514717
-0.00229702
0.000890825
-0.00090622
0.00115461
0.000876519
-0.000994801
-0.00204442
-0.00271432
-0.00304837
-0.00317363
-0.00319729
-0.00318363
-0.0031719
-0.00318377
-0.00322984
-0.00331414
-0.0034301
-0.00355657
-0.00365152
-0.00364193
-0.00343711
-0.00292224
-0.00203128
-0.000876564
)
;

boundaryField
{
    leftWall
    {
        type            calculated;
        value           uniform 0;
    }
    rightWall
    {
        type            calculated;
        value           nonuniform List<scalar> 10(0 2.1684e-19 0 -4.33681e-19 0 0 0 0 0 0);
    }
    topWall
    {
        type            calculated;
        value           uniform 0;
    }
    bottomWall
    {
        type            calculated;
        value           uniform 0;
    }
    frontAndBackPlanes
    {
        type            empty;
    }
}


// ************************************************************************* //
