/*--------------------------------*- C++ -*----------------------------------*\
| =========                 |                                                 |
| \\      /  F ield         | OpenFOAM: The Open Source CFD Toolbox           |
|  \\    /   O peration     | Version:  2506                                  |
|   \\  /    A nd           | Website:  www.openfoam.com                      |
|    \\/     M anipulation  |                                                 |
\*---------------------------------------------------------------------------*/
FoamFile
{
    version     2.0;
    format      ascii;
    arch        "LSB;label=32;scalar=64";
    class       volVectorField;
    location    "95.2";
    object      U;
}
// * * * * * * * * * * * * * * * * * * * * * * * * * * * * * * * * * * * * * //

dimensions      [0 1 -1 0 0 0 0];

internalField   nonuniform List<vector> 
200
(
(0.000306324 -0.000918609 0)
(0.00181333 -0.00120509 0)
(0.00352566 -0.000919911 0)
(0.00495907 -0.00053857 0)
(0.00590749 -0.00023833 0)
(0.0064694 -6.42482e-05 0)
(0.00679943 -7.19639e-06 0)
(0.00704194 -3.89675e-05 0)
(0.00731002 -0.000131904 0)
(0.00768494 -0.000267664 0)
(0.00822327 -0.000438738 0)
(0.00896424 -0.000644684 0)
(0.00993062 -0.000882751 0)
(0.0111146 -0.00113062 0)
(0.0124339 -0.00131619 0)
(0.0136316 -0.00126386 0)
(0.0141237 -0.000609113 0)
(0.0129979 0.00120424 0)
(0.00932234 0.0042723 0)
(0.00281437 0.00596818 0)
(0.00042836 -0.00379686 0)
(0.00282121 -0.00607856 0)
(0.00552281 -0.00564512 0)
(0.00792313 -0.00424548 0)
(0.00972193 -0.00281183 0)
(0.0109556 -0.00175207 0)
(0.0117885 -0.00116627 0)
(0.0123974 -0.00100527 0)
(0.0129268 -0.00116924 0)
(0.0134775 -0.00155949 0)
(0.0141076 -0.00209571 0)
(0.014835 -0.00270585 0)
(0.0156309 -0.00329009 0)
(0.0163968 -0.00365624 0)
(0.0169234 -0.0034259 0)
(0.0168364 -0.0019284 0)
(0.0155344 0.00181523 0)
(0.0123386 0.00853847 0)
(0.00719616 0.0167394 0)
(0.00123132 0.0171257 0)
(0.000445693 -0.00699201 0)
(0.00289708 -0.0115485 0)
(0.00558034 -0.0110846 0)
(0.00795741 -0.00869296 0)
(0.0097542 -0.0060999 0)
(0.0110079 -0.00407167 0)
(0.0118663 -0.00281689 0)
(0.012479 -0.00226969 0)
(0.0129599 -0.00226156 0)
(0.0133807 -0.00261076 0)
(0.0137749 -0.00315228 0)
(0.0141392 -0.00372169 0)
(0.0144273 -0.00409836 0)
(0.0145301 -0.00391359 0)
(0.014249 -0.00254437 0)
(0.013258 0.000936341 0)
(0.011227 0.00746755 0)
(0.00799396 0.01714 0)
(0.00398597 0.0266351 0)
(0.000468113 0.0231173 0)
(0.000418456 -0.0100944 0)
(0.00260637 -0.0166206 0)
(0.00483982 -0.0159224 0)
(0.00670146 -0.012506 0)
(0.00802203 -0.00883063 0)
(0.00888872 -0.00594577 0)
(0.0094504 -0.004108 0)
(0.00982776 -0.00320043 0)
(0.0100952 -0.00297762 0)
(0.0102901 -0.00318649 0)
(0.0104248 -0.00360094 0)
(0.0104917 -0.00399289 0)
(0.0104564 -0.0040532 0)
(0.0102392 -0.00328251 0)
(0.00969601 -0.000903592 0)
(0.00860898 0.00407677 0)
(0.00684441 0.0124051 0)
(0.00441603 0.023552 0)
(0.00180531 0.0328366 0)
(8.93918e-05 0.0258989 0)
(0.0003704 -0.0127964 0)
(0.00208639 -0.0206632 0)
(0.00358862 -0.0194265 0)
(0.00465379 -0.0149867 0)
(0.00526949 -0.0104164 0)
(0.00558466 -0.00692138 0)
(0.00574068 -0.00471494 0)
(0.00581844 -0.00358636 0)
(0.0058488 -0.00321237 0)
(0.0058384 -0.00329436 0)
(0.00578704 -0.00358151 0)
(0.00569044 -0.00381752 0)
(0.00552939 -0.00363626 0)
(0.00525118 -0.00244218 0)
(0.00474713 0.000642466 0)
(0.00391878 0.00657901 0)
(0.00272833 0.0159105 0)
(0.00131695 0.0275356 0)
(0.000100485 0.0359382 0)
(-0.000168994 0.0266072 0)
(0.000291992 -0.0148763 0)
(0.00129234 -0.0232186 0)
(0.00178112 -0.0211327 0)
(0.00182529 -0.0157864 0)
(0.00160563 -0.0106417 0)
(0.00130832 -0.00688121 0)
(0.00103118 -0.00458175 0)
(0.000794993 -0.00341894 0)
(0.000586708 -0.00301483 0)
(0.000391162 -0.0030607 0)
(0.000200422 -0.00330831 0)
(6.75824e-06 -0.00348699 0)
(-0.000209601 -0.00318392 0)
(-0.000485171 -0.00173768 0)
(-0.000869229 0.00175958 0)
(-0.00133859 0.00816693 0)
(-0.00177531 0.01774 0)
(-0.0019295 0.0289227 0)
(-0.00152613 0.0360159 0)
(-0.000366423 0.0255615 0)
(0.000160692 -0.0159372 0)
(4.25338e-05 -0.0236319 0)
(-0.000861346 -0.0204632 0)
(-0.00205811 -0.0145356 0)
(-0.00320447 -0.00932403 0)
(-0.00414735 -0.00574657 0)
(-0.00487539 -0.00366845 0)
(-0.00543824 -0.00267601 0)
(-0.00589005 -0.00238431 0)
(-0.00626875 -0.00250484 0)
(-0.00659851 -0.00279931 0)
(-0.0068993 -0.00298507 0)
(-0.00718839 -0.00263422 0)
(-0.00746072 -0.0011109 0)
(-0.00764761 0.00237394 0)
(-0.0075637 0.00848582 0)
(-0.00694295 0.0172663 0)
(-0.00552087 0.0270946 0)
(-0.00330477 0.0327804 0)
(-0.000609768 0.0226718 0)
(-0.000149954 -0.0152467 0)
(-0.00200842 -0.0208597 0)
(-0.00465136 -0.0167361 0)
(-0.00720258 -0.0109544 0)
(-0.00923229 -0.00638916 0)
(-0.0107077 -0.00351032 0)
(-0.0117536 -0.00198885 0)
(-0.0125126 -0.00138562 0)
(-0.0130964 -0.00135107 0)
(-0.0135831 -0.0016367 0)
(-0.0140226 -0.00203519 0)
(-0.0144363 -0.00229497 0)
(-0.0148051 -0.00205247 0)
(-0.0150381 -0.000805812 0)
(-0.0149214 0.00202872 0)
(-0.0141334 0.00693558 0)
(-0.0123062 0.0138949 0)
(-0.00921002 0.021577 0)
(-0.00513894 0.0259028 0)
(-0.000874159 0.0178244 0)
(-0.000764168 -0.0116833 0)
(-0.00495497 -0.0139842 0)
(-0.00928651 -0.00975044 0)
(-0.0127063 -0.00529757 0)
(-0.0149408 -0.00229382 0)
(-0.0162648 -0.000694046 0)
(-0.0170388 -6.18768e-05 0)
(-0.0175376 -4.01838e-06 0)
(-0.0179275 -0.000263186 0)
(-0.0183138 -0.000681267 0)
(-0.0187547 -0.00113419 0)
(-0.0192519 -0.00147692 0)
(-0.0197388 -0.00150034 0)
(-0.0200508 -0.000913636 0)
(-0.0198852 0.000638991 0)
(-0.0187867 0.00350666 0)
(-0.0162759 0.00774818 0)
(-0.0120838 0.0126123 0)
(-0.00665291 0.0156294 0)
(-0.00113205 0.0111036 0)
(-0.00186096 -0.0039798 0)
(-0.00669533 -0.00363705 0)
(-0.0103198 -0.00182411 0)
(-0.0123756 -0.000484465 0)
(-0.0132029 0.000187571 0)
(-0.0133757 0.00041779 0)
(-0.0132883 0.000410572 0)
(-0.0131556 0.00030063 0)
(-0.0131033 0.000150035 0)
(-0.0131918 -1.93017e-05 0)
(-0.0134436 -0.000193749 0)
(-0.0138552 -0.000358739 0)
(-0.0143734 -0.00048514 0)
(-0.0148702 -0.000517973 0)
(-0.0151076 -0.00036383 0)
(-0.0147301 0.000124402 0)
(-0.0132582 0.00107561 0)
(-0.0102944 0.0024406 0)
(-0.00604793 0.00365552 0)
(-0.00144676 0.00310939 0)
)
;

boundaryField
{
    leftWall
    {
        type            fixedValue;
        value           uniform (0 0 0);
    }
    rightWall
    {
        type            fixedValue;
        value           uniform (0 0 0);
    }
    topWall
    {
        type            fixedValue;
        value           uniform (0 0 0);
    }
    bottomWall
    {
        type            fixedValue;
        value           uniform (0 0 0);
    }
    frontAndBackPlanes
    {
        type            empty;
    }
}


// ************************************************************************* //
