/*--------------------------------*- C++ -*----------------------------------*\
| =========                 |                                                 |
| \\      /  F ield         | OpenFOAM: The Open Source CFD Toolbox           |
|  \\    /   O peration     | Version:  2506                                  |
|   \\  /    A nd           | Website:  www.openfoam.com                      |
|    \\/     M anipulation  |                                                 |
\*---------------------------------------------------------------------------*/
FoamFile
{
    version     2.0;
    format      ascii;
    arch        "LSB;label=32;scalar=64";
    class       surfaceScalarField;
    location    "133.8";
    object      phi;
}
// * * * * * * * * * * * * * * * * * * * * * * * * * * * * * * * * * * * * * //

dimensions      [1 0 -1 0 0 0 0];

oriented        oriented;

internalField   nonuniform List<scalar> 
370
(
0.00036406
-0.00039325
0.000937371
-0.000573258
0.00142773
-0.000490284
0.00175792
-0.000330098
0.00194022
-0.000182201
0.00202003
-7.96895e-05
0.00204637
-2.62227e-05
0.00205904
-1.25443e-05
0.00208615
-2.6972e-05
0.00214648
-6.01837e-05
0.00225117
-0.000104541
0.00240604
-0.00015471
0.00261105
-0.000204839
0.0028545
-0.000243283
0.00309956
-0.000244888
0.00325879
-0.000159053
0.00316668
9.22899e-05
0.00261323
0.000553626
0.00140923
0.00120416
0.00140931
0.000476803
-0.000870026
0.00126906
-0.00136544
0.00201621
-0.00123734
0.00258383
-0.000897596
0.00296019
-0.000558429
0.00318604
-0.000305406
0.0033155
-0.000155543
0.00339752
-9.44262e-05
0.00346837
-9.76763e-05
0.00354998
-0.000141644
0.00365241
-0.000206815
0.00377425
-0.000276392
0.0039002
-0.000330624
0.00399449
-0.000337406
0.00399023
-0.000240461
0.00378258
4.87799e-05
0.00323726
0.000637782
0.00223085
0.00156022
0.000896708
0.00253846
0.00230609
0.000446352
-0.00131634
0.00116751
-0.0020865
0.00184539
-0.00191508
0.00236585
-0.00141791
0.00272186
-0.000914277
0.00294882
-0.000532201
0.0030902
-0.000296757
0.00318252
-0.000186575
0.00325078
-0.000165771
0.00330871
-0.000199406
0.00336006
-0.000258003
0.00339872
-0.000314875
0.00340616
-0.000337898
0.00334667
-0.000277737
0.00316349
-5.71101e-05
0.00278668
0.00042577
0.00216612
0.00125853
0.00131701
0.00240951
0.000441861
0.00341375
0.00274802
0.000372076
-0.00168838
0.000932809
-0.00264712
0.00142299
-0.00240511
0.00177248
-0.00176722
0.00199644
-0.00113805
0.00213371
-0.000669285
0.00221907
-0.000381934
0.00227515
-0.000242473
0.00231356
-0.000203996
0.00233846
-0.000224131
0.00234912
-0.000268485
0.00233971
-0.000305284
0.00229647
-0.000294477
0.00219399
-0.000175065
0.0019952
0.000141862
0.00166595
0.000755213
0.00119351
0.00173116
0.000633502
0.0029697
0.000156206
0.0038912
0.00290429
0.00027812
-0.00196645
0.000632235
-0.00300112
0.000883111
-0.00265582
0.00101791
-0.00190184
0.00107751
-0.00119746
0.0011023
-0.000693874
0.00111551
-0.000394961
0.00112486
-0.000251627
0.00112997
-0.000208924
0.00112841
-0.000222385
0.00111782
-0.000257717
0.00109448
-0.000281762
0.0010497
-0.00024951
0.000967053
-9.22301e-05
0.000824914
0.00028419
0.000609666
0.000970653
0.000336604
0.00200441
7.70931e-05
0.00322939
-5.06454e-05
0.00401908
0.0028537
0.000162039
-0.00212845
0.000262309
-0.00310126
0.000237016
-0.00263036
0.000141466
-0.0018061
3.56383e-05
-0.00109144
-5.04627e-05
-0.000607584
-0.000111567
-0.000333671
-0.000154387
-0.000208625
-0.000187217
-0.000175913
-0.000215524
-0.000193898
-0.00024243
-0.000230632
-0.000271449
-0.000252562
-0.000308722
-0.000212055
-0.000362239
-3.85271e-05
-0.000432702
0.000354844
-0.000506622
0.00104477
-0.000541503
0.00203948
-0.000468175
0.00315624
-0.000243845
0.00379488
0.00260991
-1.3767e-05
-0.00211463
-0.000232473
-0.00288242
-0.000572481
-0.00229018
-0.000910527
-0.00146787
-0.00118327
-0.000818509
-0.00138109
-0.000409585
-0.0015198
-0.000194792
-0.00161867
-0.000109571
-0.00169219
-0.000102222
-0.00174963
-0.000136281
-0.00179675
-0.000183341
-0.00183722
-0.000211923
-0.00187103
-0.000178069
-0.00188954
-1.98411e-05
-0.00186369
0.000329173
-0.00174987
0.000931136
-0.00148859
0.00177838
-0.00103465
0.00270246
-0.000438267
0.00319861
0.00217169
-0.000283558
-0.00183101
-0.000928796
-0.00223704
-0.00162193
-0.00159687
-0.00219235
-0.000897275
-0.00260196
-0.000408717
-0.00287669
-0.000134689
-0.00305718
-1.41278e-05
-0.00317835
1.17627e-05
-0.00326624
-1.41681e-05
-0.00333724
-6.5117e-05
-0.00339973
-0.000120694
-0.00345288
-0.000158608
-0.00348289
-0.000147901
-0.00345581
-4.67629e-05
-0.00331833
0.000191847
-0.00299892
0.000611886
-0.00243055
0.00121016
-0.00159723
0.00186928
-0.000634878
0.00223636
0.00153686
-0.000709039
-0.00112191
-0.00184766
-0.00109828
-0.00281015
-0.00063421
-0.00344905
-0.000258203
-0.00381272
-4.48847e-05
-0.004003
5.57562e-05
-0.00409737
8.04051e-05
-0.00414964
6.41771e-05
-0.00419325
2.95869e-05
-0.0042465
-1.1728e-05
-0.00431497
-5.20837e-05
-0.00438967
-8.3772e-05
-0.00444347
-9.39726e-05
-0.00442497
-6.51344e-05
-0.00425984
2.684e-05
-0.00384858
0.000200743
-0.003108
0.000469708
-0.00202719
0.000788571
-0.000792067
0.00100132
0.000744822
-0.00112184
-0.00221998
-0.00285402
-0.00311205
-0.00315678
-0.00310087
-0.00302032
-0.002956
-0.00292628
-0.00293788
-0.00298985
-0.00307351
-0.00316737
-0.00323241
-0.00320548
-0.00300465
-0.00253486
-0.00174622
-0.000744844
)
;

boundaryField
{
    leftWall
    {
        type            calculated;
        value           nonuniform List<scalar> 10(0 0 5.42101e-20 -1.0842e-19 -2.1684e-19 0 0 0 0 -8.67362e-19);
    }
    rightWall
    {
        type            calculated;
        value           nonuniform List<scalar> 10(0 -2.1684e-19 0 0 0 -4.33681e-19 4.33681e-19 0 0 0);
    }
    topWall
    {
        type            calculated;
        value           uniform 0;
    }
    bottomWall
    {
        type            calculated;
        value           uniform 0;
    }
    frontAndBackPlanes
    {
        type            empty;
    }
}


// ************************************************************************* //
