/*--------------------------------*- C++ -*----------------------------------*\
| =========                 |                                                 |
| \\      /  F ield         | OpenFOAM: The Open Source CFD Toolbox           |
|  \\    /   O peration     | Version:  2506                                  |
|   \\  /    A nd           | Website:  www.openfoam.com                      |
|    \\/     M anipulation  |                                                 |
\*---------------------------------------------------------------------------*/
FoamFile
{
    version     2.0;
    format      ascii;
    arch        "LSB;label=32;scalar=64";
    class       surfaceScalarField;
    location    "114.8";
    object      phi;
}
// * * * * * * * * * * * * * * * * * * * * * * * * * * * * * * * * * * * * * //

dimensions      [1 0 -1 0 0 0 0];

oriented        oriented;

internalField   nonuniform List<scalar> 
370
(
0.000304819
-0.000341903
0.00081218
-0.000507296
0.00125422
-0.000441949
0.00156033
-0.000305987
0.00173861
-0.000178158
0.00182771
-8.89486e-05
0.00187058
-4.27212e-05
0.00190303
-3.22841e-05
0.00195111
-4.79095e-05
0.00203236
-8.10717e-05
0.00215788
-0.000125341
0.00233402
-0.000175948
0.0025614
-0.000227179
0.00282883
-0.000267232
0.00309957
-0.00027053
0.00328565
-0.000185871
0.00321328
7.25862e-05
0.00266896
0.000544531
0.00144948
0.00121966
0.00144958
0.000429513
-0.000771383
0.00115297
-0.00123066
0.00184572
-0.00113457
0.00238271
-0.000842824
0.00275018
-0.000545468
0.00298306
-0.000321663
0.0031296
-0.000189079
0.00323397
-0.000136479
0.00332919
-0.000142949
0.00343595
-0.000187638
0.00356382
-0.000253021
0.00371147
-0.000323407
0.00386383
-0.000379341
0.00398497
-0.000388165
0.00400649
-0.00029184
0.00382287
-2.04406e-06
0.00329188
0.000603794
0.00228095
0.00155568
0.000921837
0.00257896
0.00237151
0.000418917
-0.00119026
0.00110307
-0.0019147
0.00175501
-0.00178634
0.00226471
-0.00135234
0.0026224
-0.000902952
0.00285913
-0.000558185
0.00301465
-0.000344394
0.00312299
-0.000244605
0.00320778
-0.000227536
0.00328223
-0.000261873
0.00335002
-0.000320603
0.0034052
-0.000378374
0.00342938
-0.000403304
0.00338655
-0.000345112
0.00321889
-0.000123962
0.00284862
0.000368452
0.00222671
0.00122593
0.00136213
0.00242048
0.000460792
0.00348048
0.00283239
0.000362562
-0.00155277
0.000917796
-0.00246979
0.00141242
-0.00228077
0.00177359
-0.0017133
0.00201194
-0.00114106
0.00216288
-0.000708893
0.00225961
-0.000440897
0.00232465
-0.000309415
0.00237017
-0.000272823
0.00240102
-0.000292494
0.00241704
-0.000336392
0.00241282
-0.000373931
0.0023748
-0.000365049
0.00227697
-0.00024705
0.00208029
7.29534e-05
0.00174675
0.000702238
0.00126129
0.00171162
0.000678153
0.00300385
0.000172597
0.00398622
0.00300507
0.000282997
-0.00183571
0.000656438
-0.00284308
0.000934117
-0.00255824
0.00109512
-0.00187406
0.00117527
-0.00122097
0.00121326
-0.00074663
0.001233
-0.000460397
0.00124415
-0.00032033
0.00124826
-0.000276694
0.00124417
-0.000288168
0.00123034
-0.000322331
0.00120354
-0.000346897
0.00115521
-0.000316482
0.0010683
-0.000159898
0.000918947
0.000222546
0.000692022
0.000929408
0.000400071
0.00200382
0.000114962
0.00328919
-3.79107e-05
0.00413927
0.00296723
0.000177185
-0.00201283
0.000312398
-0.00297813
0.000324808
-0.00257043
0.0002586
-0.00180761
0.00017046
-0.00113259
9.21475e-05
-0.000668074
3.16982e-05
-0.00039971
-1.4907e-05
-0.000273491
-5.399e-05
-0.000237379
-8.97995e-05
-0.000252128
-0.000124744
-0.000287156
-0.00016206
-0.00030935
-0.000208156
-0.000270152
-0.000271693
-9.61221e-05
-0.000355388
0.000306488
-0.000446165
0.00102043
-0.000501308
0.00205921
-0.000449027
0.00323713
-0.000240651
0.00393107
0.00272665
6.54576e-06
-0.00201931
-0.000172396
-0.00279901
-0.000475841
-0.00226676
-0.000790569
-0.00149264
-0.00105341
-0.000869508
-0.00125118
-0.000470073
-0.00139546
-0.000255197
-0.001503
-0.000165727
-0.00158698
-0.000153182
-0.00165565
-0.000183231
-0.00171432
-0.000228264
-0.00176679
-0.000256653
-0.0018138
-0.000222917
-0.0018472
-6.24948e-05
-0.0018386
0.000298121
-0.00174186
0.000923935
-0.00149428
0.00181186
-0.00104683
0.00278989
-0.000447045
0.00333143
0.00227966
-0.000260217
-0.00175902
-0.000869688
-0.00218936
-0.00153684
-0.00159938
-0.00209674
-0.000932508
-0.00250851
-0.000457509
-0.00279297
-0.000185391
-0.00298731
-6.06362e-05
-0.00312446
-2.83659e-05
-0.00322868
-4.87485e-05
-0.00331588
-9.58213e-05
-0.00339436
-0.000149581
-0.00346369
-0.000187119
-0.00351039
-0.000176008
-0.00350072
-7.19643e-05
-0.00337813
0.000175742
-0.00306777
0.000613775
-0.00249794
0.00124223
-0.00164902
0.00194115
-0.000658672
0.00234122
0.00162104
-0.000680163
-0.00107878
-0.00178755
-0.00108179
-0.00274084
-0.000645874
-0.00338982
-0.000283298
-0.00377598
-7.11271e-05
-0.00398874
2.75763e-05
-0.0041074
5.82286e-05
-0.00418204
4.64724e-05
-0.00424546
1.48601e-05
-0.00431744
-2.36548e-05
-0.00440356
-6.32809e-05
-0.00449563
-9.4886e-05
-0.0045663
-0.000105168
-0.00456261
-7.54833e-05
-0.00440722
2.05142e-05
-0.00399493
0.000201638
-0.00323706
0.000484514
-0.00211881
0.000823033
-0.000831076
0.00105358
0.000790012
-0.00107869
-0.00216029
-0.00280595
-0.00308903
-0.00315995
-0.00313217
-0.00307375
-0.0030271
-0.00301207
-0.00303556
-0.00309869
-0.00319343
-0.00329846
-0.00337382
-0.00335318
-0.00315143
-0.00266682
-0.00184369
-0.000790041
)
;

boundaryField
{
    leftWall
    {
        type            calculated;
        value           nonuniform List<scalar> 10(0 0 0 1.0842e-19 0 0 0 0 0 0);
    }
    rightWall
    {
        type            calculated;
        value           nonuniform List<scalar> 10(0 0 0 0 0 0 0 -4.33681e-19 0 0);
    }
    topWall
    {
        type            calculated;
        value           uniform 0;
    }
    bottomWall
    {
        type            calculated;
        value           uniform 0;
    }
    frontAndBackPlanes
    {
        type            empty;
    }
}


// ************************************************************************* //
