/*--------------------------------*- C++ -*----------------------------------*\
| =========                 |                                                 |
| \\      /  F ield         | OpenFOAM: The Open Source CFD Toolbox           |
|  \\    /   O peration     | Version:  2506                                  |
|   \\  /    A nd           | Website:  www.openfoam.com                      |
|    \\/     M anipulation  |                                                 |
\*---------------------------------------------------------------------------*/
FoamFile
{
    version     2.0;
    format      ascii;
    arch        "LSB;label=32;scalar=64";
    class       volVectorField;
    location    "87";
    object      U;
}
// * * * * * * * * * * * * * * * * * * * * * * * * * * * * * * * * * * * * * //

dimensions      [0 1 -1 0 0 0 0];

internalField   nonuniform List<vector> 
200
(
(0.000238577 -0.000804533 0)
(0.00156928 -0.00107299 0)
(0.00313784 -0.000836532 0)
(0.00448551 -0.000511708 0)
(0.00540939 -0.000251726 0)
(0.00599294 -9.90763e-05 0)
(0.0063707 -4.94474e-05 0)
(0.00667168 -8.05072e-05 0)
(0.0069999 -0.000169487 0)
(0.00743262 -0.000301351 0)
(0.00802596 -0.000470354 0)
(0.00882072 -0.000676608 0)
(0.00984165 -0.000917001 0)
(0.0110821 -0.00116809 0)
(0.0124593 -0.00135623 0)
(0.0137133 -0.00130437 0)
(0.0142506 -0.000645088 0)
(0.0131477 0.00119051 0)
(0.00945397 0.00430995 0)
(0.00286012 0.00606125 0)
(0.000388137 -0.00339637 0)
(0.00259611 -0.00553459 0)
(0.00513158 -0.00524316 0)
(0.00742161 -0.00405288 0)
(0.00917778 -0.00279808 0)
(0.0104238 -0.00185842 0)
(0.0113045 -0.00133772 0)
(0.0119799 -0.00120228 0)
(0.0125833 -0.00136926 0)
(0.0132093 -0.00175381 0)
(0.0139138 -0.00228456 0)
(0.0147147 -0.00289344 0)
(0.0155832 -0.00348008 0)
(0.0164205 -0.003848 0)
(0.0170141 -0.00361187 0)
(0.016983 -0.00209231 0)
(0.0157182 0.0017047 0)
(0.0125203 0.00853826 0)
(0.00732339 0.0169083 0)
(0.00125805 0.0173965 0)
(0.000420874 -0.00638263 0)
(0.00275905 -0.0107057 0)
(0.00534954 -0.0104518 0)
(0.00767333 -0.00837988 0)
(0.00945987 -0.0060662 0)
(0.0107359 -0.00423118 0)
(0.0116361 -0.00308678 0)
(0.0123 -0.0025889 0)
(0.0128353 -0.00259363 0)
(0.0133106 -0.00293952 0)
(0.0137584 -0.003475 0)
(0.0141756 -0.00404168 0)
(0.0145157 -0.00441801 0)
(0.014669 -0.00422789 0)
(0.0144329 -0.00283511 0)
(0.013476 0.000705255 0)
(0.0114491 0.00736222 0)
(0.00818176 0.0172348 0)
(0.00410021 0.026975 0)
(0.000487786 0.0235296 0)
(0.000405952 -0.00937391 0)
(0.00255384 -0.0156484 0)
(0.0047771 -0.0152213 0)
(0.00665526 -0.0121933 0)
(0.00800993 -0.00884611 0)
(0.00891684 -0.00618059 0)
(0.00951692 -0.00446278 0)
(0.00992757 -0.00360491 0)
(0.0102232 -0.00339177 0)
(0.0104424 -0.00359379 0)
(0.0105991 -0.00399956 0)
(0.0106872 -0.00438709 0)
(0.0106726 -0.00444532 0)
(0.0104758 -0.00366439 0)
(0.0099498 -0.00124589 0)
(0.00886735 0.0038372 0)
(0.00708223 0.012355 0)
(0.00459985 0.0237775 0)
(0.00190609 0.0333556 0)
(0.00010396 0.0264314 0)
(0.000368596 -0.0120511 0)
(0.00210648 -0.0197159 0)
(0.00366667 -0.018806 0)
(0.00480249 -0.0147809 0)
(0.00548193 -0.0105358 0)
(0.00584371 -0.00723985 0)
(0.00602755 -0.00512868 0)
(0.00611788 -0.00402885 0)
(0.00615084 -0.00365029 0)
(0.00613767 -0.00371738 0)
(0.00608128 -0.0039921 0)
(0.00597906 -0.00422249 0)
(0.00581268 -0.00403936 0)
(0.00552956 -0.00283421 0)
(0.00502206 0.000300587 0)
(0.00417457 0.00637561 0)
(0.00294793 0.0159495 0)
(0.00147362 0.027907 0)
(0.000167181 0.0366276 0)
(-0.00016962 0.0272417 0)
(0.000297782 -0.0141732 0)
(0.00136538 -0.0224133 0)
(0.00195642 -0.0206927 0)
(0.00209669 -0.0157442 0)
(0.00194414 -0.0108783 0)
(0.0016811 -0.00726522 0)
(0.00141202 -0.00501835 0)
(0.00116706 -0.0038555 0)
(0.000940973 -0.00343066 0)
(0.000723722 -0.00345438 0)
(0.00051029 -0.00368771 0)
(0.000294436 -0.00386186 0)
(5.6974e-05 -0.00355923 0)
(-0.000241654 -0.00209986 0)
(-0.000655055 0.0014625 0)
(-0.00116194 0.00803483 0)
(-0.00164351 0.017888 0)
(-0.00184974 0.0294339 0)
(-0.00149906 0.036836 0)
(-0.000367876 0.026257 0)
(0.000168171 -0.0153267 0)
(0.000143672 -0.0230343 0)
(-0.00064205 -0.0202453 0)
(-0.00175184 -0.0146559 0)
(-0.0028526 -0.00964387 0)
(-0.00378645 -0.0061483 0)
(-0.00452981 -0.00408069 0)
(-0.00512122 -0.00306563 0)
(-0.00560756 -0.0027434 0)
(-0.0060226 -0.00283941 0)
(-0.0063884 -0.00312051 0)
(-0.00672449 -0.00330221 0)
(-0.00704941 -0.00294712 0)
(-0.00736112 -0.00139922 0)
(-0.00759361 0.00216628 0)
(-0.00755444 0.00844938 0)
(-0.00696869 0.0175048 0)
(-0.00556407 0.0276771 0)
(-0.00334438 0.0336355 0)
(-0.000620591 0.0233538 0)
(-0.000132564 -0.0147554 0)
(-0.00188811 -0.0204794 0)
(-0.00443662 -0.0167026 0)
(-0.00693585 -0.0111746 0)
(-0.00895938 -0.0067279 0)
(-0.0104614 -0.00387491 0)
(-0.0115512 -0.00233341 0)
(-0.0123611 -0.0016924 0)
(-0.0129982 -0.00162127 0)
(-0.0135377 -0.00188204 0)
(-0.0140283 -0.00226827 0)
(-0.014492 -0.00252355 0)
(-0.0149109 -0.0022729 0)
(-0.0151944 -0.000995465 0)
(-0.0151248 0.00191732 0)
(-0.0143665 0.00697081 0)
(-0.0125399 0.0141571 0)
(-0.0094054 0.0221189 0)
(-0.00526026 0.0266582 0)
(-0.000898181 0.01841 0)
(-0.000734868 -0.011339 0)
(-0.00481009 -0.0138032 0)
(-0.00908217 -0.00983353 0)
(-0.0125086 -0.00553233 0)
(-0.0147981 -0.00257231 0)
(-0.0162014 -0.000955139 0)
(-0.0170545 -0.000281251 0)
(-0.0176219 -0.000182759 0)
(-0.0180768 -0.000411607 0)
(-0.0185248 -0.000810722 0)
(-0.0190224 -0.00125548 0)
(-0.0195742 -0.0015964 0)
(-0.0201145 -0.00161596 0)
(-0.0204756 -0.00101141 0)
(-0.020348 0.000587261 0)
(-0.0192584 0.00354337 0)
(-0.0167117 0.00792713 0)
(-0.0124274 0.0129725 0)
(-0.00685515 0.0161332 0)
(-0.00117 0.0115006 0)
(-0.00180047 -0.00385449 0)
(-0.00652536 -0.00359692 0)
(-0.0101457 -0.00186954 0)
(-0.0122669 -0.000563511 0)
(-0.0131829 0.000109014 0)
(-0.0134381 0.000355224 0)
(-0.0134236 0.000369768 0)
(-0.0133557 0.000273663 0)
(-0.0133513 0.000129235 0)
(-0.013476 -3.63868e-05 0)
(-0.0137616 -0.000210136 0)
(-0.0142068 -0.000377303 0)
(-0.0147597 -0.000507176 0)
(-0.0152905 -0.000542291 0)
(-0.0155539 -0.000385372 0)
(-0.0151846 0.000117013 0)
(-0.0136865 0.00110158 0)
(-0.0106437 0.00252018 0)
(-0.00626553 0.00378916 0)
(-0.00150333 0.00323231 0)
)
;

boundaryField
{
    leftWall
    {
        type            fixedValue;
        value           uniform (0 0 0);
    }
    rightWall
    {
        type            fixedValue;
        value           uniform (0 0 0);
    }
    topWall
    {
        type            fixedValue;
        value           uniform (0 0 0);
    }
    bottomWall
    {
        type            fixedValue;
        value           uniform (0 0 0);
    }
    frontAndBackPlanes
    {
        type            empty;
    }
}


// ************************************************************************* //
