/*--------------------------------*- C++ -*----------------------------------*\
| =========                 |                                                 |
| \\      /  F ield         | OpenFOAM: The Open Source CFD Toolbox           |
|  \\    /   O peration     | Version:  2506                                  |
|   \\  /    A nd           | Website:  www.openfoam.com                      |
|    \\/     M anipulation  |                                                 |
\*---------------------------------------------------------------------------*/
FoamFile
{
    version     2.0;
    format      ascii;
    arch        "LSB;label=32;scalar=64";
    class       volVectorField;
    location    "86.4";
    object      U;
}
// * * * * * * * * * * * * * * * * * * * * * * * * * * * * * * * * * * * * * //

dimensions      [0 1 -1 0 0 0 0];

internalField   nonuniform List<vector> 
200
(
(0.000233424 -0.00079594 0)
(0.00155077 -0.00106306 0)
(0.00310852 -0.000830313 0)
(0.00444983 -0.000509791 0)
(0.00537202 -0.000252854 0)
(0.00595741 -0.0001018 0)
(0.00633895 -5.26936e-05 0)
(0.0066445 -8.36611e-05 0)
(0.00697735 -0.000172313 0)
(0.00741449 -0.000303867 0)
(0.00801202 -0.000472712 0)
(0.00881086 -0.000678995 0)
(0.00983592 -0.000919567 0)
(0.0110806 -0.00117089 0)
(0.0124621 -0.00135919 0)
(0.0137202 -0.0013073 0)
(0.0142607 -0.000647623 0)
(0.0131593 0.00118964 0)
(0.00946394 0.00431285 0)
(0.00286354 0.00606819 0)
(0.000385034 -0.00336597 0)
(0.0025788 -0.00549338 0)
(0.0051016 -0.00521295 0)
(0.00738334 -0.0040388 0)
(0.00913647 -0.0027977 0)
(0.0103837 -0.00186715 0)
(0.0112683 -0.00135129 0)
(0.0119491 -0.00121765 0)
(0.0125583 -0.00138472 0)
(0.0131902 -0.00176873 0)
(0.0139006 -0.00229899 0)
(0.0147072 -0.00290772 0)
(0.0155814 -0.00349446 0)
(0.0164241 -0.00386237 0)
(0.0170227 -0.00362558 0)
(0.0169957 -0.00210406 0)
(0.0157333 0.00169724 0)
(0.0125349 0.00853916 0)
(0.00733345 0.0169217 0)
(0.00126015 0.0174171 0)
(0.000418925 -0.00633601 0)
(0.00274823 -0.0106414 0)
(0.00533151 -0.0104039 0)
(0.00765124 -0.00835681 0)
(0.00943714 -0.00606473 0)
(0.0107151 -0.00424454 0)
(0.0116188 -0.00310849 0)
(0.0122869 -0.00261421 0)
(0.0128266 -0.00261972 0)
(0.0133063 -0.00296519 0)
(0.0137585 -0.00350005 0)
(0.0141799 -0.00406636 0)
(0.0145241 -0.00444245 0)
(0.0146813 -0.00425161 0)
(0.0144487 -0.00285658 0)
(0.0134942 0.000688875 0)
(0.0114674 0.00735583 0)
(0.00819703 0.0172438 0)
(0.00410945 0.0270022 0)
(0.000489376 0.0235616 0)
(0.000404943 -0.00931846 0)
(0.00254955 -0.0155738 0)
(0.00477187 -0.015168 0)
(0.00665126 -0.0121703 0)
(0.00800861 -0.00884868 0)
(0.00891875 -0.00620015 0)
(0.00952198 -0.0044915 0)
(0.0099354 -0.00363728 0)
(0.0102334 -0.00342468 0)
(0.0104546 -0.00362595 0)
(0.0106133 -0.00403085 0)
(0.0107031 -0.00441781 0)
(0.0106904 -0.00447555 0)
(0.0104952 -0.00369335 0)
(0.00997053 -0.00127118 0)
(0.0088884 0.00382048 0)
(0.00710152 0.0123534 0)
(0.00461474 0.0237972 0)
(0.00191435 0.0333974 0)
(0.000105224 0.0264732 0)
(0.000368414 -0.0119934 0)
(0.0021078 -0.0196429 0)
(0.00367232 -0.0187587 0)
(0.00481352 -0.0147662 0)
(0.0054979 -0.0105465 0)
(0.00586333 -0.00726609 0)
(0.00604941 -0.00516224 0)
(0.00614079 -0.00406447 0)
(0.00617404 -0.00368535 0)
(0.00616077 -0.00375108 0)
(0.00610409 -0.00402465 0)
(0.00600157 -0.00425438 0)
(0.00583494 -0.00407072 0)
(0.00555155 -0.00286407 0)
(0.00504381 0.000275329 0)
(0.00419484 0.0063618 0)
(0.00296537 0.0159551 0)
(0.00148618 0.0279384 0)
(0.000173062 0.0366831 0)
(-0.000169236 0.0272917 0)
(0.000298213 -0.0141186 0)
(0.00137088 -0.0223509 0)
(0.00196969 -0.0206591 0)
(0.00211734 -0.0157421 0)
(0.00196996 -0.0108981 0)
(0.00170956 -0.00729657 0)
(0.00144106 -0.00505371 0)
(0.00119537 -0.00389071 0)
(0.000967863 -0.00346406 0)
(0.000748904 -0.0034859 0)
(0.000533711 -0.00371798 0)
(0.000316186 -0.00389159 0)
(7.73003e-05 -0.00358864 0)
(-0.00022303 -0.00212767 0)
(-0.00063872 0.00144044 0)
(-0.00114841 0.00802636 0)
(-0.00163334 0.0179019 0)
(-0.0018435 0.0294763 0)
(-0.00149679 0.0369019 0)
(-0.000367895 0.0263118 0)
(0.000168781 -0.015279 0)
(0.00015151 -0.0229878 0)
(-0.000625158 -0.0202288 0)
(-0.00172832 -0.0146663 0)
(-0.00282563 -0.00967 0)
(-0.00375892 -0.00618084 0)
(-0.00450362 -0.00411395 0)
(-0.00509739 -0.00309697 0)
(-0.00558655 -0.00277223 0)
(-0.0060045 -0.00286623 0)
(-0.00637317 -0.0031462 0)
(-0.00671204 -0.00332746 0)
(-0.00703973 -0.00297175 0)
(-0.00735444 -0.00142152 0)
(-0.00759038 0.00215088 0)
(-0.0075545 0.008448 0)
(-0.00697124 0.0175254 0)
(-0.00556772 0.0277247 0)
(-0.00334755 0.0337039 0)
(-0.000621444 0.0234076 0)
(-0.000131213 -0.0147168 0)
(-0.00187877 -0.0204497 0)
(-0.00441997 -0.0167004 0)
(-0.00691528 -0.0111925 0)
(-0.0089385 -0.00675524 0)
(-0.0104428 -0.00390427 0)
(-0.0115363 -0.00236113 0)
(-0.0123503 -0.00171706 0)
(-0.0129917 -0.00164297 0)
(-0.0135355 -0.00190175 0)
(-0.0140301 -0.00228699 0)
(-0.0144978 -0.00254183 0)
(-0.0149207 -0.00229037 0)
(-0.015208 -0.00101021 0)
(-0.015142 0.00190912 0)
(-0.0143859 0.00697455 0)
(-0.012559 0.0141789 0)
(-0.00942113 0.0221627 0)
(-0.00526991 0.0267184 0)
(-0.000900076 0.0184562 0)
(-0.000732583 -0.0113119 0)
(-0.00479879 -0.0137889 0)
(-0.00906631 -0.00984014 0)
(-0.0124935 -0.00555094 0)
(-0.0147875 -0.0025943 0)
(-0.0161971 -0.000975629 0)
(-0.0170564 -0.000298356 0)
(-0.0176292 -0.000196681 0)
(-0.0180892 -0.000423232 0)
(-0.0185422 -0.000820955 0)
(-0.0190444 -0.00126515 0)
(-0.0196007 -0.00160594 0)
(-0.0201452 -0.00162515 0)
(-0.0205102 -0.00101908 0)
(-0.0203855 0.000583391 0)
(-0.0192964 0.00354667 0)
(-0.0167466 0.00794179 0)
(-0.0124547 0.0130014 0)
(-0.00687115 0.0161732 0)
(-0.00117299 0.0115318 0)
(-0.00179569 -0.00384459 0)
(-0.00651193 -0.00359368 0)
(-0.010132 -0.00187304 0)
(-0.0122583 -0.000569634 0)
(-0.0131812 0.00010304 0)
(-0.013443 0.000350692 0)
(-0.0134345 0.000367074 0)
(-0.0133719 0.000271982 0)
(-0.0133714 0.000127872 0)
(-0.0134989 -3.7599e-05 0)
(-0.0137871 -0.000211378 0)
(-0.014235 -0.000378766 0)
(-0.0147906 -0.000508939 0)
(-0.0153241 -0.000544242 0)
(-0.0155896 -0.00038709 0)
(-0.0152208 0.000116451 0)
(-0.0137205 0.00110369 0)
(-0.0106714 0.00252653 0)
(-0.00628268 0.00379973 0)
(-0.00150777 0.00324197 0)
)
;

boundaryField
{
    leftWall
    {
        type            fixedValue;
        value           uniform (0 0 0);
    }
    rightWall
    {
        type            fixedValue;
        value           uniform (0 0 0);
    }
    topWall
    {
        type            fixedValue;
        value           uniform (0 0 0);
    }
    bottomWall
    {
        type            fixedValue;
        value           uniform (0 0 0);
    }
    frontAndBackPlanes
    {
        type            empty;
    }
}


// ************************************************************************* //
