/*--------------------------------*- C++ -*----------------------------------*\
| =========                 |                                                 |
| \\      /  F ield         | OpenFOAM: The Open Source CFD Toolbox           |
|  \\    /   O peration     | Version:  2506                                  |
|   \\  /    A nd           | Website:  www.openfoam.com                      |
|    \\/     M anipulation  |                                                 |
\*---------------------------------------------------------------------------*/
FoamFile
{
    version     2.0;
    format      ascii;
    arch        "LSB;label=32;scalar=64";
    class       surfaceScalarField;
    location    "28.2";
    object      phi;
}
// * * * * * * * * * * * * * * * * * * * * * * * * * * * * * * * * * * * * * //

dimensions      [1 0 -1 0 0 0 0];

oriented        oriented;

internalField   nonuniform List<scalar> 
370
(
-6.42403e-05
-4.14216e-05
5.69633e-05
-0.000121203
0.000258944
-0.000201979
0.000530613
-0.000271668
0.000848262
-0.000317649
0.00118694
-0.000338681
0.00152608
-0.000339138
0.00185207
-0.000325997
0.00215902
-0.000306951
0.00244788
-0.000288865
0.0027245
-0.000276622
0.0029966
-0.000272105
0.00326862
-0.000272025
0.00353442
-0.000265809
0.00376369
-0.000229279
0.00387346
-0.000109766
0.00371361
0.000159862
0.00305412
0.000659515
0.00166876
0.0013854
0.00166878
8.77318e-05
-0.000129149
0.00036681
-0.000400268
0.000803933
-0.000639082
0.00135142
-0.000819127
0.00196097
-0.000927171
0.00258778
-0.000965451
0.00319573
-0.00094705
0.00375997
-0.000890192
0.00426621
-0.000813146
0.00470772
-0.000730337
0.00508072
-0.000649583
0.00537844
-0.000569796
0.00558456
-0.000478117
0.00566407
-0.000345305
0.00555264
-0.000117828
0.00515323
0.000289658
0.00432945
0.000983665
0.00296375
0.00202526
0.00120464
0.00314458
0.00287347
0.000163337
-0.000292475
0.00057517
-0.000812068
0.0011623
-0.00122615
0.00184997
-0.00150672
0.0025712
-0.0016483
0.00327195
-0.00166608
0.00391426
-0.00158923
0.00447589
-0.00145169
0.00494668
-0.00128379
0.00532293
-0.00110646
0.00560103
-0.000927553
0.00577056
-0.00073922
0.00580768
-0.000515138
0.00566954
-0.000207085
0.00529231
0.000259465
0.0046065
0.000975512
0.00356275
0.00202747
0.00219803
0.00339005
0.000784335
0.00455837
0.00365787
0.000207285
-0.000499739
0.000696204
-0.00130093
0.0013494
-0.00187925
0.00206667
-0.00222382
0.00276791
-0.00234931
0.00339724
-0.00229512
0.00392413
-0.0021158
0.00433947
-0.00186669
0.00464806
-0.00159206
0.00486005
-0.00131816
0.00498262
-0.00104986
0.00501245
-0.000768812
0.00492948
-0.000431966
0.00469676
2.58037e-05
0.00426034
0.00069601
0.00357897
0.00165699
0.00264054
0.002966
0.00152391
0.00450679
0.000486606
0.00559582
0.00414457
0.000226828
-0.000726535
0.000720421
-0.00179442
0.00133337
-0.002492
0.00195276
-0.00284288
0.00249777
-0.00289386
0.00292235
-0.00271913
0.00321441
-0.00240723
0.0033874
-0.00203907
0.0034682
-0.00167229
0.00348529
-0.00133474
0.00345895
-0.00102308
0.00339384
-0.00070332
0.00327477
-0.000312582
0.00306448
0.000236353
0.00272518
0.00103551
0.00222168
0.00216066
0.00155836
0.00362948
0.000818496
0.00524683
0.00020982
0.00620468
0.00435449
0.000198812
-0.000925298
0.000580862
-0.0021763
0.000999048
-0.00290983
0.00135429
-0.0031975
0.00158532
-0.00312402
0.00167161
-0.00280438
0.00163107
-0.00236564
0.00150484
-0.00191187
0.00134075
-0.00150737
0.00117925
-0.00117255
0.00104437
-0.000887628
0.000939445
-0.000597928
0.000847332
-0.000220074
0.000737667
0.000346342
0.000582068
0.00119138
0.000367526
0.00237545
0.000119724
0.00387752
-8.06612e-05
0.0054475
-0.000122345
0.00624659
0.00423224
8.61039e-05
-0.00101133
0.000182946
-0.00227287
0.0002008
-0.00292706
9.34725e-05
-0.0030891
-0.000148906
-0.00288017
-0.000501802
-0.00244985
-0.000915695
-0.00195022
-0.00133315
-0.00149315
-0.00170566
-0.00113386
-0.00200269
-0.00087476
-0.00221267
-0.000677024
-0.00233853
-0.000471524
-0.00239048
-0.000167617
-0.00237021
0.000326519
-0.00227317
0.00109476
-0.00207858
0.00218124
-0.00174247
0.00354177
-0.00121358
0.00491894
-0.00052479
0.00555804
0.00370754
-0.000144817
-0.000866395
-0.000535279
-0.00188195
-0.00111767
-0.00234363
-0.00183388
-0.00237115
-0.00261738
-0.00209448
-0.00339739
-0.00166764
-0.00411536
-0.00123034
-0.0047336
-0.000873411
-0.00523572
-0.000630584
-0.00562045
-0.000489124
-0.00589123
-0.000405444
-0.00604473
-0.000317293
-0.00606094
-0.000150708
-0.0059021
0.000168327
-0.00551317
0.000706425
-0.00483537
0.00150398
-0.00381625
0.00252312
-0.0024611
0.00356418
-0.00096891
0.00406611
0.00273873
-0.000426539
-0.000439692
-0.00136602
-0.000941798
-0.00256129
-0.00114687
-0.00381705
-0.00111304
-0.00498737
-0.000921325
-0.00598394
-0.000668271
-0.00677801
-0.000433859
-0.00738615
-0.000263332
-0.00784758
-0.000167644
-0.00820173
-0.000133759
-0.00847015
-0.000136005
-0.00864393
-0.000142604
-0.00867527
-0.000118535
-0.0084893
-1.68346e-05
-0.00797267
0.000190501
-0.00701142
0.000543353
-0.00552199
0.0010342
-0.0035312
0.0015738
-0.00136037
0.00189557
0.00137847
-0.000439533
-0.00138064
-0.0025259
-0.00363637
-0.00455451
-0.00521951
-0.00565037
-0.00591116
-0.00607672
-0.00620881
-0.00634347
-0.00648497
-0.00660257
-0.00661858
-0.00642736
-0.00588338
-0.00484867
-0.00327446
-0.0013786
)
;

boundaryField
{
    leftWall
    {
        type            calculated;
        value           uniform 0;
    }
    rightWall
    {
        type            calculated;
        value           nonuniform List<scalar> 10(0 0 0 0 0 8.67362e-19 0 0 0 0);
    }
    topWall
    {
        type            calculated;
        value           uniform 0;
    }
    bottomWall
    {
        type            calculated;
        value           uniform 0;
    }
    frontAndBackPlanes
    {
        type            empty;
    }
}


// ************************************************************************* //
