/*--------------------------------*- C++ -*----------------------------------*\
| =========                 |                                                 |
| \\      /  F ield         | OpenFOAM: The Open Source CFD Toolbox           |
|  \\    /   O peration     | Version:  2506                                  |
|   \\  /    A nd           | Website:  www.openfoam.com                      |
|    \\/     M anipulation  |                                                 |
\*---------------------------------------------------------------------------*/
FoamFile
{
    version     2.0;
    format      ascii;
    arch        "LSB;label=32;scalar=64";
    class       surfaceScalarField;
    location    "67.2";
    object      phi;
}
// * * * * * * * * * * * * * * * * * * * * * * * * * * * * * * * * * * * * * //

dimensions      [1 0 -1 0 0 0 0];

oriented        oriented;

internalField   nonuniform List<scalar> 
370
(
9.6948e-05
-0.000163737
0.000374587
-0.000277567
0.00065447
-0.000279775
0.000890397
-0.000235797
0.00107338
-0.000182841
0.00121479
-0.000141254
0.0013337
-0.000118751
0.00144977
-0.000115907
0.00158038
-0.000130443
0.00174014
-0.000159583
0.00194111
-0.000200788
0.00219227
-0.000250972
0.00249628
-0.000303816
0.00284194
-0.000345461
0.00318949
-0.000347345
0.00344507
-0.000255372
0.00341287
3.24045e-05
0.00287188
0.000541201
0.00158367
0.0012884
0.00158378
0.000251038
-0.000414731
0.000719505
-0.000745912
0.00121727
-0.000777365
0.00165529
-0.00067361
0.00201049
-0.000537813
0.00229287
-0.000423405
0.00252536
-0.000351012
0.00273264
-0.000322952
0.00293569
-0.000333259
0.00314961
-0.00037327
0.00338244
-0.000433375
0.00363297
-0.000501246
0.00388594
-0.000556529
0.00410277
-0.000562035
0.00420819
-0.0004525
0.00407973
-0.000126642
0.00357072
0.000541677
0.00250934
0.00160284
0.00103028
0.00276768
0.00261418
0.000304712
-0.000719376
0.000836696
-0.00127771
0.00138442
-0.00132482
0.00185584
-0.00114472
0.00223003
-0.000911679
0.00251941
-0.000712453
0.00274711
-0.000578384
0.00293559
-0.000511104
0.00310191
-0.000499254
0.00325638
-0.000527405
0.00340197
-0.000578645
0.00353277
-0.000631711
0.0036297
-0.000653117
0.00365352
-0.000585516
0.00353802
-0.000336651
0.0031925
0.000219214
0.00254183
0.00119269
0.00158878
0.0025562
0.000556193
0.00380053
0.0031705
0.000311638
-0.00103093
0.000826423
-0.00179226
0.0013246
-0.00182267
0.00172563
-0.00154536
0.00202182
-0.00120746
0.00223366
-0.000923877
0.00238625
-0.000730558
0.00249966
-0.000624114
0.0025869
-0.000586087
0.00265478
-0.000594883
0.00270502
-0.000628487
0.00273352
-0.000659806
0.00272683
-0.000646021
0.00265647
-0.000514739
0.00247552
-0.000155292
0.0021273
0.000567842
0.00158308
0.00173729
0.000892923
0.00324672
0.000255264
0.00443848
0.00342589
0.000286734
-0.00131756
0.00071502
-0.00222027
0.00108426
-0.00219152
0.00134225
-0.0018029
0.00150266
-0.00136739
0.00159557
-0.00101633
0.00164642
-0.000780943
0.00167109
-0.000648331
0.00167796
-0.000592505
0.00167123
-0.000587704
0.00165275
-0.000609566
0.00162117
-0.000627782
0.00156853
-0.000592926
0.00147596
-0.000421705
0.00131148
9.65078e-06
0.0010458
0.00083398
0.000681005
0.00210253
0.000289782
0.00363834
2.44164e-05
0.00470415
0.00345044
0.000220486
-0.00153793
0.000479519
-0.00247899
0.000634576
-0.00234614
0.000683306
-0.00185114
0.00066547
-0.00134906
0.000616078
-0.00096644
0.000554763
-0.000719147
0.00048952
-0.000582615
0.000423047
-0.000525565
0.000356758
-0.000520951
0.000291278
-0.00054362
0.000224318
-0.000560353
0.000148205
-0.000516335
5.04543e-05
-0.000323465
-7.80257e-05
0.000138635
-0.000224594
0.000981048
-0.000347937
0.00222634
-0.000369903
0.00366073
-0.000222832
0.00455739
0.00322774
8.40184e-05
-0.00162182
5.35649e-05
-0.00244819
-0.000106937
-0.00218517
-0.000330227
-0.00162734
-0.000558754
-0.00112003
-0.000765272
-0.000759432
-0.000944227
-0.000539712
-0.00109922
-0.000427149
-0.00123522
-0.000389103
-0.00135613
-0.000399577
-0.00146564
-0.000433651
-0.00156824
-0.000457284
-0.0016674
-0.000416698
-0.00175808
-0.000232305
-0.00181162
0.000192666
-0.00176947
0.000939383
-0.00155633
0.00201366
-0.00111334
0.00321815
-0.000485477
0.00392982
0.00274238
-0.00016989
-0.00145178
-0.000631649
-0.00198606
-0.00119541
-0.00162093
-0.00172014
-0.00110212
-0.00215322
-0.000686452
-0.00249399
-0.000418186
-0.00276164
-0.000271602
-0.00297802
-0.000210312
-0.00316126
-0.00020542
-0.0033246
-0.000235792
-0.00347636
-0.000281456
-0.00361741
-0.000315797
-0.00373481
-0.000298864
-0.00379195
-0.000174728
-0.00372101
0.000122164
-0.00342916
0.000647956
-0.00282744
0.00141236
-0.00188745
0.00227852
-0.000762523
0.00280517
0.00197997
-0.000559081
-0.000892534
-0.00153498
-0.00100977
-0.00245367
-0.00070177
-0.00315435
-0.000400959
-0.00364183
-0.000198498
-0.00397176
-8.78088e-05
-0.00420243
-4.04883e-05
-0.00438037
-3.19565e-05
-0.00453815
-4.72386e-05
-0.00469627
-7.72885e-05
-0.00486377
-0.000113571
-0.00503426
-0.000144938
-0.00517798
-0.000154786
-0.00523307
-0.000119288
-0.00510924
-1.31946e-06
-0.00467441
0.000213468
-0.0038206
0.000558881
-0.00252245
0.000980658
-0.000998662
0.0012816
0.000981398
-0.000892356
-0.00190174
-0.00260304
-0.00300353
-0.00320158
-0.00328897
-0.00332905
-0.00336063
-0.00340751
-0.00348445
-0.0035977
-0.00374233
-0.00389683
-0.00401584
-0.0040169
-0.00380319
-0.00324408
-0.00226322
-0.000981465
)
;

boundaryField
{
    leftWall
    {
        type            calculated;
        value           nonuniform List<scalar> 10(-8.47033e-22 0 0 0 1.0842e-19 0 0 0 0 0);
    }
    rightWall
    {
        type            calculated;
        value           nonuniform List<scalar> 10(0 0 0 0 0 0 0 0 0 4.33681e-19);
    }
    topWall
    {
        type            calculated;
        value           uniform 0;
    }
    bottomWall
    {
        type            calculated;
        value           uniform 0;
    }
    frontAndBackPlanes
    {
        type            empty;
    }
}


// ************************************************************************* //
