/*--------------------------------*- C++ -*----------------------------------*\
| =========                 |                                                 |
| \\      /  F ield         | OpenFOAM: The Open Source CFD Toolbox           |
|  \\    /   O peration     | Version:  2506                                  |
|   \\  /    A nd           | Website:  www.openfoam.com                      |
|    \\/     M anipulation  |                                                 |
\*---------------------------------------------------------------------------*/
FoamFile
{
    version     2.0;
    format      ascii;
    arch        "LSB;label=32;scalar=64";
    class       surfaceScalarField;
    location    "37.4";
    object      phi;
}
// * * * * * * * * * * * * * * * * * * * * * * * * * * * * * * * * * * * * * //

dimensions      [1 0 -1 0 0 0 0];

oriented        oriented;

internalField   nonuniform List<scalar> 
370
(
-3.73686e-05
-5.95812e-05
0.000111504
-0.000148862
0.000327069
-0.000215545
0.000582526
-0.000255429
0.000850297
-0.000267739
0.00111194
-0.000261611
0.0013597
-0.000247717
0.00159462
-0.000234887
0.00182401
-0.000229345
0.0020587
-0.00023466
0.0023105
-0.000251761
0.00258909
-0.000278555
0.00289725
-0.000308125
0.00322355
-0.000326265
0.00352931
-0.000305734
0.00372361
-0.000194265
0.00362968
9.39749e-05
0.00301917
0.000610559
0.00165874
0.00136048
0.00165878
0.000123454
-0.000183023
0.000451551
-0.00047692
0.000906029
-0.000669957
0.00141483
-0.000764139
0.00192697
-0.000779774
0.0024117
-0.00074622
0.00285563
-0.000691526
0.00325802
-0.000637155
0.00362536
-0.000596565
0.00396622
-0.000575397
0.00428617
-0.000571602
0.00458227
-0.000574535
0.0048366
-0.000562344
0.00500765
-0.000497216
0.00502
-0.000317987
0.00475792
6.79009e-05
0.00407593
0.000776059
0.00282853
0.00185807
0.00115873
0.00303042
0.00281758
0.000208425
-0.000391416
0.000672834
-0.000941228
0.00126113
-0.00125808
0.00187329
-0.00137608
0.00244835
-0.00135456
0.00295781
-0.00125541
0.00339546
-0.0011289
0.00376746
-0.00100887
0.00408447
-0.000913312
0.00435572
-0.000846375
0.00458385
-0.000799481
0.00475996
-0.000750405
0.00485796
-0.000660112
0.00482897
-0.000468021
0.00459929
-8.81172e-05
0.00408035
0.00058701
0.0032077
0.00164889
0.0020005
0.00306545
0.000715223
0.0043159
0.00353292
0.000258
-0.00064935
0.000789949
-0.00147297
0.00140969
-0.00187748
0.00199852
-0.00196447
0.00249837
-0.00185392
0.00289474
-0.00165128
0.00319788
-0.00143155
0.00342794
-0.00123847
0.00360535
-0.00109027
0.00374494
-0.000985546
0.00385216
-0.000906293
0.00391935
-0.000817207
0.0039218
-0.000662193
0.00381481
-0.000360712
0.0035368
0.000190183
0.00302876
0.00109531
0.00226516
0.00241274
0.00131282
0.00401807
0.000413202
0.00521578
0.00394627
0.000277382
-0.000926612
0.000792451
-0.00198767
0.00132841
-0.00241286
0.00176933
-0.00240467
0.00207723
-0.00216108
0.0022632
-0.00183652
0.00235972
-0.00152739
0.00240228
-0.0012804
0.00241988
-0.00110728
0.00243119
-0.000996291
0.00244294
-0.000917499
0.00244853
-0.000822284
0.00242613
-0.000639316
0.00233762
-0.000271763
0.00213192
0.000396262
0.00176862
0.00145896
0.00124422
0.00293747
0.000638103
0.00462453
0.000148608
0.0057056
0.00409504
0.000245161
-0.00117158
0.00062608
-0.00236802
0.000938835
-0.00272476
0.001104
-0.00256885
0.00112271
-0.00217881
0.00103915
-0.00175206
0.000905026
-0.00139246
0.000762605
-0.00113725
0.000639304
-0.000983305
0.000548289
-0.000904622
0.000490565
-0.000859124
0.000456486
-0.000787553
0.000426699
-0.000608894
0.00037421
-0.000218683
0.000273048
0.000497924
0.000116066
0.0016164
-6.561e-05
0.00311961
-0.000191291
0.00475064
-0.000160034
0.00567469
0.00393514
0.000127134
-0.00129844
0.000210802
-0.00245089
0.000136564
-0.00264939
-9.14096e-05
-0.00233966
-0.000416903
-0.0018522
-0.000775378
-0.00139263
-0.00111724
-0.00104977
-0.0014143
-0.000839435
-0.0016561
-0.000740766
-0.00184364
-0.000716321
-0.00198386
-0.000718105
-0.00208527
-0.00068532
-0.00215339
-0.000539948
-0.00218505
-0.000186234
-0.00215374
0.000467313
-0.00201934
0.00148262
-0.00172262
0.00282345
-0.00120876
0.00423727
-0.000523462
0.00498975
0.00341182
-0.000122705
-0.00117536
-0.000524284
-0.00204828
-0.00111827
-0.00205405
-0.00178467
-0.0016719
-0.00242695
-0.00120876
-0.00299504
-0.000823564
-0.00347461
-0.000569353
-0.00387257
-0.000440681
-0.0042046
-0.000407922
-0.00448613
-0.000433954
-0.00472564
-0.000477726
-0.00491854
-0.00049153
-0.00504017
-0.000417433
-0.00503894
-0.000186613
-0.00483871
0.000267879
-0.00435162
0.00099624
-0.00350595
0.0019784
-0.00229592
0.00302774
-0.000914256
0.00360844
0.00249771
-0.000487388
-0.000687495
-0.00146851
-0.00106592
-0.0025547
-0.000966326
-0.00352407
-0.000701065
-0.00429492
-0.000436671
-0.00487449
-0.000242989
-0.00530999
-0.000132994
-0.00565688
-9.30158e-05
-0.00596175
-0.000102325
-0.00625379
-0.000141196
-0.00654086
-0.000189952
-0.00680482
-0.000226863
-0.00699494
-0.000226612
-0.00702267
-0.000158182
-0.00677494
2.08529e-05
-0.00610544
0.000327382
-0.0049109
0.000784422
-0.00319528
0.00131257
-0.00124933
0.00166282
0.00124851
-0.000686929
-0.00175145
-0.00271604
-0.00341542
-0.00385064
-0.00409244
-0.00422446
-0.00431667
-0.00441832
-0.00455893
-0.00474835
-0.00497471
-0.00520083
-0.00535854
-0.00533722
-0.00500939
-0.00422457
-0.00291167
-0.00124861
)
;

boundaryField
{
    leftWall
    {
        type            calculated;
        value           nonuniform List<scalar> 10(0 0 0 0 0 2.71051e-20 0 0 0 0);
    }
    rightWall
    {
        type            calculated;
        value           nonuniform List<scalar> 10(0 0 -4.33681e-19 0 0 0 0 8.67362e-19 0 0);
    }
    topWall
    {
        type            calculated;
        value           uniform 0;
    }
    bottomWall
    {
        type            calculated;
        value           uniform 0;
    }
    frontAndBackPlanes
    {
        type            empty;
    }
}


// ************************************************************************* //
