/*--------------------------------*- C++ -*----------------------------------*\
| =========                 |                                                 |
| \\      /  F ield         | OpenFOAM: The Open Source CFD Toolbox           |
|  \\    /   O peration     | Version:  2506                                  |
|   \\  /    A nd           | Website:  www.openfoam.com                      |
|    \\/     M anipulation  |                                                 |
\*---------------------------------------------------------------------------*/
FoamFile
{
    version     2.0;
    format      ascii;
    arch        "LSB;label=32;scalar=64";
    class       volVectorField;
    location    "42.2";
    object      U;
}
// * * * * * * * * * * * * * * * * * * * * * * * * * * * * * * * * * * * * * //

dimensions      [0 1 -1 0 0 0 0];

internalField   nonuniform List<vector> 
200
(
(-0.000184906 -0.000188459 0)
(0.000128696 -0.000340978 0)
(0.000952342 -0.00039469 0)
(0.00193436 -0.000420893 0)
(0.0029037 -0.000408643 0)
(0.00383027 -0.000378791 0)
(0.00469698 -0.000358549 0)
(0.00551933 -0.000366617 0)
(0.00633751 -0.000414463 0)
(0.00720442 -0.000509045 0)
(0.00817571 -0.000653879 0)
(0.00930032 -0.000847596 0)
(0.0106067 -0.00107855 0)
(0.0120804 -0.00131273 0)
(0.0136207 -0.00147048 0)
(0.0149489 -0.00137813 0)
(0.0154613 -0.000673474 0)
(0.0142195 0.00124366 0)
(0.010228 0.0045502 0)
(0.00309042 0.00651508 0)
(0.000107666 -0.00106087 0)
(0.00114176 -0.0024593 0)
(0.00278095 -0.00324565 0)
(0.00467427 -0.00354273 0)
(0.00656193 -0.00349942 0)
(0.00832095 -0.00329828 0)
(0.00991727 -0.00308895 0)
(0.0113699 -0.0029719 0)
(0.0127249 -0.00300268 0)
(0.0140356 -0.00319933 0)
(0.0153438 -0.00354454 0)
(0.0166622 -0.0039779 0)
(0.0179504 -0.00437407 0)
(0.0190839 -0.00450178 0)
(0.0198146 -0.00395825 0)
(0.0197259 -0.00207703 0)
(0.0181743 0.0021308 0)
(0.0144355 0.00945863 0)
(0.00846491 0.018437 0)
(0.00147426 0.0190694 0)
(0.000211991 -0.0025656 0)
(0.00173621 -0.00580958 0)
(0.00385837 -0.00744598 0)
(0.00615627 -0.00787863 0)
(0.00830808 -0.00758332 0)
(0.0101905 -0.00697553 0)
(0.011796 -0.00635186 0)
(0.0131688 -0.00588922 0)
(0.0143685 -0.00566632 0)
(0.0154475 -0.00568368 0)
(0.0164355 -0.00587032 0)
(0.0173234 -0.00607127 0)
(0.0180429 -0.00601411 0)
(0.0184432 -0.00525724 0)
(0.0182656 -0.00313114 0)
(0.0171114 0.0012898 0)
(0.0145878 0.0089243 0)
(0.0105105 0.0198381 0)
(0.00539399 0.0305022 0)
(0.000701854 0.0266407 0)
(0.000270231 -0.00461587 0)
(0.00204926 -0.00993313 0)
(0.00430794 -0.0121964 0)
(0.00655629 -0.0124104 0)
(0.00847057 -0.0115193 0)
(0.00997641 -0.0102384 0)
(0.0111252 -0.00901941 0)
(0.0120075 -0.00809492 0)
(0.0127104 -0.00753858 0)
(0.0132988 -0.00731023 0)
(0.0138064 -0.00727194 0)
(0.0142267 -0.00717189 0)
(0.0144997 -0.00660093 0)
(0.0144941 -0.00493888 0)
(0.013993 -0.00133127 0)
(0.0126729 0.00521295 0)
(0.0103306 0.0153605 0)
(0.00696147 0.0284107 0)
(0.00317358 0.0391496 0)
(0.000302484 0.0310153 0)
(0.000310595 -0.00690625 0)
(0.00209585 -0.0141494 0)
(0.00410314 -0.016623 0)
(0.00586176 -0.0161889 0)
(0.00712261 -0.0143896 0)
(0.00790506 -0.0122727 0)
(0.00833804 -0.0104208 0)
(0.00855982 -0.00907796 0)
(0.00867839 -0.00827413 0)
(0.008763 -0.00790541 0)
(0.00884601 -0.00776118 0)
(0.00892314 -0.00750181 0)
(0.00894756 -0.00660198 0)
(0.008818 -0.0042938 0)
(0.00835531 0.000418037 0)
(0.00734822 0.00850261 0)
(0.00567686 0.0203462 0)
(0.00344399 0.034508 0)
(0.0012043 0.0445691 0)
(-6.99824e-06 0.0331015 0)
(0.000309853 -0.00912861 0)
(0.00174983 -0.0177475 0)
(0.00302987 -0.0198595 0)
(0.00383152 -0.0183954 0)
(0.0040748 -0.0155433 0)
(0.00390354 -0.0126417 0)
(0.00351234 -0.0103263 0)
(0.00305563 -0.00878397 0)
(0.00262809 -0.0079571 0)
(0.00227518 -0.00766072 0)
(0.00200734 -0.00761348 0)
(0.00180691 -0.00740265 0)
(0.00162906 -0.00641356 0)
(0.00140362 -0.0037737 0)
(0.00102903 0.00159334 0)
(0.000456868 0.0105951 0)
(-0.000252148 0.0233035 0)
(-0.000869114 0.0375733 0)
(-0.00103365 0.0463909 0)
(-0.000321292 0.0329469 0)
(0.000227445 -0.0107662 0)
(0.000783767 -0.0196997 0)
(0.000731941 -0.020835 0)
(8.19937e-05 -0.0181809 0)
(-0.000977067 -0.0144383 0)
(-0.00219444 -0.0110949 0)
(-0.00338996 -0.00869807 0)
(-0.00446621 -0.00728983 0)
(-0.00539083 -0.00669272 0)
(-0.00616877 -0.00664217 0)
(-0.00682247 -0.00680352 0)
(-0.00738085 -0.00672176 0)
(-0.00786806 -0.00575254 0)
(-0.0082795 -0.00303502 0)
(-0.00854323 0.00239635 0)
(-0.0084538 0.0112184 0)
(-0.00773625 0.0232155 0)
(-0.00613975 0.0361732 0)
(-0.00370014 0.0434928 0)
(-0.000706654 0.0301104 0)
(-1.07966e-05 -0.0109341 0)
(-0.00108352 -0.0185622 0)
(-0.00310952 -0.0182669 0)
(-0.00554245 -0.0147787 0)
(-0.00793017 -0.0108492 0)
(-0.0100504 -0.00772304 0)
(-0.0118512 -0.00572088 0)
(-0.013368 -0.00473284 0)
(-0.0146691 -0.00450497 0)
(-0.015823 -0.00474806 0)
(-0.016879 -0.00513564 0)
(-0.0178506 -0.00525352 0)
(-0.0186909 -0.00455022 0)
(-0.0192553 -0.00233468 0)
(-0.0192419 0.00212139 0)
(-0.018223 0.00931746 0)
(-0.0157945 0.0190415 0)
(-0.011754 0.0294413 0)
(-0.00654327 0.0351799 0)
(-0.00112874 0.024236 0)
(-0.000508 -0.00852965 0)
(-0.00380055 -0.0130792 0)
(-0.00791425 -0.0116633 0)
(-0.0118012 -0.00842202 0)
(-0.014908 -0.00537684 0)
(-0.0172181 -0.003245 0)
(-0.0189309 -0.00208167 0)
(-0.020279 -0.0016926 0)
(-0.0214588 -0.00183733 0)
(-0.0226083 -0.0022908 0)
(-0.0237979 -0.00282977 0)
(-0.0250161 -0.00319252 0)
(-0.0261428 -0.00304456 0)
(-0.0269166 -0.00197184 0)
(-0.0268991 0.000486183 0)
(-0.0254527 0.00473943 0)
(-0.0220067 0.0107821 0)
(-0.0162906 0.0175265 0)
(-0.00896263 0.0216413 0)
(-0.00153892 0.0153934 0)
(-0.00125809 -0.00276083 0)
(-0.0051753 -0.00344471 0)
(-0.00910555 -0.00251836 0)
(-0.012122 -0.00139065 0)
(-0.0140012 -0.000553339 0)
(-0.0150327 -7.26661e-05 0)
(-0.0155813 0.000121453 0)
(-0.015938 0.000118776 0)
(-0.0163038 -8.98165e-06 0)
(-0.0168068 -0.000212336 0)
(-0.0175128 -0.000454183 0)
(-0.0184213 -0.000694295 0)
(-0.0194479 -0.000874655 0)
(-0.0203934 -0.000907438 0)
(-0.0209013 -0.000657693 0)
(-0.0204709 8.11699e-05 0)
(-0.0184495 0.00149051 0)
(-0.0143266 0.0034687 0)
(-0.00843048 0.00519282 0)
(-0.00203563 0.00440171 0)
)
;

boundaryField
{
    leftWall
    {
        type            fixedValue;
        value           uniform (0 0 0);
    }
    rightWall
    {
        type            fixedValue;
        value           uniform (0 0 0);
    }
    topWall
    {
        type            fixedValue;
        value           uniform (0 0 0);
    }
    bottomWall
    {
        type            fixedValue;
        value           uniform (0 0 0);
    }
    frontAndBackPlanes
    {
        type            empty;
    }
}


// ************************************************************************* //
