/*--------------------------------*- C++ -*----------------------------------*\
| =========                 |                                                 |
| \\      /  F ield         | OpenFOAM: The Open Source CFD Toolbox           |
|  \\    /   O peration     | Version:  2506                                  |
|   \\  /    A nd           | Website:  www.openfoam.com                      |
|    \\/     M anipulation  |                                                 |
\*---------------------------------------------------------------------------*/
FoamFile
{
    version     2.0;
    format      ascii;
    arch        "LSB;label=32;scalar=64";
    class       surfaceScalarField;
    location    "111.8";
    object      phi;
}
// * * * * * * * * * * * * * * * * * * * * * * * * * * * * * * * * * * * * * //

dimensions      [1 0 -1 0 0 0 0];

oriented        oriented;

internalField   nonuniform List<scalar> 
370
(
0.000294192
-0.000332693
0.000789735
-0.000495476
0.00122319
-0.000433357
0.00152513
-0.000301817
0.0017029
-0.000177642
0.00179389
-9.08428e-05
0.00183997
-4.59186e-05
0.00187618
-3.60436e-05
0.00192817
-5.18104e-05
0.00201326
-8.49117e-05
0.00214257
-0.00012912
0.00232253
-0.000179766
0.00255389
-0.000231157
0.00282554
-0.000271446
0.00310069
-0.000274939
0.00329119
-0.000190281
0.003222
6.94069e-05
0.002679
0.000543219
0.0014566
0.00122259
0.0014567
0.000420995
-0.000753652
0.00113207
-0.00120646
0.00181507
-0.00111622
0.00234665
-0.000833246
0.0027127
-0.000543517
0.00294705
-0.000325023
0.00309686
-0.000195545
0.00320543
-0.000144431
0.00330521
-0.000151404
0.00341664
-0.000196144
0.00354921
-0.000261493
0.00370161
-0.000331965
0.0038588
-0.000388147
0.00398485
-0.000397282
0.0040112
-0.000301072
0.00383041
-9.2725e-06
0.00330205
0.000597984
0.00229017
0.00155532
0.000926435
0.00258652
0.00238323
0.00041393
-0.00116754
0.00109135
-0.00188376
0.00173858
-0.00176328
0.00224635
-0.00134082
0.00260438
-0.000901337
0.00284294
-0.000563373
0.00300111
-0.000353494
0.00311242
-0.000255531
0.00320029
-0.000239052
0.00327778
-0.000273423
0.0033486
-0.000332089
0.00340679
-0.000389933
0.00343397
-0.000415105
0.00339405
-0.000357133
0.00322889
-0.000135689
0.00286112
0.000358735
0.00223855
0.00122079
0.00137085
0.00242325
0.000464462
0.00349309
0.00284778
0.000360761
-0.00152825
0.000914904
-0.00243776
0.00141025
-0.00225842
0.0017735
-0.00170383
0.00201442
-0.00114202
0.00216785
-0.000716558
0.00226668
-0.000452083
0.00233338
-0.000321994
0.00238022
-0.000285651
0.00241218
-0.000305148
0.00242922
-0.000348884
0.002426
-0.000386482
0.00238899
-0.000377854
0.00229207
-0.000259975
0.00209587
6.07664e-05
0.00176167
0.000693178
0.00127386
0.00170885
0.000686459
0.00301088
0.000175673
0.00400407
0.00302354
0.000283761
-0.00181195
0.000660588
-0.00281443
0.000943068
-0.00254069
0.00110879
-0.0018693
0.00119265
-0.00122564
0.00123303
-0.000756678
0.00125398
-0.000472779
0.00126547
-0.000333237
0.00126937
-0.000289306
0.0012648
-0.000300338
0.00125039
-0.000334228
0.00122298
-0.000358835
0.00117406
-0.000328683
0.00108645
-0.000172115
0.000935879
0.000211586
0.000706927
0.000922386
0.000411629
0.0020044
0.000121931
0.00330082
-3.55114e-05
0.0041617
0.0029881
0.000179521
-0.00199141
0.000321202
-0.00295594
0.000340506
-0.00255976
0.000279661
-0.00180821
0.000194764
-0.00114048
0.000117831
-0.000679491
5.74436e-05
-0.000412144
1.00981e-05
-0.000285647
-3.01784e-05
-0.000248789
-6.73974e-05
-0.000262879
-0.000103831
-0.000297555
-0.000142662
-0.000319763
-0.000190348
-0.000280754
-0.000255693
-0.00010652
-0.000341725
0.000297874
-0.000435464
0.00101639
-0.000494163
0.00206335
-0.000445592
0.00325248
-0.000240066
0.00395635
0.00274811
1.07571e-05
-0.0020021
-0.000161393
-0.00278361
-0.000458333
-0.00226259
-0.000768827
-0.00149746
-0.00102989
-0.000879173
-0.00122769
-0.000481444
-0.00137311
-0.000266487
-0.00148237
-0.00017615
-0.00156833
-0.000162601
-0.0016391
-0.000191876
-0.00169991
-0.000236516
-0.00175459
-0.00026485
-0.001804
-0.000231109
-0.00184011
-7.01602e-05
-0.0018346
0.000292605
-0.00174087
0.0009229
-0.00149563
0.00181836
-0.00104919
0.00280625
-0.000448673
0.00335599
0.0022995
-0.000256216
-0.0017458
-0.000859018
-0.00218062
-0.0015214
-0.00159997
-0.00207944
-0.000939185
-0.00249169
-0.000466684
-0.00277802
-0.00019488
-0.00297503
-6.92469e-05
-0.00311517
-3.57844e-05
-0.00322244
-5.51182e-05
-0.00331265
-0.000101447
-0.00339409
-0.000154863
-0.0034664
-0.000192326
-0.00351617
-0.000181127
-0.0035096
-7.65145e-05
-0.00338968
0.000172901
-0.00308085
0.000614284
-0.00251058
0.0012483
-0.00165864
0.0019545
-0.000663058
0.00236054
0.0016365
-0.000674905
-0.00107081
-0.00177659
-0.00107874
-0.00272825
-0.000648077
-0.00337921
-0.000287991
-0.0037696
-7.60643e-05
-0.00398644
2.21876e-05
-0.00410964
5.41593e-05
-0.00418845
4.32397e-05
-0.00425553
1.2152e-05
-0.00433099
-2.57955e-05
-0.00442038
-6.52882e-05
-0.00451563
-9.68909e-05
-0.00458939
-0.000107195
-0.00458838
-7.73532e-05
-0.00443471
1.94e-05
-0.00402211
0.000201851
-0.00326094
0.000487288
-0.0021357
0.000829405
-0.000838244
0.00106319
0.000798298
-0.00107072
-0.00214927
-0.00279712
-0.00308488
-0.00316073
-0.00313833
-0.00308397
-0.00304054
-0.00302821
-0.00305384
-0.00311897
-0.00321571
-0.00332276
-0.00339998
-0.00338046
-0.00317849
-0.00269109
-0.00186159
-0.000798329
)
;

boundaryField
{
    leftWall
    {
        type            calculated;
        value           nonuniform List<scalar> 10(0 0 0 0 0 2.1684e-19 0 0 0 -8.67362e-19);
    }
    rightWall
    {
        type            calculated;
        value           nonuniform List<scalar> 10(0 2.1684e-19 0 0 0 0 4.33681e-19 0 0 0);
    }
    topWall
    {
        type            calculated;
        value           uniform 0;
    }
    bottomWall
    {
        type            calculated;
        value           uniform 0;
    }
    frontAndBackPlanes
    {
        type            empty;
    }
}


// ************************************************************************* //
