/*--------------------------------*- C++ -*----------------------------------*\
| =========                 |                                                 |
| \\      /  F ield         | OpenFOAM: The Open Source CFD Toolbox           |
|  \\    /   O peration     | Version:  2506                                  |
|   \\  /    A nd           | Website:  www.openfoam.com                      |
|    \\/     M anipulation  |                                                 |
\*---------------------------------------------------------------------------*/
FoamFile
{
    version     2.0;
    format      ascii;
    arch        "LSB;label=32;scalar=64";
    class       surfaceScalarField;
    location    "138.6";
    object      phi;
}
// * * * * * * * * * * * * * * * * * * * * * * * * * * * * * * * * * * * * * //

dimensions      [1 0 -1 0 0 0 0];

oriented        oriented;

internalField   nonuniform List<scalar> 
370
(
0.000376954
-0.000404423
0.000964626
-0.000587623
0.00146557
-0.000500875
0.00180115
-0.000335492
0.00198453
-0.000183287
0.00206255
-7.7912e-05
0.00208556
-2.28956e-05
0.00209423
-8.547e-06
0.00211696
-2.25996e-05
0.00217286
-5.57713e-05
0.0022731
-0.000100097
0.00242337
-0.000150117
0.00262347
-0.000199945
0.00286159
-0.000237961
0.00310085
-0.000239096
0.00325388
-0.000152859
0.00315702
9.70298e-05
0.00260118
0.000556015
0.00140034
0.00120098
0.00140042
0.000487101
-0.000891499
0.00129434
-0.00139479
0.00205339
-0.00125983
0.00262779
-0.000909778
0.00300625
-0.00056163
0.00323078
-0.000302316
0.00335672
-0.000148705
0.00343401
-8.57026e-05
0.00349973
-8.81781e-05
0.003576
-0.000131904
0.00367299
-0.000196938
0.00378926
-0.000266239
0.00390945
-0.000319984
0.00399781
-0.000326165
0.00398774
-0.000228863
0.00377499
6.0056e-05
0.0032262
0.000645994
0.0022204
0.00156199
0.000891399
0.00253012
0.00229189
0.000452312
-0.00134378
0.00118151
-0.0021239
0.00186503
-0.00194323
0.00238787
-0.00143247
0.00274357
-0.000917178
0.00296847
-0.000527065
0.00310684
-0.000286918
0.00319572
-0.000174427
0.00326044
-0.000152735
0.00331482
-0.00018613
0.00336265
-0.000244613
0.00339777
-0.000301196
0.00340164
-0.000323689
0.00333858
-0.000262944
0.00315214
-4.22519e-05
0.00277359
0.000438775
0.00215334
0.00126642
0.0013075
0.002408
0.000437891
0.00339987
0.00272985
0.00037409
-0.00171783
0.000935968
-0.00268567
0.00142516
-0.00243227
0.00177209
-0.00177924
0.00199293
-0.00113784
0.00212724
-0.000661195
0.00221013
-0.000369641
0.00226425
-0.000228368
0.00230108
-0.000189396
0.00232468
-0.000209556
0.00233418
-0.000253942
0.00232366
-0.000290509
0.00227933
-0.000279192
0.0021759
-0.000159339
0.00197673
0.000157097
0.00164845
0.000767232
0.0011789
0.00173615
0.000623934
0.00296313
0.000152734
0.00387121
0.00288264
0.000276971
-0.00199476
0.000626819
-0.00303541
0.000871862
-0.00267716
0.00100096
-0.00190816
0.00105601
-0.00119271
0.001078
-0.000683007
0.0010898
-0.000381264
0.00109869
-0.000237076
0.00110395
-0.000194481
0.00110288
-0.000208315
0.00109297
-0.000243861
0.00107038
-0.000267748
0.0010264
-0.000235032
0.000944728
-7.74961e-05
0.00080424
0.000297764
0.000591633
0.000980019
0.000322786
0.00200518
6.8934e-05
0.00321715
-5.33315e-05
0.00399361
0.00282937
0.000158565
-0.00215328
0.000251286
-0.00312801
0.000217889
-0.0026436
0.000116123
-0.00180621
6.6812e-06
-0.00108309
-8.13867e-05
-0.000594762
-0.000142786
-0.000319691
-0.000184925
-0.000194765
-0.000216512
-0.000162724
-0.000243261
-0.000181397
-0.000268457
-0.000218496
-0.000295682
-0.000240354
-0.000331018
-0.000199525
-0.000382405
-2.59348e-05
-0.000449914
0.000365453
-0.000520063
0.00105035
-0.00055041
0.00203571
-0.000472388
0.00313929
-0.000244536
0.00376588
0.00258488
-1.80655e-05
-0.00213516
-0.000245554
-0.00290039
-0.000593516
-0.00229548
-0.000936612
-0.00146295
-0.0012116
-0.000807929
-0.00140937
-0.000396825
-0.00154703
-0.000181864
-0.0016442
-9.74292e-05
-0.00171552
-9.12429e-05
-0.00177056
-0.00012619
-0.00181519
-0.000173701
-0.00185306
-0.000202328
-0.00188397
-0.000168446
-0.00189937
-1.0364e-05
-0.0018697
0.000335953
-0.00175208
0.000932899
-0.00148767
0.00177147
-0.00103217
0.00268394
-0.0004364
0.00317023
0.00214852
-0.000288706
-0.0018464
-0.000941689
-0.00224728
-0.00164049
-0.00159651
-0.00221327
-0.000889999
-0.00262251
-0.000398531
-0.00289515
-0.000124015
-0.0030729
-3.95281e-06
-0.00319054
2.036e-05
-0.00327488
-6.7489e-06
-0.00334242
-5.84903e-05
-0.00340152
-0.000114459
-0.00345124
-0.000152458
-0.00347771
-0.000141828
-0.00344665
-4.12735e-05
-0.00330595
0.000195401
-0.0029845
0.000611604
-0.00241631
0.00120342
-0.00158621
0.00185396
-0.000629783
0.0022139
0.00151878
-0.000715268
-0.00113108
-0.00186065
-0.00110177
-0.00282523
-0.000631768
-0.00346214
-0.000252927
-0.00382106
-3.94582e-05
-0.00400655
6.16249e-05
-0.00409549
8.51345e-05
-0.00414295
6.79614e-05
-0.00418235
3.27873e-05
-0.0042316
-9.10546e-06
-0.00429633
-4.95959e-05
-0.00436734
-8.13268e-05
-0.00441752
-9.15268e-05
-0.0043958
-6.28755e-05
-0.00422852
2.82432e-05
-0.00381739
0.000200586
-0.00308043
0.000466566
-0.00200757
0.000781198
-0.000783698
0.000990103
0.000735113
-0.00113101
-0.00223264
-0.00286426
-0.00311703
-0.00315633
-0.00309456
-0.00300929
-0.0029412
-0.00290829
-0.00291727
-0.00296676
-0.00304798
-0.00313941
-0.00320219
-0.00317386
-0.00297319
-0.00250655
-0.00172529
-0.000735134
)
;

boundaryField
{
    leftWall
    {
        type            calculated;
        value           uniform 0;
    }
    rightWall
    {
        type            calculated;
        value           nonuniform List<scalar> 10(0 2.1684e-19 0 0 4.33681e-19 0 0 0 0 0);
    }
    topWall
    {
        type            calculated;
        value           uniform 0;
    }
    bottomWall
    {
        type            calculated;
        value           uniform 0;
    }
    frontAndBackPlanes
    {
        type            empty;
    }
}


// ************************************************************************* //
