/*--------------------------------*- C++ -*----------------------------------*\
| =========                 |                                                 |
| \\      /  F ield         | OpenFOAM: The Open Source CFD Toolbox           |
|  \\    /   O peration     | Version:  2506                                  |
|   \\  /    A nd           | Website:  www.openfoam.com                      |
|    \\/     M anipulation  |                                                 |
\*---------------------------------------------------------------------------*/
FoamFile
{
    version     2.0;
    format      ascii;
    arch        "LSB;label=32;scalar=64";
    class       volVectorField;
    location    "104.2";
    object      U;
}
// * * * * * * * * * * * * * * * * * * * * * * * * * * * * * * * * * * * * * //

dimensions      [0 1 -1 0 0 0 0];

internalField   nonuniform List<vector> 
200
(
(0.000374718 -0.00103541 0)
(0.00206066 -0.00134079 0)
(0.0039206 -0.00100683 0)
(0.00544373 -0.000568604 0)
(0.0064208 -0.000227411 0)
(0.00696476 -3.09482e-05 0)
(0.00724993 3.45606e-05 0)
(0.00743572 2.98625e-06 0)
(0.00764431 -9.32651e-05 0)
(0.00796122 -0.000232591 0)
(0.00844386 -0.000405704 0)
(0.00913021 -0.000611486 0)
(0.0100411 -0.000847325 0)
(0.0111673 -0.00109175 0)
(0.0124263 -0.00127398 0)
(0.0135636 -0.00121996 0)
(0.0140049 -0.000568495 0)
(0.01285 0.00122211 0)
(0.00918829 0.00423528 0)
(0.00276684 0.00587107 0)
(0.000468124 -0.0042021 0)
(0.0030446 -0.0066306 0)
(0.00591254 -0.00605794 0)
(0.00842522 -0.00445109 0)
(0.0102704 -0.00283901 0)
(0.0114965 -0.00165757 0)
(0.0122863 -0.00100371 0)
(0.0128329 -0.000813757 0)
(0.0132921 -0.000971715 0)
(0.0137706 -0.00136555 0)
(0.0143289 -0.00190603 0)
(0.0149849 -0.00251671 0)
(0.0157094 -0.00309743 0)
(0.0164041 -0.00345925 0)
(0.0168623 -0.00323005 0)
(0.0167162 -0.00174878 0)
(0.0153714 0.00194583 0)
(0.0121705 0.00855761 0)
(0.00707534 0.01658 0)
(0.00120568 0.0168514 0)
(0.000469547 -0.00760149 0)
(0.00302988 -0.0123939 0)
(0.00580282 -0.011726 0)
(0.0082322 -0.00902107 0)
(0.0100405 -0.00615296 0)
(0.0112749 -0.00393264 0)
(0.0120956 -0.00256582 0)
(0.0126618 -0.00196609 0)
(0.0130931 -0.00194162 0)
(0.0134641 -0.00229119 0)
(0.013809 -0.00283658 0)
(0.0141246 -0.00340671 0)
(0.0143639 -0.00378068 0)
(0.0144187 -0.00359559 0)
(0.0140927 -0.00224049 0)
(0.0130654 0.0011908 0)
(0.0110265 0.00760409 0)
(0.00782222 0.0170779 0)
(0.00388081 0.0263189 0)
(0.000450114 0.0227113 0)
(0.0004299 -0.0108082 0)
(0.00265295 -0.0175862 0)
(0.00489273 -0.0166257 0)
(0.00673591 -0.0128319 0)
(0.00802251 -0.00883674 0)
(0.0088507 -0.00573684 0)
(0.00937675 -0.00377959 0)
(0.00972425 -0.00282028 0)
(0.00996736 -0.00258479 0)
(0.0101417 -0.00279759 0)
(0.0102582 -0.00321813 0)
(0.0103077 -0.00361143 0)
(0.0102548 -0.00366894 0)
(0.0100196 -0.00290068 0)
(0.00945887 -0.000549473 0)
(0.00836903 0.00434099 0)
(0.00662389 0.0124929 0)
(0.0042458 0.0233707 0)
(0.00171199 0.0323553 0)
(7.57008e-05 0.0253827 0)
(0.000371264 -0.0135286 0)
(0.00206145 -0.0215952 0)
(0.00350306 -0.0200436 0)
(0.00449668 -0.0152039 0)
(0.00504909 -0.0103201 0)
(0.00531878 -0.00663227 0)
(0.00544835 -0.00433226 0)
(0.00551499 -0.00317359 0)
(0.00554432 -0.00280161 0)
(0.00553852 -0.00289604 0)
(0.00549445 -0.00319342 0)
(0.00540591 -0.00343151 0)
(0.00525228 -0.00324595 0)
(0.00498074 -0.00205484 0)
(0.00448464 0.000990375 0)
(0.0036761 0.00680595 0)
(0.0025217 0.0159126 0)
(0.00117036 0.0272158 0)
(3.5326e-05 0.0352969 0)
(-0.000171441 0.0259988 0)
(0.000286078 -0.0155618 0)
(0.00121731 -0.0240037 0)
(0.00160286 -0.021568 0)
(0.00155159 -0.015841 0)
(0.00126586 -0.0104298 0)
(0.000934627 -0.00652797 0)
(0.000648988 -0.00417701 0)
(0.000420654 -0.00301264 0)
(0.000229182 -0.00262705 0)
(5.45827e-05 -0.00269346 0)
(-0.000113777 -0.00295417 0)
(-0.000284883 -0.0031339 0)
(-0.00047875 -0.00282441 0)
(-0.000730211 -0.00138317 0)
(-0.00108429 0.00206126 0)
(-0.00151525 0.00832199 0)
(-0.0019057 0.0176344 0)
(-0.00200709 0.0284666 0)
(-0.00155236 0.0352498 0)
(-0.000365484 0.0248986 0)
(0.000154868 -0.0165273 0)
(-5.59082e-05 -0.0242091 0)
(-0.0010781 -0.0206793 0)
(-0.00236107 -0.014431 0)
(-0.00355266 -0.00903007 0)
(-0.00450587 -0.00537386 0)
(-0.00522118 -0.00328441 0)
(-0.00575855 -0.00231228 0)
(-0.00617883 -0.00204913 0)
(-0.00652393 -0.00219337 0)
(-0.00682007 -0.00250083 0)
(-0.00708746 -0.00268873 0)
(-0.00734166 -0.00233717 0)
(-0.00757487 -0.000831216 0)
(-0.00771597 0.00258477 0)
(-0.00758601 0.00854227 0)
(-0.00692733 0.017066 0)
(-0.00548388 0.0265633 0)
(-0.00326795 0.0319775 0)
(-0.000599399 0.0220211 0)
(-0.000166835 -0.015718 0)
(-0.00212547 -0.0212247 0)
(-0.00486028 -0.0167728 0)
(-0.00746284 -0.0107513 0)
(-0.00950047 -0.00607305 0)
(-0.0109531 -0.0031682 0)
(-0.0119594 -0.00166523 0)
(-0.0126717 -0.00109733 0)
(-0.0132063 -0.00109742 0)
(-0.0136443 -0.0014078 0)
(-0.0140365 -0.00181876 0)
(-0.0144035 -0.0020823 0)
(-0.0147249 -0.00184508 0)
(-0.0149092 -0.000623491 0)
(-0.0147455 0.00214229 0)
(-0.0139256 0.00691542 0)
(-0.0120931 0.0136619 0)
(-0.00902845 0.0210754 0)
(-0.00502438 0.0251898 0)
(-0.0008512 0.0172648 0)
(-0.000792412 -0.0120122 0)
(-0.00509433 -0.0141569 0)
(-0.00948325 -0.00967324 0)
(-0.0128976 -0.00507711 0)
(-0.0150807 -0.00203144 0)
(-0.0163319 -0.000447123 0)
(-0.0170321 0.000147064 0)
(-0.0174645 0.000166457 0)
(-0.0177935 -0.000122666 0)
(-0.0181237 -0.000559773 0)
(-0.018512 -0.00102133 0)
(-0.0189583 -0.00136608 0)
(-0.0193953 -0.00139247 0)
(-0.0196606 -0.000820934 0)
(-0.0194577 0.000690588 0)
(-0.0183482 0.00347707 0)
(-0.0158676 0.0075849 0)
(-0.0117593 0.0122753 0)
(-0.00646048 0.0151515 0)
(-0.00109571 0.0107236 0)
(-0.00191846 -0.00409924 0)
(-0.00685711 -0.00367493 0)
(-0.0104859 -0.00178114 0)
(-0.0124808 -0.000409864 0)
(-0.0132248 0.000261645 0)
(-0.0133182 0.000476871 0)
(-0.0131608 0.000451318 0)
(-0.0129689 0.000328153 0)
(-0.0128708 0.000169982 0)
(-0.0129233 -3.18492e-06 0)
(-0.0131435 -0.000178458 0)
(-0.0135239 -0.000341663 0)
(-0.0140099 -0.000464965 0)
(-0.014475 -0.000495646 0)
(-0.0146873 -0.000343904 0)
(-0.014301 0.000131485 0)
(-0.0128524 0.00105155 0)
(-0.00996194 0.00236559 0)
(-0.0058398 0.00352828 0)
(-0.00139244 0.00299148 0)
)
;

boundaryField
{
    leftWall
    {
        type            fixedValue;
        value           uniform (0 0 0);
    }
    rightWall
    {
        type            fixedValue;
        value           uniform (0 0 0);
    }
    topWall
    {
        type            fixedValue;
        value           uniform (0 0 0);
    }
    bottomWall
    {
        type            fixedValue;
        value           uniform (0 0 0);
    }
    frontAndBackPlanes
    {
        type            empty;
    }
}


// ************************************************************************* //
