/*--------------------------------*- C++ -*----------------------------------*\
| =========                 |                                                 |
| \\      /  F ield         | OpenFOAM: The Open Source CFD Toolbox           |
|  \\    /   O peration     | Version:  2506                                  |
|   \\  /    A nd           | Website:  www.openfoam.com                      |
|    \\/     M anipulation  |                                                 |
\*---------------------------------------------------------------------------*/
FoamFile
{
    version     2.0;
    format      ascii;
    arch        "LSB;label=32;scalar=64";
    class       volVectorField;
    location    "126.4";
    object      U;
}
// * * * * * * * * * * * * * * * * * * * * * * * * * * * * * * * * * * * * * //

dimensions      [0 1 -1 0 0 0 0];

internalField   nonuniform List<vector> 
200
(
(0.000516703 -0.00128105 0)
(0.00257613 -0.00162778 0)
(0.00474825 -0.00119441 0)
(0.006466 -0.00063941 0)
(0.00751343 -0.000213329 0)
(0.00803209 3.0738e-05 0)
(0.00823549 0.000115909 0)
(0.00831294 8.71244e-05 0)
(0.00840437 -1.391e-05 0)
(0.00860419 -0.000158945 0)
(0.00897234 -0.000335126 0)
(0.00954487 -0.000539855 0)
(0.0103389 -0.000770375 0)
(0.0113416 -0.00100622 0)
(0.0124683 -0.00117859 0)
(0.0134672 -0.00111635 0)
(0.0137852 -0.000468759 0)
(0.0125511 0.0012728 0)
(0.00890559 0.00416213 0)
(0.00266407 0.00566024 0)
(0.000549496 -0.00504586 0)
(0.00350185 -0.00778409 0)
(0.00671225 -0.00693324 0)
(0.00946038 -0.00490799 0)
(0.0114092 -0.00293298 0)
(0.0126302 -0.00150021 0)
(0.0133427 -0.000700882 0)
(0.0137721 -0.000443387 0)
(0.0140965 -0.000580547 0)
(0.0144348 -0.000974293 0)
(0.0148522 -0.00151765 0)
(0.0153669 -0.00212456 0)
(0.0159481 -0.00269239 0)
(0.0164972 -0.00303637 0)
(0.0168113 -0.00279574 0)
(0.016532 -0.00133066 0)
(0.0150844 0.00227352 0)
(0.0118554 0.00865105 0)
(0.00684096 0.0162775 0)
(0.00115534 0.0162756 0)
(0.000517062 -0.00885771 0)
(0.00329317 -0.0141398 0)
(0.00624334 -0.0130644 0)
(0.00877637 -0.00973062 0)
(0.0106084 -0.00630887 0)
(0.0118068 -0.00369872 0)
(0.0125562 -0.00209998 0)
(0.0130346 -0.00138595 0)
(0.0133727 -0.00131944 0)
(0.0136504 -0.00166143 0)
(0.0139032 -0.00220742 0)
(0.014127 -0.00277194 0)
(0.014274 -0.00313088 0)
(0.014236 -0.00292966 0)
(0.0138205 -0.0015803 0)
(0.0127201 0.00177308 0)
(0.0106604 0.00796543 0)
(0.00750435 0.0170337 0)
(0.00368502 0.0257249 0)
(0.000417049 0.0218869 0)
(0.000451288 -0.0122654 0)
(0.00273579 -0.0195586 0)
(0.00497909 -0.018074 0)
(0.00677802 -0.0135265 0)
(0.007992 -0.00889339 0)
(0.0087413 -0.00536311 0)
(0.00919678 -0.00316393 0)
(0.00948728 -0.00209549 0)
(0.00968569 -0.0018276 0)
(0.00982388 -0.00204109 0)
(0.0099087 -0.00246684 0)
(0.0099282 -0.00285526 0)
(0.00984501 -0.00289665 0)
(0.00958001 -0.0021159 0)
(0.00898943 0.000206462 0)
(0.00790379 0.00494418 0)
(0.00620083 0.0127648 0)
(0.00392189 0.0231025 0)
(0.00153639 0.0314498 0)
(5.02822e-05 0.0243541 0)
(0.000370757 -0.0150085 0)
(0.00199838 -0.0234781 0)
(0.00330878 -0.0212999 0)
(0.00415229 -0.015667 0)
(0.00457397 -0.0101632 0)
(0.00475033 -0.00609496 0)
(0.00482662 -0.00361034 0)
(0.00487229 -0.00238861 0)
(0.0049014 -0.00201514 0)
(0.00490703 -0.0021281 0)
(0.00487984 -0.00243902 0)
(0.00480969 -0.00267432 0)
(0.0046739 -0.0024724 0)
(0.00442069 -0.00127528 0)
(0.00395073 0.00171047 0)
(0.00318892 0.00731723 0)
(0.00211377 0.0160047 0)
(0.000885332 0.0266708 0)
(-9.18062e-05 0.0340802 0)
(-0.00017847 0.0248002 0)
(0.000272949 -0.016934 0)
(0.00105702 -0.0255737 0)
(0.00122893 -0.022447 0)
(0.000984201 -0.0159723 0)
(0.000565616 -0.0100392 0)
(0.000162883 -0.00586082 0)
(-0.00014115 -0.00340802 0)
(-0.000352707 -0.0022403 0)
(-0.000512751 -0.00188803 0)
(-0.000647133 -0.00198982 0)
(-0.000771256 -0.00226944 0)
(-0.000897089 -0.00244547 0)
(-0.00104481 -0.00211809 0)
(-0.0012465 -0.000678272 0)
(-0.00153851 0.00267738 0)
(-0.00188876 0.00867611 0)
(-0.00217913 0.0174976 0)
(-0.00216674 0.02764 0)
(-0.00160509 0.0337837 0)
(-0.000363946 0.0235988 0)
(0.000143276 -0.0176969 0)
(-0.000256277 -0.0253506 0)
(-0.00151742 -0.0211172 0)
(-0.00297315 -0.0142466 0)
(-0.00425492 -0.00847772 0)
(-0.0052312 -0.0046664 0)
(-0.00592528 -0.00255133 0)
(-0.00641669 -0.00161609 0)
(-0.00677959 -0.00140616 0)
(-0.00706235 -0.00159471 0)
(-0.00729448 -0.00192508 0)
(-0.00749666 -0.00211387 0)
(-0.00768176 -0.0017567 0)
(-0.00783739 -0.000277333 0)
(-0.00788687 0.00301663 0)
(-0.00766186 0.00868929 0)
(-0.00691976 0.0167228 0)
(-0.00542314 0.0255683 0)
(-0.00319871 0.0304275 0)
(-0.000579029 0.0207439 0)
(-0.000201013 -0.0166441 0)
(-0.0023595 -0.0219428 0)
(-0.00527574 -0.0168556 0)
(-0.00798005 -0.0103696 0)
(-0.0100354 -0.00546819 0)
(-0.0114483 -0.00250633 0)
(-0.0123828 -0.00103778 0)
(-0.0130074 -0.000537164 0)
(-0.0134497 -0.000603794 0)
(-0.0137959 -0.000963451 0)
(-0.0140979 -0.00139942 0)
(-0.0143753 -0.00166971 0)
(-0.0146044 -0.00144028 0)
(-0.0146926 -0.000262236 0)
(-0.0144345 0.00237784 0)
(-0.013547 0.00689908 0)
(-0.0116954 0.0132347 0)
(-0.00868258 0.0201178 0)
(-0.00480217 0.023803 0)
(-0.000806083 0.0161644 0)
(-0.000848176 -0.0126562 0)
(-0.00536825 -0.0144978 0)
(-0.00986935 -0.00953359 0)
(-0.0132724 -0.00466202 0)
(-0.0153553 -0.00153487 0)
(-0.0164744 2.1174e-05 0)
(-0.0170404 0.000548525 0)
(-0.0173406 0.000497532 0)
(-0.0175504 0.000151254 0)
(-0.0177736 -0.000322681 0)
(-0.01806 -0.000801554 0)
(-0.0184079 -0.00115058 0)
(-0.018748 -0.00118199 0)
(-0.0189214 -0.000637745 0)
(-0.0186437 0.000797163 0)
(-0.0175077 0.00342894 0)
(-0.0150793 0.00727718 0)
(-0.0111282 0.0116246 0)
(-0.00608345 0.0142169 0)
(-0.00102414 0.00997481 0)
(-0.0020309 -0.00433299 0)
(-0.00717371 -0.0037509 0)
(-0.0108144 -0.00170276 0)
(-0.0126974 -0.000272936 0)
(-0.013286 0.000393077 0)
(-0.013218 0.000575102 0)
(-0.0129148 0.00052283 0)
(-0.0126114 0.000379252 0)
(-0.0124248 0.000206768 0)
(-0.0124043 2.74015e-05 0)
(-0.0125628 -0.000148827 0)
(-0.0128826 -0.000308674 0)
(-0.0133061 -0.000426234 0)
(-0.0137089 -0.000452862 0)
(-0.0138712 -0.000305607 0)
(-0.0134652 0.000145446 0)
(-0.0120593 0.0010054 0)
(-0.00930963 0.00221968 0)
(-0.00542989 0.00327877 0)
(-0.00128513 0.00275898 0)
)
;

boundaryField
{
    leftWall
    {
        type            fixedValue;
        value           uniform (0 0 0);
    }
    rightWall
    {
        type            fixedValue;
        value           uniform (0 0 0);
    }
    topWall
    {
        type            fixedValue;
        value           uniform (0 0 0);
    }
    bottomWall
    {
        type            fixedValue;
        value           uniform (0 0 0);
    }
    frontAndBackPlanes
    {
        type            empty;
    }
}


// ************************************************************************* //
