/*--------------------------------*- C++ -*----------------------------------*\
| =========                 |                                                 |
| \\      /  F ield         | OpenFOAM: The Open Source CFD Toolbox           |
|  \\    /   O peration     | Version:  2506                                  |
|   \\  /    A nd           | Website:  www.openfoam.com                      |
|    \\/     M anipulation  |                                                 |
\*---------------------------------------------------------------------------*/
FoamFile
{
    version     2.0;
    format      ascii;
    arch        "LSB;label=32;scalar=64";
    class       surfaceScalarField;
    location    "25.6";
    object      phi;
}
// * * * * * * * * * * * * * * * * * * * * * * * * * * * * * * * * * * * * * //

dimensions      [1 0 -1 0 0 0 0];

oriented        oriented;

internalField   nonuniform List<scalar> 
370
(
-6.92895e-05
-3.75454e-05
3.97213e-05
-0.000109012
0.000225262
-0.000185542
0.000481806
-0.000256548
0.000790942
-0.00030914
0.00113101
-0.000340078
0.00148195
-0.000350944
0.00182809
-0.000346157
0.00215983
-0.000331747
0.00247382
-0.000314002
0.00277194
-0.000298136
0.00305895
-0.00028702
0.0033376
-0.000278664
0.00360143
-0.000263841
0.00382113
-0.000219707
0.00391503
-9.39087e-05
0.0037398
0.000175243
0.00306652
0.000673295
0.00167246
0.00139411
0.00167249
7.33959e-05
-0.000110938
0.000319976
-0.000355582
0.000718028
-0.000583579
0.00123226
-0.000770764
0.00182411
-0.000900973
0.00245369
-0.000969638
0.00308447
-0.000981698
0.00368689
-0.000948558
0.00423965
-0.000884488
0.00472856
-0.000802889
0.00514328
-0.000712838
0.00547216
-0.000615889
0.00569598
-0.000502469
0.00577892
-0.000346776
0.00565775
-9.85397e-05
0.00523931
0.00032453
0.00438885
0.00102572
0.00299676
0.0020654
0.00121584
0.00317507
0.00288837
0.000139421
-0.000250349
0.000500174
-0.000716307
0.00103061
-0.00111397
0.00167526
-0.00141537
0.00238005
-0.0016057
0.003095
-0.00168451
0.00377801
-0.00166463
0.0043976
-0.00156805
0.00493275
-0.00141955
0.00537008
-0.00124012
0.00569869
-0.00104136
0.00590372
-0.000820851
0.0059594
-0.000558081
0.00582294
-0.000210265
0.00543212
0.000292318
0.00472091
0.00103576
0.00364424
0.0021024
0.00224481
0.00346486
0.000800786
0.00461915
0.0036892
0.000173321
-0.000423653
0.000594578
-0.00113752
0.00117977
-0.00169909
0.00185534
-0.00209084
0.00255566
-0.00230588
0.00322498
-0.00235365
0.00382164
-0.00226108
0.00432035
-0.00206652
0.00471053
-0.00180947
0.00499099
-0.00152034
0.00516255
-0.0012127
0.00521983
-0.000877941
0.00514369
-0.000481782
0.00489953
3.4027e-05
0.0044369
0.000755037
0.00371889
0.00175384
0.00273856
0.00308277
0.00157988
0.0046236
0.000506161
0.00569295
0.00419542
0.000183843
-0.000607472
0.000600019
-0.00155362
0.00114619
-0.00224514
0.00174092
-0.00268539
0.0023156
-0.00288029
0.00281638
-0.00285403
0.00321
-0.00265422
0.00348612
-0.00234212
0.00365322
-0.00197605
0.00372981
-0.00159645
0.00373392
-0.0012164
0.00367322
-0.000816891
0.003538
-0.000346278
0.00329662
0.000275635
0.00291646
0.00113537
0.00236731
0.00230311
0.00165777
0.00379241
0.000875072
0.0054064
0.000229019
0.00633913
0.00442451
0.000152199
-0.000759639
0.000462073
-0.0018634
0.000833497
-0.00261638
0.00119665
-0.0030482
0.00149455
-0.00317762
0.00168722
-0.00304591
0.00176121
-0.00272725
0.00173007
-0.00230999
0.00162636
-0.00187144
0.00148836
-0.00145766
0.00134673
-0.00107414
0.00121492
-0.00068459
0.00108499
-0.00021597
0.000932947
0.000427983
0.000735228
0.00133333
0.000480854
0.00255767
0.000196063
0.00407737
-3.77916e-05
0.00564047
-0.000108286
0.00640978
0.00431629
4.90318e-05
-0.000808629
0.00010431
-0.00191854
0.000118163
-0.00262992
5.90991e-05
-0.0029885
-9.57251e-05
-0.00302172
-0.000351788
-0.00278837
-0.000690569
-0.00238683
-0.00107199
-0.00192702
-0.00144776
-0.00149436
-0.00177598
-0.00112845
-0.00203032
-0.000819066
-0.00220163
-0.000512715
-0.00229369
-0.000123438
-0.00230354
0.000438245
-0.00222726
0.00125742
-0.00204643
0.00237717
-0.00172097
0.00375221
-0.00120312
0.00512289
-0.000521838
0.0057287
0.00379452
-0.000146012
-0.000662563
-0.000510521
-0.00155383
-0.00103742
-0.00210248
-0.00168517
-0.0023396
-0.00241463
-0.0022904
-0.00317925
-0.00202142
-0.00392695
-0.00163672
-0.0046099
-0.00124196
-0.00519296
-0.000909639
-0.00565612
-0.000664033
-0.00598959
-0.00048464
-0.00618354
-0.000317988
-0.00621751
-8.87883e-05
-0.00605326
0.000274597
-0.00564348
0.000848195
-0.0049357
0.00166987
-0.00388383
0.00270076
-0.00249831
0.00373771
-0.000981358
0.00421198
0.00281325
-0.000353939
-0.000308561
-0.00115929
-0.000748182
-0.00223875
-0.00102218
-0.00345186
-0.00112476
-0.00467336
-0.00106622
-0.00580115
-0.000890409
-0.0067691
-0.000665539
-0.00755275
-0.000455487
-0.0081611
-0.000299018
-0.00861842
-0.000204938
-0.00894353
-0.000158145
-0.00913164
-0.000128767
-0.00913986
-7.96127e-05
-0.00890278
3.83385e-05
-0.00831562
0.000261774
-0.00727289
0.000627773
-0.0056985
0.00112691
-0.00362734
0.00166696
-0.00139109
0.00197603
0.00142228
-0.000308516
-0.00105644
-0.00207777
-0.0032007
-0.00426402
-0.00515082
-0.00581256
-0.0062645
-0.00656047
-0.0067629
-0.00691903
-0.00704619
-0.00712449
-0.00708506
-0.00682236
-0.00619382
-0.00506628
-0.00339882
-0.00142243
)
;

boundaryField
{
    leftWall
    {
        type            calculated;
        value           nonuniform List<scalar> 10(0 0 0 0 0 0 -1.35525e-20 0 0 0);
    }
    rightWall
    {
        type            calculated;
        value           uniform 0;
    }
    topWall
    {
        type            calculated;
        value           uniform 0;
    }
    bottomWall
    {
        type            calculated;
        value           uniform 0;
    }
    frontAndBackPlanes
    {
        type            empty;
    }
}


// ************************************************************************* //
