/*--------------------------------*- C++ -*----------------------------------*\
| =========                 |                                                 |
| \\      /  F ield         | OpenFOAM: The Open Source CFD Toolbox           |
|  \\    /   O peration     | Version:  2506                                  |
|   \\  /    A nd           | Website:  www.openfoam.com                      |
|    \\/     M anipulation  |                                                 |
\*---------------------------------------------------------------------------*/
FoamFile
{
    version     2.0;
    format      ascii;
    arch        "LSB;label=32;scalar=64";
    class       volVectorField;
    location    "87.2";
    object      U;
}
// * * * * * * * * * * * * * * * * * * * * * * * * * * * * * * * * * * * * * //

dimensions      [0 1 -1 0 0 0 0];

internalField   nonuniform List<vector> 
200
(
(0.000240289 -0.00080739 0)
(0.00157543 -0.0010763 0)
(0.00314759 -0.000838602 0)
(0.00449738 -0.000512349 0)
(0.00542182 -0.000251354 0)
(0.00600477 -9.8174e-05 0)
(0.00638128 -4.83702e-05 0)
(0.00668075 -7.94595e-05 0)
(0.00700743 -0.000168548 0)
(0.00743868 -0.000300514 0)
(0.00803063 -0.000469569 0)
(0.00882403 -0.000675813 0)
(0.00984359 -0.000916147 0)
(0.0110826 -0.00116716 0)
(0.0124584 -0.00135525 0)
(0.013711 -0.00130339 0)
(0.0142472 -0.000644239 0)
(0.0131439 0.0011908 0)
(0.00945066 0.00430898 0)
(0.00285898 0.00605894 0)
(0.000389167 -0.00340648 0)
(0.00260185 -0.00554829 0)
(0.00514153 -0.00525321 0)
(0.00743432 -0.00405758 0)
(0.00919151 -0.00279823 0)
(0.0104371 -0.00185554 0)
(0.0113165 -0.00133323 0)
(0.0119902 -0.00119719 0)
(0.0125916 -0.00136414 0)
(0.0132156 -0.00174886 0)
(0.0139183 -0.00227977 0)
(0.0147172 -0.0028887 0)
(0.0155839 -0.0034753 0)
(0.0164194 -0.00384322 0)
(0.0170113 -0.0036073 0)
(0.0169789 -0.00208839 0)
(0.0157132 0.00170721 0)
(0.0125154 0.00853799 0)
(0.00732006 0.0169039 0)
(0.00125735 0.0173897 0)
(0.00042152 -0.00639811 0)
(0.00276263 -0.0107271 0)
(0.00535551 -0.0104677 0)
(0.00768065 -0.00838757 0)
(0.00946742 -0.00606673 0)
(0.0107428 -0.00422679 0)
(0.0116419 -0.00307961 0)
(0.0123044 -0.00258053 0)
(0.0128382 -0.00258499 0)
(0.013312 -0.00293102 0)
(0.0137584 -0.0034667 0)
(0.0141742 -0.0040335 0)
(0.014513 -0.0044099 0)
(0.0146649 -0.00422001 0)
(0.0144277 -0.00282795 0)
(0.01347 0.00071074 0)
(0.0114431 0.0073644 0)
(0.00817673 0.0172319 0)
(0.00409717 0.026966 0)
(0.000487264 0.0235191 0)
(0.000406286 -0.00939231 0)
(0.00255526 -0.0156732 0)
(0.00477882 -0.015239 0)
(0.00665657 -0.0122009 0)
(0.00801035 -0.00884531 0)
(0.0089162 -0.00617416 0)
(0.00951525 -0.0044533 0)
(0.00992498 -0.00359421 0)
(0.0102198 -0.0033809 0)
(0.0104383 -0.00358315 0)
(0.0105945 -0.0039892 0)
(0.0106819 -0.00437691 0)
(0.0106668 -0.00443529 0)
(0.0104694 -0.00365477 0)
(0.00994296 -0.00123747 0)
(0.00886041 0.00384281 0)
(0.00707586 0.0123556 0)
(0.00459495 0.023771 0)
(0.00190341 0.0333418 0)
(0.000103587 0.0264176 0)
(0.000368655 -0.0120702 0)
(0.00210604 -0.0197402 0)
(0.00366479 -0.0188217 0)
(0.00479881 -0.0147859 0)
(0.00547662 -0.0105323 0)
(0.00583719 -0.00723121 0)
(0.00602029 -0.0051176 0)
(0.00611027 -0.00401709 0)
(0.00614314 -0.00363871 0)
(0.00613002 -0.00370624 0)
(0.00607372 -0.00398134 0)
(0.0059716 -0.00421194 0)
(0.00580531 -0.00402897 0)
(0.00552228 -0.00282428 0)
(0.00501486 0.000309012 0)
(0.00416785 0.00638026 0)
(0.00294213 0.0159478 0)
(0.00146945 0.0278967 0)
(0.000165501 0.0366093 0)
(-0.000169498 0.0272252 0)
(0.000297638 -0.0141913 0)
(0.00136356 -0.022434 0)
(0.001952 -0.0207038 0)
(0.00208983 -0.015745 0)
(0.00193556 -0.0108718 0)
(0.00167165 -0.00725489 0)
(0.00140238 -0.00500668 0)
(0.00115766 -0.00384388 0)
(0.000932037 -0.00341962 0)
(0.00071535 -0.00344396 0)
(0.000502502 -0.0036777 0)
(0.000287205 -0.00385202 0)
(5.02291e-05 -0.00354948 0)
(-0.000247832 -0.00209062 0)
(-0.000660482 0.00146985 0)
(-0.00116644 0.00803771 0)
(-0.00164689 0.0178835 0)
(-0.0018518 0.02942 0)
(-0.00149976 0.0368143 0)
(-0.000367825 0.0262388 0)
(0.00016797 -0.0153425 0)
(0.000141074 -0.0230498 0)
(-0.000647654 -0.0202507 0)
(-0.00175965 -0.0146526 0)
(-0.00286155 -0.00963526 0)
(-0.0037956 -0.00613756 0)
(-0.00453852 -0.00406971 0)
(-0.00512915 -0.00305528 0)
(-0.00561456 -0.00273388 0)
(-0.00602863 -0.00283055 0)
(-0.00639349 -0.00311201 0)
(-0.00672866 -0.00329386 0)
(-0.00705266 -0.00293896 0)
(-0.00736336 -0.00139183 0)
(-0.00759472 0.00217142 0)
(-0.00755444 0.00844989 0)
(-0.00696786 0.017498 0)
(-0.00556286 0.0276614 0)
(-0.00334332 0.0336129 0)
(-0.000620307 0.0233359 0)
(-0.000133012 -0.0147681 0)
(-0.00189121 -0.0204892 0)
(-0.00444214 -0.0167033 0)
(-0.00694268 -0.0111687 0)
(-0.00896631 -0.00671888 0)
(-0.0104676 -0.00386522 0)
(-0.0115562 -0.00232426 0)
(-0.0123647 -0.00168425 0)
(-0.0130004 -0.0016141 0)
(-0.0135385 -0.00187553 0)
(-0.0140278 -0.00226209 0)
(-0.0144902 -0.0025175 0)
(-0.0149078 -0.00226712 0)
(-0.0151899 -0.000990572 0)
(-0.0151191 0.00192006 0)
(-0.0143602 0.00696961 0)
(-0.0125336 0.0141499 0)
(-0.0094002 0.0221045 0)
(-0.00525706 0.0266383 0)
(-0.000897553 0.0183947 0)
(-0.000735625 -0.011348 0)
(-0.00481383 -0.013808 0)
(-0.00908744 -0.00983134 0)
(-0.0125137 -0.00552617 0)
(-0.0148017 -0.00256503 0)
(-0.0162029 -0.000948352 0)
(-0.0170539 -0.000275578 0)
(-0.0176196 -0.000178141 0)
(-0.0180727 -0.000407755 0)
(-0.018519 -0.000807334 0)
(-0.0190151 -0.00125229 0)
(-0.0195655 -0.00159324 0)
(-0.0201044 -0.00161291 0)
(-0.0204642 -0.00100886 0)
(-0.0203356 0.000588551 0)
(-0.0192459 0.00354229 0)
(-0.0167002 0.00792231 0)
(-0.0124183 0.0129629 0)
(-0.00684985 0.01612 0)
(-0.00116901 0.0114902 0)
(-0.00180205 -0.00385777 0)
(-0.00652981 -0.00359799 0)
(-0.0101503 -0.00186837 0)
(-0.0122697 -0.000561479 0)
(-0.0131834 0.000111002 0)
(-0.0134365 0.000356743 0)
(-0.01342 0.000370688 0)
(-0.0133504 0.000274243 0)
(-0.0133447 0.0001297 0)
(-0.0134684 -3.59789e-05 0)
(-0.0137532 -0.000209721 0)
(-0.0141975 -0.000376818 0)
(-0.0147495 -0.000506593 0)
(-0.0152794 -0.000541647 0)
(-0.0155421 -0.000384803 0)
(-0.0151726 0.0001172 0)
(-0.0136752 0.00110088 0)
(-0.0106346 0.00251808 0)
(-0.00625985 0.00378566 0)
(-0.00150186 0.00322911 0)
)
;

boundaryField
{
    leftWall
    {
        type            fixedValue;
        value           uniform (0 0 0);
    }
    rightWall
    {
        type            fixedValue;
        value           uniform (0 0 0);
    }
    topWall
    {
        type            fixedValue;
        value           uniform (0 0 0);
    }
    bottomWall
    {
        type            fixedValue;
        value           uniform (0 0 0);
    }
    frontAndBackPlanes
    {
        type            empty;
    }
}


// ************************************************************************* //
