/*--------------------------------*- C++ -*----------------------------------*\
| =========                 |                                                 |
| \\      /  F ield         | OpenFOAM: The Open Source CFD Toolbox           |
|  \\    /   O peration     | Version:  2506                                  |
|   \\  /    A nd           | Website:  www.openfoam.com                      |
|    \\/     M anipulation  |                                                 |
\*---------------------------------------------------------------------------*/
FoamFile
{
    version     2.0;
    format      ascii;
    arch        "LSB;label=32;scalar=64";
    class       surfaceScalarField;
    location    "103.2";
    object      phi;
}
// * * * * * * * * * * * * * * * * * * * * * * * * * * * * * * * * * * * * * //

dimensions      [1 0 -1 0 0 0 0];

oriented        oriented;

internalField   nonuniform List<scalar> 
370
(
0.000261692
-0.000304562
0.000721156
-0.000459391
0.00112854
-0.000407279
0.00141808
-0.000289412
0.00159474
-0.000176514
0.00169202
-9.71099e-05
0.00174833
-5.61425e-05
0.00179641
-4.78976e-05
0.00186055
-6.39619e-05
0.00195752
-9.67699e-05
0.00209843
-0.000140707
0.00229004
-0.000191404
0.00253346
-0.000243211
0.0028178
-0.000284123
0.00310611
-0.000288085
0.0033096
-0.000203266
0.00324942
6.04096e-05
0.00270978
0.000539871
0.00147815
0.00123183
0.00147826
0.000394774
-0.000699298
0.00106778
-0.00113229
0.0017209
-0.00106026
0.00223611
-0.00080445
0.00259811
-0.000538334
0.00283741
-0.000336217
0.0029977
-0.000216236
0.00311956
-0.000169553
0.0032337
-0.000177899
0.00335976
-0.000222615
0.00350696
-0.000287693
0.00367402
-0.000358254
0.00384602
-0.000414985
0.00398687
-0.000424746
0.00402733
-0.000328313
0.00385671
-3.24099e-05
0.00333536
0.000582
0.00231964
0.00155583
0.000940967
0.00261071
0.00241933
0.000398414
-0.00109766
0.0010549
-0.00178864
0.00168743
-0.0016926
0.00218916
-0.00130596
0.00254831
-0.000897252
0.0027927
-0.000580366
0.00295924
-0.000382546
0.00308005
-0.000290118
0.00317769
-0.000275308
0.00326493
-0.000309617
0.0033454
-0.000367921
0.00341322
-0.00042583
0.00345002
-0.000451538
0.00341944
-0.000393921
0.00326252
-0.00017114
0.00290048
0.000329888
0.00227602
0.00120672
0.00139844
0.00243365
0.000476095
0.00353326
0.00289552
0.000354969
-0.00145257
0.000905386
-0.0023389
0.00140267
-0.00218966
0.00177209
-0.00167514
0.00202092
-0.00114581
0.00218204
-0.000741217
0.00228744
-0.000487671
0.00235943
-0.000361843
0.00241054
-0.000326155
0.00244614
-0.000344949
0.00246651
-0.000388033
0.00246661
-0.000425667
0.00243298
-0.000417641
0.00233915
-0.000299823
0.00214476
2.35242e-05
0.00180853
0.000666394
0.00131343
0.0017021
0.000712718
0.00303461
0.00018547
0.00406072
0.00308108
0.000285878
-0.00173839
0.000672801
-0.00272565
0.00096985
-0.00248646
0.00115001
-0.00185502
0.00124528
-0.00124079
0.00129303
-0.000788684
0.00131772
-0.00051208
0.00133031
-0.000374157
0.00133366
-0.000329234
0.00132766
-0.000338676
0.00131149
-0.000371586
0.0012823
-0.000396208
0.00123168
-0.000366742
0.00114214
-0.000210003
0.000987962
0.000177981
0.00075303
0.000901613
0.000447597
0.00200781
0.000143814
0.00333866
-2.78283e-05
0.00423257
0.00305333
0.000186817
-0.00192513
0.000348066
-0.00288671
0.000388533
-0.00252667
0.000344293
-0.0018105
0.000269462
-0.00116567
0.000196779
-0.000715716
0.000136506
-0.000451528
8.67392e-05
-0.000324116
4.2671e-05
-0.000284894
1.0191e-06
-0.000296753
-4.00914e-05
-0.000330206
-8.36456e-05
-0.000352383
-0.000136242
-0.000313871
-0.000207153
-0.000138811
-0.000300304
0.000271422
-0.000402989
0.00100459
-0.000472389
0.0020775
-0.000435033
0.00330157
-0.000238241
0.00403598
0.00281517
2.30339e-05
-0.00194809
-0.000127764
-0.0027357
-0.000404311
-0.00224986
-0.000701588
-0.00151294
-0.000957141
-0.00090984
-0.00115517
-0.000517416
-0.00130429
-0.00030214
-0.00141911
-0.000209026
-0.00151147
-0.000192277
-0.00158889
-0.000219064
-0.00165642
-0.000262418
-0.001718
-0.000290536
-0.0017749
-0.000256706
-0.0018195
-9.39414e-05
-0.00182351
0.000275706
-0.0017389
0.00092026
-0.00150056
0.00183943
-0.00105686
0.00285811
-0.000453793
0.00343308
0.00236145
-0.000243571
-0.00170443
-0.000825772
-0.00215329
-0.00147338
-0.00160199
-0.00202572
-0.00096033
-0.00243962
-0.000495667
-0.00273188
-0.000224897
-0.00293745
-9.63126e-05
-0.00308716
-5.90552e-05
-0.00320408
-7.51142e-05
-0.00330383
-0.000119067
-0.00339461
-0.000171393
-0.00347629
-0.000208613
-0.00353565
-0.000197107
-0.00353871
-9.06363e-05
-0.003427
0.000164236
-0.0031227
0.000616208
-0.00255072
0.00126768
-0.00168897
0.00199657
-0.000676792
0.00242106
0.00168472
-0.000658544
-0.00104579
-0.0017425
-0.00106911
-0.00268926
-0.000654964
-0.00334669
-0.000302637
-0.00375072
-9.13773e-05
-0.00397912
3.75843e-06
-0.00411694
4.17504e-05
-0.00420914
3.33757e-05
-0.00428753
3.50225e-06
-0.00437407
-3.23103e-05
-0.00447381
-7.14503e-05
-0.00457913
-0.000103089
-0.00466255
-0.000113484
-0.00466985
-8.31462e-05
-0.00452144
1.60161e-05
-0.00410767
0.000202625
-0.00333589
0.000496089
-0.00218858
0.000849421
-0.000860632
0.00109324
0.000824142
-0.00104569
-0.00211458
-0.00276929
-0.00307166
-0.00316279
-0.00315879
-0.00311682
-0.00308323
-0.00307952
-0.00311164
-0.00318291
-0.00328583
-0.00339916
-0.00348215
-0.003466
-0.00326324
-0.00276702
-0.00191749
-0.000824177
)
;

boundaryField
{
    leftWall
    {
        type            calculated;
        value           nonuniform List<scalar> 10(3.38813e-21 0 0 1.0842e-19 0 -2.1684e-19 0 4.33681e-19 0 0);
    }
    rightWall
    {
        type            calculated;
        value           nonuniform List<scalar> 10(0 0 0 0 0 -4.33681e-19 -4.33681e-19 0 0 0);
    }
    topWall
    {
        type            calculated;
        value           uniform 0;
    }
    bottomWall
    {
        type            calculated;
        value           uniform 0;
    }
    frontAndBackPlanes
    {
        type            empty;
    }
}


// ************************************************************************* //
