/*--------------------------------*- C++ -*----------------------------------*\
| =========                 |                                                 |
| \\      /  F ield         | OpenFOAM: The Open Source CFD Toolbox           |
|  \\    /   O peration     | Version:  2506                                  |
|   \\  /    A nd           | Website:  www.openfoam.com                      |
|    \\/     M anipulation  |                                                 |
\*---------------------------------------------------------------------------*/
FoamFile
{
    version     2.0;
    format      ascii;
    arch        "LSB;label=32;scalar=64";
    class       volVectorField;
    location    "89.8";
    object      U;
}
// * * * * * * * * * * * * * * * * * * * * * * * * * * * * * * * * * * * * * //

dimensions      [0 1 -1 0 0 0 0];

internalField   nonuniform List<vector> 
200
(
(0.000262276 -0.000844217 0)
(0.00165452 -0.00111891 0)
(0.00327304 -0.000865365 0)
(0.00465029 -0.00052076 0)
(0.00558226 -0.000246742 0)
(0.00615775 -8.66908e-05 0)
(0.0065184 -3.45817e-05 0)
(0.00679863 -6.59967e-05 0)
(0.00710566 -0.000156436 0)
(0.0075181 -0.000289699 0)
(0.0080922 -0.000459426 0)
(0.00886818 -0.000665552 0)
(0.00987008 -0.00090512 0)
(0.0110909 -0.00115512 0)
(0.0124481 -0.00134245 0)
(0.0136828 -0.00129058 0)
(0.014205 -0.000633036 0)
(0.0130949 0.00119483 0)
(0.00940804 0.00429666 0)
(0.00284427 0.00602907 0)
(0.000402324 -0.00353633 0)
(0.00267534 -0.00572446 0)
(0.00526905 -0.00538281 0)
(0.00759745 -0.00411877 0)
(0.009368 -0.00280115 0)
(0.010609 -0.00181954 0)
(0.0114722 -0.00127637 0)
(0.0121236 -0.00113238 0)
(0.0127004 -0.00129869 0)
(0.0132996 -0.00168551 0)
(0.0139777 -0.00221835 0)
(0.0147525 -0.0028278 0)
(0.0155954 -0.00341378 0)
(0.0164077 -0.00378143 0)
(0.016978 -0.00354792 0)
(0.0169279 -0.00203684 0)
(0.0156508 0.00174089 0)
(0.0124547 0.0085359 0)
(0.00727788 0.0168478 0)
(0.00124852 0.0173018 0)
(0.00042972 -0.00659653 0)
(0.00280817 -0.0110011 0)
(0.00543156 -0.0106726 0)
(0.00777405 -0.00848752 0)
(0.00956387 -0.00607519 0)
(0.0108315 -0.00417222 0)
(0.0117164 -0.00298933 0)
(0.0123616 -0.00247459 0)
(0.012877 -0.00247532 0)
(0.0133325 -0.00282283 0)
(0.0137609 -0.00336081 0)
(0.0141591 -0.00392882 0)
(0.0144805 -0.00430577 0)
(0.0146159 -0.00411832 0)
(0.014364 -0.00273494 0)
(0.0133956 0.00078308 0)
(0.0113679 0.00739486 0)
(0.0081135 0.017197 0)
(0.00405885 0.0268524 0)
(0.000480661 0.0233839 0)
(0.000410481 -0.0096277 0)
(0.00257303 -0.0159903 0)
(0.00480029 -0.0154667 0)
(0.00667279 -0.0123007 0)
(0.00801533 -0.0088372 0)
(0.00890775 -0.00609414 0)
(0.00949384 -0.00433423 0)
(0.00989224 -0.00345929 0)
(0.0101774 -0.00324328 0)
(0.0103875 -0.00344823 0)
(0.0105359 -0.00385756 0)
(0.0106161 -0.00424719 0)
(0.0105939 -0.00430696 0)
(0.0103896 -0.00353087 0)
(0.0098574 -0.00112795 0)
(0.00877339 0.00391721 0)
(0.0069959 0.0123669 0)
(0.00453324 0.0236919 0)
(0.00186968 0.033168 0)
(9.87772e-05 0.0262422 0)
(0.000369348 -0.0123144 0)
(0.00210002 -0.0200501 0)
(0.00364017 -0.0190236 0)
(0.00475124 -0.0148508 0)
(0.00540818 -0.01049 0)
(0.00575338 -0.00712334 0)
(0.0059272 -0.00497861 0)
(0.00601287 -0.00386901 0)
(0.00604467 -0.00349257 0)
(0.00603222 -0.00356541 0)
(0.0059773 -0.00384498 0)
(0.0058767 -0.00407791 0)
(0.00571181 -0.00389642 0)
(0.00543011 -0.0026967 0)
(0.00492373 0.000418488 0)
(0.00408292 0.00644264 0)
(0.002869 0.0159293 0)
(0.00141721 0.0277689 0)
(0.000143886 0.0363786 0)
(-0.000168668 0.0270152 0)
(0.000295778 -0.0144222 0)
(0.00134 -0.0226982 0)
(0.00189525 -0.0208471 0)
(0.00200173 -0.0157565 0)
(0.00182552 -0.0107911 0)
(0.00155042 -0.00712549 0)
(0.0012786 -0.00486012 0)
(0.00103686 -0.00369765 0)
(0.000817164 -0.00328057 0)
(0.000607635 -0.0033125 0)
(0.000402213 -0.00355121 0)
(0.00019413 -0.00372741 0)
(-3.62742e-05 -0.00342552 0)
(-0.00032699 -0.00197222 0)
(-0.000730124 0.00156529 0)
(-0.00122401 0.00807716 0)
(-0.00169003 0.0178294 0)
(-0.00187806 0.0292463 0)
(-0.00150862 0.0365404 0)
(-0.000367245 0.0260082 0)
(0.000165429 -0.0155436 0)
(0.000107906 -0.0232464 0)
(-0.000719319 -0.0203215 0)
(-0.0018596 -0.0146109 0)
(-0.00297629 -0.00952745 0)
(-0.00391303 -0.00600272 0)
(-0.00465059 -0.00393162 0)
(-0.0052315 -0.00292493 0)
(-0.00570529 -0.00261383 0)
(-0.0061072 -0.00271873 0)
(-0.00646006 -0.00300472 0)
(-0.00678354 -0.00318816 0)
(-0.00709578 -0.00283533 0)
(-0.00739367 -0.00129727 0)
(-0.00761028 0.00223806 0)
(-0.0075557 0.00845863 0)
(-0.00695816 0.0174151 0)
(-0.00554799 0.0274649 0)
(-0.00333006 0.0333277 0)
(-0.000616724 0.02311 0)
(-0.000138724 -0.0149304 0)
(-0.00193071 -0.0206147 0)
(-0.0045126 -0.0167136 0)
(-0.00702999 -0.0110946 0)
(-0.00905528 -0.00660542 0)
(-0.0105474 -0.00374323 0)
(-0.0116211 -0.00220905 0)
(-0.0124125 -0.00158172 0)
(-0.0130303 -0.00152378 0)
(-0.0135507 -0.00179347 0)
(-0.0140228 -0.00218411 0)
(-0.0144686 -0.00244115 0)
(-0.0148696 -0.00219386 0)
(-0.0151351 -0.000928154 0)
(-0.0150491 0.00195571 0)
(-0.0142808 0.00695584 0)
(-0.0124548 0.0140605 0)
(-0.00933479 0.0219227 0)
(-0.00521669 0.0263869 0)
(-0.000889599 0.0182008 0)
(-0.00074527 -0.0114619 0)
(-0.00486155 -0.013868 0)
(-0.00915459 -0.00980373 0)
(-0.0125783 -0.00544823 0)
(-0.0148477 -0.00247274 0)
(-0.0162225 -0.000862099 0)
(-0.0170474 -0.000203296 0)
(-0.0175904 -0.000119276 0)
(-0.0180218 -0.000358755 0)
(-0.0184475 -0.000764381 0)
(-0.0189245 -0.00121186 0)
(-0.0194565 -0.00155335 0)
(-0.0199776 -0.0015744 0)
(-0.0203212 -0.000976517 0)
(-0.0201802 0.000605251 0)
(-0.0190879 0.00352925 0)
(-0.0165547 0.00786186 0)
(-0.012304 0.0128425 0)
(-0.00678276 0.0159526 0)
(-0.00115646 0.0113589 0)
(-0.00182211 -0.00389931 0)
(-0.00658618 -0.00361145 0)
(-0.010208 -0.00185349 0)
(-0.0123059 -0.000535526 0)
(-0.0131902 0.000136555 0)
(-0.0134158 0.000376644 0)
(-0.0133747 0.000383219 0)
(-0.0132833 0.000282336 0)
(-0.0132617 0.000136031 0)
(-0.0133734 -3.05983e-05 0)
(-0.013647 -0.00020439 0)
(-0.0140801 -0.000370658 0)
(-0.0146205 -0.000499227 0)
(-0.0151391 -0.000533509 0)
(-0.0153933 -0.000377615 0)
(-0.0150213 0.000119609 0)
(-0.0135329 0.00109215 0)
(-0.0105187 0.00249157 0)
(-0.00618782 0.00374134 0)
(-0.00148317 0.00318848 0)
)
;

boundaryField
{
    leftWall
    {
        type            fixedValue;
        value           uniform (0 0 0);
    }
    rightWall
    {
        type            fixedValue;
        value           uniform (0 0 0);
    }
    topWall
    {
        type            fixedValue;
        value           uniform (0 0 0);
    }
    bottomWall
    {
        type            fixedValue;
        value           uniform (0 0 0);
    }
    frontAndBackPlanes
    {
        type            empty;
    }
}


// ************************************************************************* //
