/*--------------------------------*- C++ -*----------------------------------*\
| =========                 |                                                 |
| \\      /  F ield         | OpenFOAM: The Open Source CFD Toolbox           |
|  \\    /   O peration     | Version:  2506                                  |
|   \\  /    A nd           | Website:  www.openfoam.com                      |
|    \\/     M anipulation  |                                                 |
\*---------------------------------------------------------------------------*/
FoamFile
{
    version     2.0;
    format      ascii;
    arch        "LSB;label=32;scalar=64";
    class       volVectorField;
    location    "21.2";
    object      U;
}
// * * * * * * * * * * * * * * * * * * * * * * * * * * * * * * * * * * * * * //

dimensions      [0 1 -1 0 0 0 0];

internalField   nonuniform List<vector> 
200
(
(-0.000252359 -8.6436e-05 0)
(-0.000221952 -0.000183124 0)
(0.000279314 -0.000273301 0)
(0.00108093 -0.000405563 0)
(0.00210304 -0.000527956 0)
(0.00333279 -0.000622636 0)
(0.00471298 -0.000688837 0)
(0.0061831 -0.000730518 0)
(0.00768958 -0.000755927 0)
(0.00919002 -0.000777244 0)
(0.0106558 -0.000808864 0)
(0.012072 -0.000864355 0)
(0.0134309 -0.00095123 0)
(0.0147133 -0.00105968 0)
(0.0158462 -0.00113657 0)
(0.0166092 -0.00102523 0)
(0.0165397 -0.00036005 0)
(0.0147988 0.00144618 0)
(0.010454 0.00463179 0)
(0.00311269 0.00654876 0)
(4.86021e-06 -0.000410713 0)
(0.000457167 -0.00134875 0)
(0.00150173 -0.00234535 0)
(0.00305094 -0.00331054 0)
(0.00501967 -0.00413023 0)
(0.00731205 -0.00475398 0)
(0.00981825 -0.00516403 0)
(0.0124229 -0.00536547 0)
(0.015013 -0.00538152 0)
(0.017483 -0.00524745 0)
(0.0197355 -0.00499979 0)
(0.0216756 -0.00465885 0)
(0.023196 -0.00420151 0)
(0.0241541 -0.00351643 0)
(0.0243369 -0.00232663 0)
(0.0234095 -6.64374e-05 0)
(0.020839 0.00416076 0)
(0.0160667 0.011141 0)
(0.00921213 0.0195816 0)
(0.00157774 0.0196335 0)
(6.9093e-05 -0.00102453 0)
(0.000803601 -0.00323976 0)
(0.00217694 -0.0054183 0)
(0.00410155 -0.00736784 0)
(0.00644836 -0.00895816 0)
(0.00909199 -0.0101119 0)
(0.0119005 -0.0107931 0)
(0.0147347 -0.0110006 0)
(0.0174556 -0.0107628 0)
(0.0199311 -0.0101264 0)
(0.0220389 -0.00913357 0)
(0.0236598 -0.00778743 0)
(0.0246616 -0.00600558 0)
(0.024876 -0.00356029 0)
(0.0240611 -1.07117e-06 0)
(0.0219109 0.00536362 0)
(0.0181698 0.0132578 0)
(0.0127911 0.0237658 0)
(0.00647518 0.033531 0)
(0.000852834 0.0282439 0)
(8.45543e-05 -0.00192258 0)
(0.000913882 -0.00560195 0)
(0.00236845 -0.0089606 0)
(0.00433506 -0.011839 0)
(0.00666837 -0.0141046 0)
(0.0092333 -0.0156616 0)
(0.0118881 -0.0164551 0)
(0.014482 -0.0164765 0)
(0.0168669 -0.0157658 0)
(0.0189116 -0.0143962 0)
(0.0205083 -0.0124348 0)
(0.0215667 -0.00988426 0)
(0.0219943 -0.0066168 0)
(0.0216696 -0.0023129 0)
(0.0203735 0.00357344 0)
(0.0179494 0.0116511 0)
(0.0142758 0.0223758 0)
(0.00949016 0.0350326 0)
(0.00437711 0.0445223 0)
(0.00046592 0.0339063 0)
(8.78613e-05 -0.00284804 0)
(0.000841602 -0.00791482 0)
(0.00210849 -0.0123275 0)
(0.0037815 -0.0159933 0)
(0.0057318 -0.0187899 0)
(0.00783597 -0.0206012 0)
(0.00995621 -0.0213462 0)
(0.0119425 -0.0210104 0)
(0.0136545 -0.019665 0)
(0.0149864 -0.0174455 0)
(0.0158785 -0.014483 0)
(0.0163058 -0.0108072 0)
(0.0162511 -0.00625432 0)
(0.0156556 -0.000412594 0)
(0.0143441 0.00730872 0)
(0.0122591 0.017428 0)
(0.00935263 0.0300937 0)
(0.00581982 0.0438679 0)
(0.00233912 0.0523611 0)
(0.000144229 0.0372963 0)
(6.59062e-05 -0.00359697 0)
(0.000526142 -0.00970076 0)
(0.00126676 -0.0148659 0)
(0.00222733 -0.0190809 0)
(0.00333414 -0.0222248 0)
(0.00450004 -0.0241418 0)
(0.00561091 -0.0247084 0)
(0.00653955 -0.023909 0)
(0.00718143 -0.0218794 0)
(0.00748908 -0.0188665 0)
(0.00748027 -0.0151054 0)
(0.00721446 -0.0106668 0)
(0.00674864 -0.00533358 0)
(0.00604529 0.00142982 0)
(0.00507474 0.0102622 0)
(0.00382235 0.0215946 0)
(0.00233227 0.0352672 0)
(0.000822855 0.0492339 0)
(-0.00025617 0.0563086 0)
(-0.000240346 0.0382199 0)
(2.61322e-06 -0.00386234 0)
(-0.000114186 -0.0102857 0)
(-0.000318882 -0.0156815 0)
(-0.000587177 -0.0200725 0)
(-0.000904034 -0.023302 0)
(-0.00129405 -0.0251443 0)
(-0.00181335 -0.0254209 0)
(-0.0025205 -0.0241335 0)
(-0.00343341 -0.0215265 0)
(-0.00450119 -0.0179979 0)
(-0.00561478 -0.0138915 0)
(-0.00664636 -0.00928499 0)
(-0.00748841 -0.00387781 0)
(-0.00809756 0.00294956 0)
(-0.0083443 0.0118275 0)
(-0.00814806 0.0230753 0)
(-0.00736867 0.0362775 0)
(-0.00584116 0.0491007 0)
(-0.00357089 0.0545499 0)
(-0.000713546 0.0359622 0)
(-0.000111649 -0.00327238 0)
(-0.00103184 -0.00889928 0)
(-0.00252993 -0.0137509 0)
(-0.0044923 -0.017745 0)
(-0.00679107 -0.0206427 0)
(-0.00934157 -0.0221493 0)
(-0.0120721 -0.0220638 0)
(-0.0148954 -0.0204493 0)
(-0.0176892 -0.0176752 0)
(-0.0202977 -0.014253 0)
(-0.022554 -0.0105663 0)
(-0.0243021 -0.00666349 0)
(-0.0253942 -0.00221086 0)
(-0.0256281 0.00337924 0)
(-0.0247464 0.0107017 0)
(-0.0225584 0.0200714 0)
(-0.0188526 0.031059 0)
(-0.0136108 0.0415501 0)
(-0.00740959 0.0456422 0)
(-0.00127172 0.0297628 0)
(-0.000182188 -0.00176924 0)
(-0.00165052 -0.0053525 0)
(-0.00422851 -0.00871048 0)
(-0.00775769 -0.0115647 0)
(-0.0120031 -0.0136241 0)
(-0.0167082 -0.0145936 0)
(-0.02158 -0.0143017 0)
(-0.0263099 -0.0128592 0)
(-0.0306208 -0.0106651 0)
(-0.0343047 -0.00821367 0)
(-0.037229 -0.0058451 0)
(-0.0393007 -0.00359545 0)
(-0.0403971 -0.00119068 0)
(-0.0402592 0.00186039 0)
(-0.0385485 0.0061208 0)
(-0.034896 0.0119385 0)
(-0.0289226 0.0190719 0)
(-0.0206237 0.0261163 0)
(-0.0109813 0.0292109 0)
(-0.00183379 0.0194541 0)
(-6.31799e-05 -0.000224664 0)
(-0.000994904 -0.000958677 0)
(-0.00305449 -0.00173591 0)
(-0.00613325 -0.00242676 0)
(-0.0100207 -0.00292982 0)
(-0.014405 -0.00314271 0)
(-0.0188837 -0.00300532 0)
(-0.0230417 -0.00256384 0)
(-0.0265664 -0.0019703 0)
(-0.0293227 -0.00140526 0)
(-0.031337 -0.000990446 0)
(-0.0327085 -0.000744369 0)
(-0.0334958 -0.000581064 0)
(-0.0336165 -0.000320971 0)
(-0.032784 0.000299184 0)
(-0.0304878 0.0015198 0)
(-0.026126 0.00342272 0)
(-0.0193757 0.00574016 0)
(-0.0109413 0.00739069 0)
(-0.00257527 0.00569517 0)
)
;

boundaryField
{
    leftWall
    {
        type            fixedValue;
        value           uniform (0 0 0);
    }
    rightWall
    {
        type            fixedValue;
        value           uniform (0 0 0);
    }
    topWall
    {
        type            fixedValue;
        value           uniform (0 0 0);
    }
    bottomWall
    {
        type            fixedValue;
        value           uniform (0 0 0);
    }
    frontAndBackPlanes
    {
        type            empty;
    }
}


// ************************************************************************* //
