/*--------------------------------*- C++ -*----------------------------------*\
| =========                 |                                                 |
| \\      /  F ield         | OpenFOAM: The Open Source CFD Toolbox           |
|  \\    /   O peration     | Version:  2506                                  |
|   \\  /    A nd           | Website:  www.openfoam.com                      |
|    \\/     M anipulation  |                                                 |
\*---------------------------------------------------------------------------*/
FoamFile
{
    version     2.0;
    format      ascii;
    arch        "LSB;label=32;scalar=64";
    class       surfaceScalarField;
    location    "97.2";
    object      phi;
}
// * * * * * * * * * * * * * * * * * * * * * * * * * * * * * * * * * * * * * //

dimensions      [1 0 -1 0 0 0 0];

oriented        oriented;

internalField   nonuniform List<scalar> 
370
(
0.000237238
-0.000283435
0.000669604
-0.000432289
0.00105756
-0.000387846
0.00133813
-0.000280426
0.00151439
-0.00017611
0.00161684
-0.000102285
0.00168127
-6.42462e-05
0.00173858
-5.71243e-05
0.00181206
-7.32867e-05
0.00191804
-0.000105782
0.0020677
-0.000149452
0.00226805
-0.000200147
0.00252049
-0.00025222
0.00281423
-0.000293511
0.00311213
-0.000297673
0.00332488
-0.000212523
0.00327081
5.43106e-05
0.00273305
0.000537995
0.00149416
0.00123909
0.00149428
0.000374789
-0.000658184
0.00101884
-0.00107623
0.00164935
-0.00101821
0.00215236
-0.000783251
0.00251165
-0.000535213
0.00275514
-0.000345564
0.00292382
-0.000232718
0.00305616
-0.000189254
0.00318156
-0.000198477
0.00331903
-0.000243029
0.00347759
-0.000307789
0.00365599
-0.000378315
0.00383931
-0.000435314
0.00399132
-0.000445282
0.00404214
-0.000348246
0.0038792
-4.93375e-05
0.00336239
0.000571376
0.00234298
0.00155765
0.000952353
0.00262993
0.00244674
0.00038637
-0.0010445
0.00102659
-0.00171631
0.00164769
-0.0016391
0.00214473
-0.00128006
0.00250479
-0.000895029
0.0027538
-0.000594318
0.00292701
-0.000405674
0.00305537
-0.000317364
0.00316084
-0.000303693
0.00325589
-0.000337822
0.00334409
-0.000395737
0.00341962
-0.000453579
0.00346409
-0.000479519
0.0034409
-0.000421831
0.00329037
-0.000197446
0.00293213
0.000309177
0.00230599
0.00119779
0.00142044
0.00244345
0.00048539
0.0035652
0.00293223
0.00035025
-0.00139469
0.000897374
-0.00226326
0.00139576
-0.00213725
0.00176967
-0.0016537
0.00202444
-0.00114951
0.00219146
-0.00076105
0.00230199
-0.000515908
0.0023782
-0.000393292
0.00243281
-0.000358011
0.00247142
-0.000376155
0.00249458
-0.00041861
0.00249742
-0.000456135
0.00246659
-0.0004484
0.00237538
-0.000330331
0.00218306
-4.83458e-06
0.00184546
0.00064707
0.00134476
0.00169878
0.000733604
0.00305488
0.000193328
0.0041057
0.00312565
0.000287205
-0.00168182
0.000681432
-0.0026573
0.000989334
-0.00244488
0.00118039
-0.00184446
0.00128432
-0.00125313
0.0013377
-0.000814129
0.00136528
-0.000543182
0.00137877
-0.000406481
0.00138181
-0.000360753
0.00137486
-0.000368912
0.00135743
-0.000400888
0.00132699
-0.000425399
0.00127527
-0.000396372
0.0011846
-0.000239366
0.00102789
0.000152191
0.000788754
0.000886518
0.000475728
0.00201211
0.000161149
0.00336974
-2.15537e-05
0.00428863
0.00310419
0.000192284
-0.00187403
0.000368197
-0.00283301
0.000424775
-0.00250118
0.000393293
-0.00181267
0.000326209
-0.00118573
0.000256755
-0.000744365
0.000196484
-0.000482609
0.00014476
-0.000354458
9.76968e-05
-0.000313395
5.25934e-05
-0.000323514
7.92721e-06
-0.000355928
-3.92043e-05
-0.000377973
-9.55034e-05
-0.000339775
-0.000170637
-0.000163926
-0.00026925
0.000251121
-0.000378609
0.000996196
-0.000455932
0.00208975
-0.00042695
0.00334104
-0.000236822
0.00409871
0.00286745
3.20624e-05
-0.00190601
-0.000102208
-0.00269851
-0.000362894
-0.00224021
-0.000649897
-0.00152536
-0.000901236
-0.000934085
-0.00109956
-0.000545739
-0.00125174
-0.000330141
-0.00137106
-0.000234843
-0.00146856
-0.000215613
-0.0015513
-0.000240483
-0.00162411
-0.000282834
-0.00169104
-0.000310757
-0.00175373
-0.000276794
-0.00180491
-0.00011245
-0.00181626
0.000262775
-0.00173853
0.000918763
-0.00150515
0.00185667
-0.00106315
0.0028993
-0.000457821
0.00349358
0.00240971
-0.000233744
-0.00167217
-0.000799999
-0.00213203
-0.00143612
-0.0016038
-0.001984
-0.000977175
-0.00239928
-0.000518508
-0.00269659
-0.000248146
-0.00290896
-0.000117487
-0.00306625
-7.72787e-05
-0.00319088
-9.0709e-05
-0.0032982
-0.000132896
-0.00339636
-0.000184411
-0.00348541
-0.000221445
-0.00355227
-0.000209664
-0.0035628
-0.000101652
-0.00345739
0.000157625
-0.00315638
0.000618017
-0.00258267
0.00128322
-0.00171288
0.00202974
-0.000687531
0.0024684
0.00172225
-0.00064573
-0.00102634
-0.00171574
-0.00106178
-0.00265852
-0.000660729
-0.00332075
-0.000314659
-0.00373468
-0.000104284
-0.00397539
-7.16075e-06
-0.00412378
3.11639e-05
-0.00422599
2.51809e-05
-0.00431356
-2.89589e-06
-0.00440863
-3.75811e-05
-0.00451644
-7.63737e-05
-0.00462965
-0.000108013
-0.00472064
-0.000118459
-0.00473438
-8.7699e-05
-0.00458998
1.34314e-05
-0.00417506
0.000203308
-0.00339472
0.000503073
-0.00222993
0.000865132
-0.000878076
0.00111668
0.00084423
-0.00102622
-0.00208776
-0.00274821
-0.00306258
-0.00316659
-0.00317349
-0.00314208
-0.00311666
-0.00311934
-0.00315671
-0.00323289
-0.00334072
-0.003459
-0.00354653
-0.00353295
-0.00332949
-0.00282629
-0.00196103
-0.000844269
)
;

boundaryField
{
    leftWall
    {
        type            calculated;
        value           uniform 0;
    }
    rightWall
    {
        type            calculated;
        value           uniform 0;
    }
    topWall
    {
        type            calculated;
        value           uniform 0;
    }
    bottomWall
    {
        type            calculated;
        value           uniform 0;
    }
    frontAndBackPlanes
    {
        type            empty;
    }
}


// ************************************************************************* //
