/*--------------------------------*- C++ -*----------------------------------*\
| =========                 |                                                 |
| \\      /  F ield         | OpenFOAM: The Open Source CFD Toolbox           |
|  \\    /   O peration     | Version:  2506                                  |
|   \\  /    A nd           | Website:  www.openfoam.com                      |
|    \\/     M anipulation  |                                                 |
\*---------------------------------------------------------------------------*/
FoamFile
{
    version     2.0;
    format      ascii;
    arch        "LSB;label=32;scalar=64";
    class       volVectorField;
    location    "64.8";
    object      U;
}
// * * * * * * * * * * * * * * * * * * * * * * * * * * * * * * * * * * * * * //

dimensions      [0 1 -1 0 0 0 0];

internalField   nonuniform List<vector> 
200
(
(3.30186e-05 -0.000477721 0)
(0.000838979 -0.000691972 0)
(0.00199157 -0.000600943 0)
(0.00309935 -0.000446334 0)
(0.00397291 -0.00030594 0)
(0.00464772 -0.000214118 0)
(0.00519311 -0.000182 0)
(0.00568884 -0.000206239 0)
(0.00621068 -0.000279803 0)
(0.00682498 -0.000398181 0)
(0.00758843 -0.000560943 0)
(0.00854809 -0.000769035 0)
(0.00973467 -0.0010166 0)
(0.0111425 -0.0012747 0)
(0.0126824 -0.00146348 0)
(0.01408 -0.00140206 0)
(0.0147138 -0.000719086 0)
(0.0136339 0.001181 0)
(0.00984897 0.00443353 0)
(0.00298959 0.00632205 0)
(0.000257158 -0.00219565 0)
(0.00187435 -0.00390613 0)
(0.0038928 -0.00406954 0)
(0.0058579 -0.00354329 0)
(0.00751588 -0.00284876 0)
(0.00884378 -0.00227469 0)
(0.0099188 -0.00193944 0)
(0.0108435 -0.00186288 0)
(0.0117131 -0.00202019 0)
(0.0126028 -0.00237264 0)
(0.013562 -0.00287702 0)
(0.0146085 -0.0034745 0)
(0.0157142 -0.00405699 0)
(0.0167752 -0.00440752 0)
(0.0175646 -0.0041151 0)
(0.0176771 -0.00247837 0)
(0.0164749 0.00152244 0)
(0.0132042 0.00869207 0)
(0.00777522 0.0175164 0)
(0.00135017 0.0182201 0)
(0.000332119 -0.00447765 0)
(0.00227157 -0.00809043 0)
(0.00454496 -0.00854348 0)
(0.00670081 -0.00752887 0)
(0.00847848 -0.00612836 0)
(0.00986431 -0.00491017 0)
(0.0109442 -0.00410012 0)
(0.0118191 -0.00373128 0)
(0.0125726 -0.0037464 0)
(0.0132619 -0.00405457 0)
(0.0139156 -0.00454837 0)
(0.0145301 -0.00508477 0)
(0.0150583 -0.00543036 0)
(0.0153845 -0.00517483 0)
(0.0152907 -0.0036347 0)
(0.0144198 0.000182823 0)
(0.012365 0.0073041 0)
(0.00892869 0.0178172 0)
(0.00454485 0.0282475 0)
(0.000564543 0.0248823 0)
(0.000354717 -0.00704749 0)
(0.00232562 -0.012538 0)
(0.00448183 -0.0130523 0)
(0.00640189 -0.0113497 0)
(0.0078771 -0.00911287 0)
(0.0089401 -0.00717524 0)
(0.00969966 -0.00583632 0)
(0.0102571 -0.00511197 0)
(0.0106829 -0.00489531 0)
(0.0110182 -0.00504102 0)
(0.0112814 -0.00538804 0)
(0.0114697 -0.00572958 0)
(0.0115503 -0.00573658 0)
(0.0114405 -0.00485098 0)
(0.0109816 -0.00220117 0)
(0.00991018 0.00333208 0)
(0.00803326 0.0125618 0)
(0.00533123 0.0249009 0)
(0.00231499 0.0353372 0)
(0.000169836 0.0282708 0)
(0.000352422 -0.0095757 0)
(0.00211572 -0.0165958 0)
(0.00383133 -0.0168458 0)
(0.0051845 -0.0142755 0)
(0.00607562 -0.0111649 0)
(0.00660368 -0.00855388 0)
(0.00689814 -0.00675407 0)
(0.00705178 -0.00572459 0)
(0.00711626 -0.00529653 0)
(0.00711741 -0.00527964 0)
(0.00706836 -0.00548172 0)
(0.00697203 -0.0056599 0)
(0.00681194 -0.0054197 0)
(0.00653475 -0.00409242 0)
(0.00603246 -0.000670935 0)
(0.00513146 0.00600151 0)
(0.00377807 0.0165001 0)
(0.00207889 0.0295982 0)
(0.00048756 0.0392757 0)
(-0.00011888 0.0294779 0)
(0.000310686 -0.0117784 0)
(0.00156367 -0.0196795 0)
(0.00246556 -0.0192859 0)
(0.00291575 -0.015768 0)
(0.0029846 -0.0119027 0)
(0.0028361 -0.00881355 0)
(0.00259445 -0.00674168 0)
(0.00232108 -0.00555686 0)
(0.0020381 -0.00503186 0)
(0.00175381 -0.00495109 0)
(0.0014732 -0.00510935 0)
(0.00119366 -0.00523774 0)
(0.000894566 -0.00488549 0)
(0.000533396 -0.00330104 0)
(4.53156e-05 0.000592922 0)
(-0.000569157 0.00787314 0)
(-0.00118778 0.0188042 0)
(-0.00155824 0.0316258 0)
(-0.00137671 0.0399815 0)
(-0.000359981 0.0287291 0)
(0.000196832 -0.0131966 0)
(0.000465004 -0.0209423 0)
(5.67356e-05 -0.0195546 0)
(-0.000766893 -0.0152117 0)
(-0.00172668 -0.0109376 0)
(-0.00264786 -0.00774169 0)
(-0.00346386 -0.0057034 0)
(-0.00417225 -0.00459187 0)
(-0.0047918 -0.00414316 0)
(-0.0053408 -0.00413477 0)
(-0.00583504 -0.00435112 0)
(-0.00629412 -0.00449482 0)
(-0.00674135 -0.00408205 0)
(-0.00718198 -0.00237235 0)
(-0.00755623 0.00157572 0)
(-0.00764526 0.0085714 0)
(-0.00714218 0.0186758 0)
(-0.00575527 0.0300611 0)
(-0.00348971 0.036873 0)
(-0.000657672 0.0258033 0)
(-7.32783e-05 -0.0130122 0)
(-0.00147664 -0.0191206 0)
(-0.00370549 -0.0166189 0)
(-0.00604257 -0.0120354 0)
(-0.00807096 -0.0080353 0)
(-0.00969616 -0.00527913 0)
(-0.0109727 -0.00365674 0)
(-0.0119929 -0.0028757 0)
(-0.0128415 -0.0026727 0)
(-0.0135839 -0.0028402 0)
(-0.0142674 -0.00317413 0)
(-0.0149171 -0.00339626 0)
(-0.0155176 -0.00308413 0)
(-0.0159744 -0.00164443 0)
(-0.0160528 0.00161635 0)
(-0.0153632 0.00726581 0)
(-0.0134868 0.0153102 0)
(-0.0101601 0.0242608 0)
(-0.00570802 0.0294803 0)
(-0.00098374 0.0205124 0)
(-0.000630927 -0.0101092 0)
(-0.00429535 -0.0131416 0)
(-0.00835988 -0.0101344 0)
(-0.0118231 -0.00639747 0)
(-0.014326 -0.003607 0)
(-0.0160253 -0.00193598 0)
(-0.0171895 -0.00112261 0)
(-0.0180466 -0.00087886 0)
(-0.0187612 -0.000994468 0)
(-0.0194441 -0.00132397 0)
(-0.0201606 -0.00173694 0)
(-0.0209225 -0.00206351 0)
(-0.0216624 -0.00205258 0)
(-0.0221977 -0.00135687 0)
(-0.022188 0.000442702 0)
(-0.0210948 0.00375347 0)
(-0.0183716 0.00867279 0)
(-0.0137064 0.0143624 0)
(-0.00759032 0.017993 0)
(-0.0013049 0.0129196 0)
(-0.00158301 -0.00340703 0)
(-0.00591261 -0.00344607 0)
(-0.00951673 -0.00202847 0)
(-0.0118757 -0.000846827 0)
(-0.0131233 -0.000175118 0)
(-0.0136978 0.000119824 0)
(-0.0139512 0.000193737 0)
(-0.0141004 0.000148645 0)
(-0.0142725 3.93675e-05 0)
(-0.0145469 -0.000108127 0)
(-0.0149697 -0.000279261 0)
(-0.0155493 -0.000454446 0)
(-0.0162371 -0.000595613 0)
(-0.0168944 -0.000635444 0)
(-0.0172482 -0.000462565 0)
(-0.0168936 9.8e-05 0)
(-0.0152754 0.00121003 0)
(-0.0119197 0.00282347 0)
(-0.00704743 0.00427831 0)
(-0.0017037 0.0036694 0)
)
;

boundaryField
{
    leftWall
    {
        type            fixedValue;
        value           uniform (0 0 0);
    }
    rightWall
    {
        type            fixedValue;
        value           uniform (0 0 0);
    }
    topWall
    {
        type            fixedValue;
        value           uniform (0 0 0);
    }
    bottomWall
    {
        type            fixedValue;
        value           uniform (0 0 0);
    }
    frontAndBackPlanes
    {
        type            empty;
    }
}


// ************************************************************************* //
