/*--------------------------------*- C++ -*----------------------------------*\
| =========                 |                                                 |
| \\      /  F ield         | OpenFOAM: The Open Source CFD Toolbox           |
|  \\    /   O peration     | Version:  2506                                  |
|   \\  /    A nd           | Website:  www.openfoam.com                      |
|    \\/     M anipulation  |                                                 |
\*---------------------------------------------------------------------------*/
FoamFile
{
    version     2.0;
    format      ascii;
    arch        "LSB;label=32;scalar=64";
    class       surfaceScalarField;
    location    "103.4";
    object      phi;
}
// * * * * * * * * * * * * * * * * * * * * * * * * * * * * * * * * * * * * * //

dimensions      [1 0 -1 0 0 0 0];

oriented        oriented;

internalField   nonuniform List<scalar> 
370
(
0.000262482
-0.000305246
0.000722822
-0.000460267
0.00113084
-0.000407909
0.00142068
-0.000289707
0.00159736
-0.000176533
0.00169446
-9.6949e-05
0.00175052
-5.58861e-05
0.0017983
-4.76033e-05
0.00186215
-6.36628e-05
0.00195883
-9.64797e-05
0.00209945
-0.000140424
0.00229078
-0.000191121
0.00253391
-0.00024292
0.00281795
-0.000283818
0.00310594
-0.000287771
0.00330913
-0.00020296
0.00324874
6.06159e-05
0.00270903
0.000539941
0.00147763
0.0012316
0.00147774
0.000395415
-0.000700623
0.00106935
-0.0011341
0.0017232
-0.00106162
0.00223881
-0.000805142
0.0026009
-0.000538445
0.00284007
-0.000335927
0.0030001
-0.000215717
0.00312162
-0.000168928
0.00323541
-0.000177243
0.0033611
-0.000221962
0.00350794
-0.00028705
0.00367465
-0.000357611
0.00384628
-0.000414331
0.00398677
-0.000424082
0.00402689
-0.000327662
0.00385602
-3.18537e-05
0.00333451
0.000582362
0.0023189
0.00155579
0.000940606
0.0026101
0.00241844
0.000398797
-0.00109937
0.0010558
-0.00179097
0.00168869
-0.00169432
0.00219057
-0.00130681
0.00254969
-0.000897336
0.00279393
-0.000579932
0.00296027
-0.000381817
0.00308084
-0.000289255
0.00317824
-0.000274407
0.00326523
-0.000308719
0.00334546
-0.000367036
0.00341304
-0.000424946
0.0034496
-0.000450645
0.00341879
-0.000393024
0.00326166
-0.000170285
0.00289949
0.000330571
0.00227507
0.00120704
0.00139775
0.00243336
0.000475803
0.00353226
0.00289434
0.000355116
-0.00145443
0.000905632
-0.00234132
0.00140287
-0.00219134
0.00177215
-0.00167583
0.00202079
-0.0011457
0.00218172
-0.000740595
0.00228695
-0.00048678
0.00235881
-0.000360847
0.00240981
-0.000325144
0.00244531
-0.000343959
0.0024656
-0.000387063
0.00246562
-0.000424699
0.0024319
-0.000416662
0.00233799
-0.000298847
0.00214355
2.44339e-05
0.00180736
0.000667029
0.00131244
0.00170223
0.00071206
0.00303399
0.000185223
0.0040593
0.00307966
0.000285831
-0.0017402
0.000672513
-0.00272783
0.000969211
-0.0024878
0.00114902
-0.00185536
0.00124401
-0.00124041
0.00129158
-0.000787882
0.00131618
-0.000511097
0.00132874
-0.000373133
0.0013321
-0.000328232
0.00132612
-0.000337708
0.00131
-0.00037067
0.00128086
-0.000395287
0.00123027
-0.000365802
0.00114078
-0.000209069
0.000986689
0.000178803
0.000751897
0.000902107
0.000446708
0.0020077
0.000143269
0.0033377
-2.80226e-05
0.0042308
0.00305172
0.00018664
-0.00192677
0.000347415
-0.00288842
0.000387365
-0.00252749
0.000342718
-0.00181043
0.000267639
-0.00116504
0.000194853
-0.000714811
0.00013458
-0.000450546
8.48793e-05
-0.000323159
4.09168e-05
-0.000283998
-6.0198e-07
-0.00029592
-4.16201e-05
-0.000329384
-8.50688e-05
-0.000351568
-0.000137549
-0.000313048
-0.000208326
-0.000138012
-0.000301305
0.00027207
-0.000403774
0.00100487
-0.000472917
0.00207713
-0.000435291
0.00330033
-0.000238286
0.00403399
0.00281351
2.27413e-05
-0.00194943
-0.000128583
-0.00273689
-0.000405634
-0.00225017
-0.000703238
-0.00151255
-0.000958927
-0.000909073
-0.00115695
-0.000516517
-0.00130597
-0.000301252
-0.00142066
-0.000208209
-0.00151286
-0.00019154
-0.00159013
-0.000218389
-0.00165748
-0.000261773
-0.00171888
-0.000289897
-0.0017756
-0.000256071
-0.00181998
-9.33538e-05
-0.00182376
0.000276119
-0.00173893
0.000920315
-0.00150043
0.0018389
-0.00105667
0.00285681
-0.000453665
0.00343117
0.00235992
-0.000243882
-0.00170546
-0.000826588
-0.00215397
-0.00147456
-0.00160194
-0.00202704
-0.000959802
-0.0024409
-0.000494942
-0.00273302
-0.000224136
-0.00293837
-9.56384e-05
-0.00308785
-5.84799e-05
-0.00320452
-7.46198e-05
-0.00330403
-0.000118632
-0.00339458
-0.000170984
-0.00347603
-0.00020821
-0.00353514
-0.000196711
-0.00353797
-9.02877e-05
-0.00342605
0.000164448
-0.00312165
0.000616154
-0.00254972
0.0012672
-0.00168821
0.00199552
-0.000676452
0.00241956
0.00168353
-0.000658947
-0.00104642
-0.00174334
-0.00106936
-0.00269022
-0.000654801
-0.00334746
-0.000302287
-0.00375113
-9.10201e-05
-0.00397934
4.33307e-06
-0.00411677
4.20309e-05
-0.00420862
3.36019e-05
-0.00428674
3.7221e-06
-0.004373
-3.2158e-05
-0.00447247
-7.13024e-05
-0.00457754
-0.000102938
-0.00466072
-0.00011333
-0.00466781
-8.30037e-05
-0.00451927
1.60981e-05
-0.00410554
0.000202604
-0.00333403
0.000495869
-0.00218727
0.000848923
-0.000860078
0.00109249
0.000823503
-0.00104631
-0.00211545
-0.00277
-0.00307202
-0.00316279
-0.00315822
-0.00311597
-0.00308215
-0.00307823
-0.0031102
-0.00318132
-0.00328409
-0.00339726
-0.00348011
-0.00346387
-0.00326114
-0.00276514
-0.00191611
-0.000823538
)
;

boundaryField
{
    leftWall
    {
        type            calculated;
        value           nonuniform List<scalar> 10(0 0 0 1.0842e-19 0 0 0 0 0 0);
    }
    rightWall
    {
        type            calculated;
        value           nonuniform List<scalar> 10(0 0 0 0 0 4.33681e-19 0 4.33681e-19 0 0);
    }
    topWall
    {
        type            calculated;
        value           uniform 0;
    }
    bottomWall
    {
        type            calculated;
        value           uniform 0;
    }
    frontAndBackPlanes
    {
        type            empty;
    }
}


// ************************************************************************* //
