/*--------------------------------*- C++ -*----------------------------------*\
| =========                 |                                                 |
| \\      /  F ield         | OpenFOAM: The Open Source CFD Toolbox           |
|  \\    /   O peration     | Version:  2506                                  |
|   \\  /    A nd           | Website:  www.openfoam.com                      |
|    \\/     M anipulation  |                                                 |
\*---------------------------------------------------------------------------*/
FoamFile
{
    version     2.0;
    format      ascii;
    arch        "LSB;label=32;scalar=64";
    class       surfaceScalarField;
    location    "29.2";
    object      phi;
}
// * * * * * * * * * * * * * * * * * * * * * * * * * * * * * * * * * * * * * //

dimensions      [1 0 -1 0 0 0 0];

oriented        oriented;

internalField   nonuniform List<scalar> 
370
(
-6.20255e-05
-4.30469e-05
6.3437e-05
-0.000125461
0.000270303
-0.000206864
0.000545269
-0.000274963
0.000862956
-0.000317684
0.0011978
-0.000334844
0.00152973
-0.000331927
0.00184643
-0.000316701
0.00214363
-0.000297195
0.00242384
-0.000280215
0.00269416
-0.000270316
0.00296307
-0.000268915
0.00323529
-0.000272225
0.00350447
-0.000269182
0.00373963
-0.00023516
0.0038571
-0.000117476
0.00370391
0.000153211
0.00304983
0.0006541
0.00166754
0.00138233
0.00166757
9.28497e-05
-0.000135892
0.000382423
-0.00041502
0.000830518
-0.000654935
0.00138494
-0.000829353
0.00199456
-0.00092726
0.00261393
-0.000954175
0.0032083
-0.00092624
0.00375529
-0.000863644
0.00424348
-0.000785341
0.00466875
-0.000705432
0.00502929
-0.000630814
0.00531962
-0.000559212
0.00552396
-0.000476525
0.0056071
-0.000352294
0.00550385
-0.000131888
0.00511529
0.000271102
0.00430429
0.000964235
0.00295012
0.00200832
0.00120005
0.00313248
0.00286767
0.000171378
-0.000307257
0.000598808
-0.000842413
0.00120069
-0.00125675
0.00189568
-0.00152425
0.00261361
-0.00164507
0.00330088
-0.00164131
0.00392256
-0.00154777
0.00446045
-0.00140137
0.00490816
-0.00123289
0.00526494
-0.00106207
0.00552905
-0.000894784
0.00569102
-0.000721057
0.00572721
-0.000512599
0.00559451
-0.000219507
0.00522776
0.00023493
0.00455588
0.000943049
0.00352778
0.0019924
0.00217834
0.00335785
0.000777459
0.00453348
0.00364521
0.00021824
-0.000525474
0.000726615
-0.00135072
0.0013954
-0.00192542
0.00211602
-0.00224467
0.00280586
-0.00233464
0.00341185
-0.00224697
0.00390915
-0.00204472
0.00429455
-0.00178641
0.0045774
-0.0015154
0.00477052
-0.00125488
0.00488213
-0.0010061
0.00490875
-0.000747425
0.00482939
-0.000433029
0.00460824
1.82732e-06
0.00418579
0.000657526
0.00352137
0.00160759
0.00260091
0.00291298
0.00150155
0.00445734
0.000478838
0.00555635
0.00412414
0.000240153
-0.00076559
0.000754438
-0.00186488
0.00137951
-0.00255025
0.00199364
-0.0028584
0.00251578
-0.00285624
0.00290631
-0.00263687
0.00316195
-0.0022997
0.0033035
-0.00192733
0.00336203
-0.00157336
0.00336725
-0.00125958
0.0033386
-0.00097701
0.00327896
-0.000687388
0.00317125
-0.00032499
0.00297436
0.000198984
0.00265265
0.000979462
0.00216718
0.00209324
0.00152137
0.00355897
0.000797481
0.00518143
0.000202725
0.00615131
0.00432698
0.000212878
-0.000978409
0.000612623
-0.00226442
0.001035
-0.00297219
0.00137425
-0.00319692
0.00157264
-0.00305366
0.00162047
-0.00268363
0.00154644
-0.00222463
0.00139829
-0.00177823
0.00122535
-0.00139961
0.00106593
-0.00109949
0.000940359
-0.000850879
0.000848476
-0.000595029
0.00077077
-0.000246875
0.00067529
0.000294803
0.000533055
0.00112199
0.000330833
0.00229573
9.45978e-05
0.00379547
-9.49536e-05
0.00537129
-0.000127064
0.00618366
0.00420001
9.7524e-05
-0.00107584
0.000203261
-0.0023698
0.000213981
-0.00298215
8.31343e-05
-0.00306486
-0.000189503
-0.00277948
-0.000567917
-0.00230361
-0.00099453
-0.00179658
-0.00141062
-0.00136098
-0.00177143
-0.0010379
-0.00205196
-0.000818239
-0.00224556
-0.000656667
-0.00235812
-0.000481901
-0.00240065
-0.000203812
-0.00237574
0.000270381
-0.002277
0.00102368
-0.00208222
0.00210136
-0.00174583
0.00345947
-0.00121537
0.00484118
-0.000525262
0.00549381
0.00367485
-0.00014304
-0.000932647
-0.000541235
-0.00197103
-0.00114047
-0.0023817
-0.00187369
-0.00232979
-0.00266359
-0.00198742
-0.00343414
-0.001531
-0.00412932
-0.00109971
-0.00471795
-0.00077104
-0.00519071
-0.000564114
-0.00555164
-0.000456447
-0.00580711
-0.000400412
-0.00595463
-0.000333633
-0.0059737
-0.000184017
-0.00582557
0.000122919
-0.00545132
0.00065006
-0.00478992
0.00144051
-0.00378661
0.00245665
-0.00244514
0.00350011
-0.000963631
0.00401258
0.00271132
-0.000447051
-0.000485377
-0.00142133
-0.000995918
-0.00263795
-0.00116339
-0.00388573
-0.00107957
-0.00501775
-0.000852684
-0.00595679
-0.000589438
-0.00668926
-0.000365128
-0.00724391
-0.000214722
-0.0076665
-0.000140201
-0.00799814
-0.000123719
-0.00825903
-0.000138572
-0.00843818
-0.00015362
-0.00848642
-0.000134946
-0.008323
-3.96887e-05
-0.00783756
0.000165327
-0.00690989
0.000513464
-0.00545406
0.00100134
-0.00349431
0.00154077
-0.00134848
0.00186703
0.00136296
-0.000485152
-0.00148018
-0.00264174
-0.00371862
-0.00456822
-0.00515465
-0.00551712
-0.00572962
-0.00586803
-0.00599032
-0.00612772
-0.00628037
-0.00641448
-0.00645343
-0.00628743
-0.00577338
-0.00477155
-0.00323039
-0.00136308
)
;

boundaryField
{
    leftWall
    {
        type            calculated;
        value           nonuniform List<scalar> 10(0 0 0 0 -3.38813e-21 0 0 0 0 0);
    }
    rightWall
    {
        type            calculated;
        value           uniform 0;
    }
    topWall
    {
        type            calculated;
        value           uniform 0;
    }
    bottomWall
    {
        type            calculated;
        value           uniform 0;
    }
    frontAndBackPlanes
    {
        type            empty;
    }
}


// ************************************************************************* //
