/*--------------------------------*- C++ -*----------------------------------*\
| =========                 |                                                 |
| \\      /  F ield         | OpenFOAM: The Open Source CFD Toolbox           |
|  \\    /   O peration     | Version:  2506                                  |
|   \\  /    A nd           | Website:  www.openfoam.com                      |
|    \\/     M anipulation  |                                                 |
\*---------------------------------------------------------------------------*/
FoamFile
{
    version     2.0;
    format      ascii;
    arch        "LSB;label=32;scalar=64";
    class       surfaceScalarField;
    location    "134.8";
    object      phi;
}
// * * * * * * * * * * * * * * * * * * * * * * * * * * * * * * * * * * * * * //

dimensions      [1 0 -1 0 0 0 0];

oriented        oriented;

internalField   nonuniform List<scalar> 
370
(
0.000366812
-0.000395634
0.000943187
-0.000576324
0.0014358
-0.000492543
0.00176714
-0.000331247
0.00194967
-0.000182429
0.00202909
-7.93047e-05
0.00205471
-2.55057e-05
0.00206652
-1.16807e-05
0.00209269
-2.60332e-05
0.00215207
-5.92375e-05
0.00225581
-0.000103589
0.00240969
-0.000153728
0.00261365
-0.000203795
0.00285597
-0.00024215
0.0030998
-0.000243658
0.00325772
-0.000157742
0.00316461
9.32888e-05
0.00261066
0.000554125
0.00140733
0.00120348
0.00140742
0.000479
-0.000874607
0.00127445
-0.0013717
0.00202414
-0.00124214
0.00259321
-0.000900191
0.00297001
-0.000559104
0.00319557
-0.000304736
0.00332428
-0.000154072
0.00340529
-9.25526e-05
0.00347504
-9.56387e-05
0.00355551
-0.000139557
0.00365677
-0.000204701
0.00377742
-0.000274221
0.00390214
-0.000328353
0.00399516
-0.000335011
0.00398967
-0.000237997
0.00378093
5.11734e-05
0.00323488
0.000639513
0.00222861
0.00156058
0.000895572
0.00253667
0.00230306
0.000447623
-0.0013222
0.0011705
-0.00209448
0.00184958
-0.00192109
0.00237055
-0.00142101
0.00272649
-0.000914888
0.00295301
-0.000531093
0.00309375
-0.000294645
0.00318533
-0.00018397
0.00325283
-0.000162978
0.00331001
-0.000196563
0.00336061
-0.000255138
0.00339851
-0.000311951
0.00340519
-0.000334864
0.00334493
-0.000274584
0.00316106
-5.39481e-05
0.00278388
0.000428529
0.00216339
0.00126019
0.00131497
0.00240917
0.000441012
0.00341078
0.00274414
0.000372507
-0.00169466
0.000933486
-0.00265535
0.00142346
-0.00241091
0.0017724
-0.00176978
0.0019957
-0.001138
0.00213233
-0.000667547
0.00221717
-0.000379298
0.00227283
-0.000239451
0.0023109
-0.000200871
0.00233553
-0.000221012
0.00234595
-0.000265375
0.0023363
-0.000302126
0.00229283
-0.000291213
0.00219014
-0.000171711
0.00199127
0.000145106
0.00166222
0.000757764
0.00119039
0.0017322
0.00063146
0.00296828
0.000155464
0.00388692
0.00289967
0.000277877
-0.0019725
0.000631083
-0.00300844
0.000880717
-0.00266038
0.00101431
-0.00190319
0.00107295
-0.00119645
0.00109712
-0.000691533
0.00111004
-0.000392023
0.00111928
-0.000248512
0.00112443
-0.000205834
0.00112298
-0.000219376
0.00111254
-0.000254755
0.00108936
-0.000278767
0.00104475
-0.000246418
0.000962305
-8.90864e-05
0.000820516
0.000287083
0.000605827
0.000972643
0.00033366
0.00200456
7.53522e-05
0.00322676
-5.122e-05
0.00401363
0.00284851
0.000161296
-0.00213375
0.000259955
-0.00310697
0.000232928
-0.00263318
0.000136038
-0.00180611
2.9411e-05
-0.00108963
-5.70825e-05
-0.000604853
-0.000118234
-0.000330689
-0.0001609
-0.000205666
-0.000193459
-0.000173096
-0.00022143
-0.000191227
-0.000247969
-0.000228038
-0.000276605
-0.000249953
-0.000313465
-0.000209378
-0.000366524
-3.58447e-05
-0.000436359
0.000357107
-0.000509478
0.00104595
-0.000543397
0.00203867
-0.000469071
0.00315261
-0.000243992
0.00378868
0.00260457
-1.46783e-05
-0.00211901
-0.000235261
-0.00288626
-0.000576969
-0.0022913
-0.000916092
-0.00146681
-0.0011893
-0.000816242
-0.00138712
-0.000406858
-0.0015256
-0.000192035
-0.00162411
-0.000106981
-0.00169716
-9.98785e-05
-0.00175409
-0.000134125
-0.00180068
-0.00018128
-0.00184059
-0.000209871
-0.00187378
-0.00017601
-0.00189162
-1.78351e-05
-0.00186495
0.000330623
-0.00175033
0.000931511
-0.00148839
0.0017769
-0.00103412
0.0026985
-0.000437868
0.00319255
0.00216674
-0.000284657
-0.0018343
-0.000931547
-0.00223923
-0.00162589
-0.00159679
-0.00219681
-0.000895711
-0.00260635
-0.000406531
-0.00288063
-0.000132401
-0.00306052
-1.19809e-05
-0.00318094
1.3601e-05
-0.00326807
-1.25812e-05
-0.00333834
-6.37026e-05
-0.0034001
-0.000119363
-0.00345252
-0.000157295
-0.00348177
-0.000146605
-0.00345385
-4.55925e-05
-0.00331568
0.000192605
-0.00299583
0.000611824
-0.0024275
0.00120872
-0.00159488
0.00186601
-0.00063379
0.00223156
0.001533
-0.000710368
-0.00112387
-0.00185043
-0.00109903
-0.00281337
-0.000633686
-0.00345184
-0.000257072
-0.00381448
-4.37176e-05
-0.00400374
5.70139e-05
-0.00409698
8.1414e-05
-0.00414821
6.49834e-05
-0.00419092
3.02684e-05
-0.00424331
-1.1169e-05
-0.00431099
-5.15549e-05
-0.0043849
-8.32515e-05
-0.00443792
-9.34515e-05
-0.00441874
-6.4653e-05
-0.00425315
2.71387e-05
-0.00384191
0.000200709
-0.00310211
0.000469037
-0.002023
0.000786997
-0.00079028
0.000998924
0.000742748
-0.0011238
-0.00222269
-0.00285621
-0.00311312
-0.00315667
-0.00309951
-0.00301795
-0.00295283
-0.00292243
-0.00293347
-0.00298491
-0.00306805
-0.0031614
-0.00322595
-0.00319872
-0.00299793
-0.00252881
-0.00174175
-0.000742771
)
;

boundaryField
{
    leftWall
    {
        type            calculated;
        value           nonuniform List<scalar> 10(0 0 0 0 2.1684e-19 0 0 0 0 0);
    }
    rightWall
    {
        type            calculated;
        value           nonuniform List<scalar> 10(0 0 0 4.33681e-19 0 0 4.33681e-19 -4.33681e-19 0 0);
    }
    topWall
    {
        type            calculated;
        value           uniform 0;
    }
    bottomWall
    {
        type            calculated;
        value           uniform 0;
    }
    frontAndBackPlanes
    {
        type            empty;
    }
}


// ************************************************************************* //
