/*--------------------------------*- C++ -*----------------------------------*\
| =========                 |                                                 |
| \\      /  F ield         | OpenFOAM: The Open Source CFD Toolbox           |
|  \\    /   O peration     | Version:  2506                                  |
|   \\  /    A nd           | Website:  www.openfoam.com                      |
|    \\/     M anipulation  |                                                 |
\*---------------------------------------------------------------------------*/
FoamFile
{
    version     2.0;
    format      ascii;
    arch        "LSB;label=32;scalar=64";
    class       volVectorField;
    location    "134.8";
    object      U;
}
// * * * * * * * * * * * * * * * * * * * * * * * * * * * * * * * * * * * * * //

dimensions      [0 1 -1 0 0 0 0];

internalField   nonuniform List<vector> 
200
(
(0.000561205 -0.00135848 0)
(0.0027381 -0.0017186 0)
(0.00500928 -0.00125457 0)
(0.0067899 -0.000663391 0)
(0.00786198 -0.000210923 0)
(0.00837569 4.81114e-05 0)
(0.00855655 0.000139767 0)
(0.00860302 0.000112289 0)
(0.00866004 1.01022e-05 0)
(0.0088246 -0.000136345 0)
(0.00915762 -0.000313089 0)
(0.00969468 -0.000517112 0)
(0.0104518 -0.00074557 0)
(0.0114147 -0.000978167 0)
(0.0124979 -0.00114646 0)
(0.0134497 -0.00108007 0)
(0.013724 -0.00043285 0)
(0.0124599 0.00129276 0)
(0.00881587 0.00414051 0)
(0.00263082 0.00559189 0)
(0.000575021 -0.00531119 0)
(0.00364502 -0.00814777 0)
(0.00696302 -0.00721212 0)
(0.00978606 -0.00505844 0)
(0.0117694 -0.00297161 0)
(0.0129914 -0.00146075 0)
(0.0136824 -0.000615271 0)
(0.0140774 -0.00033517 0)
(0.0143616 -0.000463966 0)
(0.014658 -0.000855699 0)
(0.0150326 -0.00139804 0)
(0.015504 -0.00200194 0)
(0.0160408 -0.00256377 0)
(0.0165442 -0.00289964 0)
(0.0168123 -0.00265188 0)
(0.0164883 -0.00118713 0)
(0.0150053 0.00239148 0)
(0.0117636 0.00869462 0)
(0.00677076 0.0161899 0)
(0.00114012 0.016093 0)
(0.00053184 -0.00925173 0)
(0.00337469 -0.0146882 0)
(0.00637978 -0.0134882 0)
(0.00894518 -0.00996121 0)
(0.0107851 -0.00636916 0)
(0.0119731 -0.00363849 0)
(0.0127013 -0.00196704 0)
(0.0131533 -0.00121582 0)
(0.0134635 -0.00113394 0)
(0.0137131 -0.00147112 0)
(0.013938 -0.00201492 0)
(0.0141341 -0.00257533 0)
(0.014253 -0.0029269 0)
(0.0141865 -0.0027172 0)
(0.0137432 -0.00136528 0)
(0.0126212 0.00196828 0)
(0.0105547 0.00809712 0)
(0.00741197 0.0170397 0)
(0.00362802 0.0255525 0)
(0.000407574 0.0216313 0)
(0.000457673 -0.0127207 0)
(0.00275993 -0.0201759 0)
(0.00500339 -0.0185305 0)
(0.00678794 -0.0137515 0)
(0.00797905 -0.00892251 0)
(0.00870386 -0.00525983 0)
(0.00913763 -0.00298508 0)
(0.00941069 -0.00188119 0)
(0.00959545 -0.00160106 0)
(0.00972264 -0.0018125 0)
(0.00979802 -0.00223771 0)
(0.00980874 -0.00262243 0)
(0.00971696 -0.00265613 0)
(0.00944367 -0.0018677 0)
(0.00884485 0.000450903 0)
(0.00776167 0.00514703 0)
(0.00607233 0.0128705 0)
(0.00382418 0.0230418 0)
(0.001484 0.0311847 0)
(4.28034e-05 0.024039 0)
(0.000370102 -0.0154682 0)
(0.0019763 -0.0240651 0)
(0.00324517 -0.0216949 0)
(0.0040416 -0.0158189 0)
(0.00442243 -0.0101258 0)
(0.00457017 -0.00594182 0)
(0.00463009 -0.00339823 0)
(0.00466881 -0.00215511 0)
(0.00469749 -0.00177907 0)
(0.00470632 -0.00189582 0)
(0.00468417 -0.00220934 0)
(0.00461979 -0.00244221 0)
(0.00448994 -0.00223318 0)
(0.00424313 -0.00103107 0)
(0.00378236 0.00194089 0)
(0.00303628 0.00748905 0)
(0.00198702 0.0160526 0)
(0.000797546 0.0265232 0)
(-0.000130834 0.0337193 0)
(-0.000180904 0.0244348 0)
(0.000266747 -0.0173546 0)
(0.00100299 -0.0260624 0)
(0.00110982 -0.0227248 0)
(0.00080502 -0.0160213 0)
(0.000344473 -0.00992843 0)
(-7.65554e-05 -0.00566399 0)
(-0.000385317 -0.00318292 0)
(-0.0005966 -0.00201155 0)
(-0.000748065 -0.00166637 0)
(-0.000870416 -0.00177681 0)
(-0.000981162 -0.00206093 0)
(-0.00109308 -0.00223477 0)
(-0.00122643 -0.00190048 0)
(-0.00141257 -0.000458824 0)
(-0.00168484 0.00287308 0)
(-0.00200902 0.00879632 0)
(-0.00226679 0.0174715 0)
(-0.00221741 0.0274026 0)
(-0.00162158 0.033345 0)
(-0.000363509 0.0232033 0)
(0.000129427 -0.018055 0)
(-0.000330435 -0.0257025 0)
(-0.00165491 -0.0212572 0)
(-0.00316309 -0.0141987 0)
(-0.00447329 -0.00831787 0)
(-0.00545656 -0.00445784 0)
(-0.00614511 -0.00233435 0)
(-0.00662485 -0.00140727 0)
(-0.00697163 -0.00121182 0)
(-0.00723593 -0.00141286 0)
(-0.00744872 -0.00174962 0)
(-0.00763098 -0.00193813 0)
(-0.00779482 -0.00157841 0)
(-0.00792661 -0.000105625 0)
(-0.00794762 0.00315385 0)
(-0.00769225 0.00874294 0)
(-0.00692256 0.0166292 0)
(-0.00540723 0.0252751 0)
(-0.00317827 0.0299605 0)
(-0.000572813 0.020355 0)
(-0.000213077 -0.0169283 0)
(-0.00243392 -0.0221624 0)
(-0.00540497 -0.0168851 0)
(-0.00814108 -0.0102602 0)
(-0.0102031 -0.00529113 0)
(-0.0116049 -0.00231051 0)
(-0.0125188 -0.000850151 0)
(-0.0131182 -0.000367521 0)
(-0.0135321 -0.000453912 0)
(-0.0138507 -0.000828124 0)
(-0.0141257 -0.00127139 0)
(-0.014376 -0.00154344 0)
(-0.014577 -0.00131587 0)
(-0.0146353 -0.000150085 0)
(-0.0143473 0.00245341 0)
(-0.0134379 0.00689969 0)
(-0.0115786 0.013111 0)
(-0.0085794 0.0198315 0)
(-0.00473502 0.023383 0)
(-0.000792332 0.0158289 0)
(-0.000865369 -0.0128513 0)
(-0.00545254 -0.0146013 0)
(-0.00998856 -0.00949336 0)
(-0.0133897 -0.00453896 0)
(-0.0154435 -0.00138611 0)
(-0.0165225 0.000162787 0)
(-0.0170476 0.000670659 0)
(-0.0173074 0.00059885 0)
(-0.017482 0.000236306 0)
(-0.0176728 -0.000248651 0)
(-0.0179285 -0.000733062 0)
(-0.0182468 -0.00108366 0)
(-0.0185574 -0.00111665 0)
(-0.0187024 -0.000580429 0)
(-0.0184012 0.000831599 0)
(-0.0172559 0.0034168 0)
(-0.0148418 0.00718616 0)
(-0.010937 0.0114284 0)
(-0.00596872 0.0139327 0)
(-0.0010023 0.00974623 0)
(-0.00206496 -0.00440335 0)
(-0.0072694 -0.0037735 0)
(-0.0109137 -0.001679 0)
(-0.0127634 -0.000231017 0)
(-0.0133062 0.000434595 0)
(-0.0131913 0.0006076 0)
(-0.0128454 0.000546706 0)
(-0.0125078 0.000396419 0)
(-0.0122941 0.000219913 0)
(-0.012251 3.82867e-05 0)
(-0.0123898 -0.000138778 0)
(-0.0126905 -0.000298034 0)
(-0.0130945 -0.000414146 0)
(-0.013478 -0.000439735 0)
(-0.0136245 -0.000293935 0)
(-0.013212 0.000149768 0)
(-0.0118183 0.000991528 0)
(-0.00911092 0.00217545 0)
(-0.00530475 0.00320281 0)
(-0.00125233 0.002688 0)
)
;

boundaryField
{
    leftWall
    {
        type            fixedValue;
        value           uniform (0 0 0);
    }
    rightWall
    {
        type            fixedValue;
        value           uniform (0 0 0);
    }
    topWall
    {
        type            fixedValue;
        value           uniform (0 0 0);
    }
    bottomWall
    {
        type            fixedValue;
        value           uniform (0 0 0);
    }
    frontAndBackPlanes
    {
        type            empty;
    }
}


// ************************************************************************* //
