/*--------------------------------*- C++ -*----------------------------------*\
| =========                 |                                                 |
| \\      /  F ield         | OpenFOAM: The Open Source CFD Toolbox           |
|  \\    /   O peration     | Version:  2506                                  |
|   \\  /    A nd           | Website:  www.openfoam.com                      |
|    \\/     M anipulation  |                                                 |
\*---------------------------------------------------------------------------*/
FoamFile
{
    version     2.0;
    format      ascii;
    arch        "LSB;label=32;scalar=64";
    class       surfaceScalarField;
    location    "25.4";
    object      phi;
}
// * * * * * * * * * * * * * * * * * * * * * * * * * * * * * * * * * * * * * //

dimensions      [1 0 -1 0 0 0 0];

oriented        oriented;

internalField   nonuniform List<scalar> 
370
(
-6.96406e-05
-3.7268e-05
3.83868e-05
-0.000108029
0.000222482
-0.000184097
0.000477515
-0.000255037
0.00078551
-0.000308001
0.00112515
-0.000339649
0.00147651
-0.000351373
0.00182388
-0.000347382
0.00215741
-0.000333537
0.00247343
-0.000316033
0.00277349
-0.000300068
0.00306204
-0.000288567
0.00334166
-0.000279633
0.00360579
-0.000264142
0.00382514
-0.000219365
0.00391813
-9.29951e-05
0.00374186
0.000176279
0.00306756
0.000674322
0.00167278
0.00139482
0.00167281
7.22526e-05
-0.000109517
0.000316094
-0.00035186
0.000710613
-0.000578601
0.00122146
-0.000765869
0.00181092
-0.000897437
0.00243964
-0.000968354
0.00307127
-0.000982983
0.00367605
-0.000952142
0.0042322
-0.000889669
0.00472494
-0.000808756
0.00514337
-0.000718479
0.00547536
-0.000620546
0.00570136
-0.000505623
0.00578541
-0.000348183
0.00566428
-9.82324e-05
0.00524501
0.00032627
0.00439296
0.00102833
0.00299912
0.00206818
0.00121665
0.00317733
0.0028895
0.000137449
-0.000246957
0.000493779
-0.000708163
0.00101892
-0.0011037
0.00165892
-0.00140582
0.0023609
-0.00159935
0.00307547
-0.00168286
0.00376055
-0.00166798
0.00438407
-0.00157557
0.00492421
-0.00142972
0.00536673
-0.00125119
0.00570004
-0.00105171
0.0059088
-0.000829233
0.00596696
-0.000563721
0.00583169
-0.00021286
0.00544077
0.000292713
0.00472839
0.00103867
0.00364978
0.00210696
0.00224806
0.00346993
0.00080194
0.00462351
0.00369148
0.000170467
-0.000417407
0.000585708
-0.00112336
0.00116423
-0.00168215
0.00183464
-0.00207615
0.00253282
-0.00229739
0.00320352
-0.00235339
0.00380461
-0.00226886
0.00430966
-0.00208039
0.00470676
-0.00182657
0.0049936
-0.00153779
0.00517025
-0.00122814
0.00523098
-0.000889769
0.00515658
-0.000489171
0.00491273
3.11155e-05
0.00444893
0.000756596
0.00372874
0.00175893
0.00274562
0.00309013
0.00158397
0.00463163
0.000507599
0.00569995
0.00419914
0.000180172
-0.000597555
0.000589251
-0.00153237
0.00112835
-0.00222114
0.00171874
-0.00266636
0.00229338
-0.00287177
0.00279851
-0.00285815
0.00319966
-0.00266954
0.00348458
-0.00236479
0.00365992
-0.00200139
0.00374296
-0.00162035
0.0037512
-0.00123596
0.00369232
-0.000830537
0.00355698
-0.000353552
0.00331389
0.000274429
0.00293107
0.00113958
0.00237862
0.00231149
0.00166556
0.00380328
0.00087951
0.00541778
0.00023054
0.00634903
0.00442975
0.00014819
-0.000745713
0.000451226
-0.00183531
0.000816964
-0.0025867
0.00117829
-0.00302736
0.00147938
-0.00317232
0.00167965
-0.00305764
0.00176341
-0.00275237
0.00174168
-0.00234208
0.00164512
-0.00190392
0.00151117
-0.00148562
0.00137064
-0.0010948
0.0012377
-0.0006971
0.00110525
-0.000220719
0.000949905
0.000430077
0.000748655
0.00134107
0.000490799
0.00256953
0.000202737
0.0040915
-3.40465e-05
0.00565477
-0.00010706
0.0064222
0.00432275
4.5922e-05
-0.000791595
9.71031e-05
-0.00188636
0.000109154
-0.00259846
5.23673e-05
-0.00296997
-9.61263e-05
-0.00302279
-0.000343671
-0.00280865
-0.000674353
-0.00242005
-0.00105027
-0.00196459
-0.001424
-0.00152886
-0.00175323
-0.00115537
-0.00201054
-0.000836735
-0.00218566
-0.000521411
-0.00228154
-0.000124368
-0.00229475
0.000443708
-0.00222111
0.0012678
-0.00204224
0.00239099
-0.00171831
0.00376787
-0.00120183
0.00513856
-0.000521456
0.00574202
0.00380136
-0.000145805
-0.000645738
-0.000507962
-0.00152401
-0.00103019
-0.00207572
-0.00167174
-0.00232732
-0.00239519
-0.00229753
-0.00315608
-0.00204545
-0.00390369
-0.00167001
-0.00459013
-0.001276
-0.00517906
-0.000938213
-0.00564891
-0.000684233
-0.00598849
-0.000496173
-0.00618715
-0.000321963
-0.00622421
-8.66227e-05
-0.00606114
0.000281243
-0.00565107
0.000858274
-0.00494195
0.00168235
-0.00388823
0.00271456
-0.00250079
0.00375146
-0.000982197
0.00422366
0.00281925
-0.000347405
-0.000298276
-0.00114018
-0.000730965
-0.00220732
-0.00100779
-0.003413
-0.00111996
-0.0046346
-0.0010733
-0.00577008
-0.00090674
-0.00675113
-0.000685687
-0.00754989
-0.000474336
-0.00817229
-0.00031347
-0.00864062
-0.000214069
-0.00897291
-0.000162454
-0.00916443
-0.000129299
-0.0091727
-7.73957e-05
-0.00893288
4.22633e-05
-0.0083412
0.000267338
-0.00729274
0.000634522
-0.00571206
0.00113442
-0.00363476
0.00167458
-0.00139346
0.00198265
0.00142591
-0.000298236
-0.00102896
-0.00203597
-0.00315418
-0.00422465
-0.00512778
-0.00580963
-0.00628035
-0.00659068
-0.00680216
-0.00696253
-0.00709017
-0.00716622
-0.00712283
-0.00685455
-0.00621924
-0.00508418
-0.00340909
-0.00142608
)
;

boundaryField
{
    leftWall
    {
        type            calculated;
        value           uniform 0;
    }
    rightWall
    {
        type            calculated;
        value           nonuniform List<scalar> 10(0 0 -4.33681e-19 0 0 0 0 -8.67362e-19 0 0);
    }
    topWall
    {
        type            calculated;
        value           uniform 0;
    }
    bottomWall
    {
        type            calculated;
        value           uniform 0;
    }
    frontAndBackPlanes
    {
        type            empty;
    }
}


// ************************************************************************* //
