/*--------------------------------*- C++ -*----------------------------------*\
| =========                 |                                                 |
| \\      /  F ield         | OpenFOAM: The Open Source CFD Toolbox           |
|  \\    /   O peration     | Version:  2506                                  |
|   \\  /    A nd           | Website:  www.openfoam.com                      |
|    \\/     M anipulation  |                                                 |
\*---------------------------------------------------------------------------*/
FoamFile
{
    version     2.0;
    format      ascii;
    arch        "LSB;label=32;scalar=64";
    class       volVectorField;
    location    "25.4";
    object      U;
}
// * * * * * * * * * * * * * * * * * * * * * * * * * * * * * * * * * * * * * //

dimensions      [0 1 -1 0 0 0 0];

internalField   nonuniform List<vector> 
200
(
(-0.000251406 -8.25492e-05 0)
(-0.000173459 -0.000203545 0)
(0.000443565 -0.000317992 0)
(0.00140977 -0.000466255 0)
(0.00259691 -0.000587519 0)
(0.00396075 -0.000661475 0)
(0.00541545 -0.000692491 0)
(0.00688295 -0.000693749 0)
(0.00830846 -0.000683643 0)
(0.00966423 -0.000682594 0)
(0.0109476 -0.000709533 0)
(0.0121744 -0.000778502 0)
(0.0133656 -0.000893932 0)
(0.0145246 -0.00103988 0)
(0.0155917 -0.00115527 0)
(0.0163496 -0.00107565 0)
(0.0163236 -0.000429809 0)
(0.0146559 0.0013761 0)
(0.0103874 0.00457896 0)
(0.00310108 0.00652272 0)
(2.28563e-05 -0.000521201 0)
(0.000656655 -0.00169624 0)
(0.00200768 -0.0028735 0)
(0.00393025 -0.00391705 0)
(0.00626046 -0.00468868 0)
(0.00883396 -0.00514491 0)
(0.0114906 -0.00530286 0)
(0.014091 -0.00522078 0)
(0.0165275 -0.00497893 0)
(0.0187259 -0.00465931 0)
(0.0206362 -0.00432572 0)
(0.0222155 -0.00400412 0)
(0.0234047 -0.00365825 0)
(0.0240983 -0.00314943 0)
(0.0241039 -0.00216427 0)
(0.0230942 -9.89178e-05 0)
(0.0205342 0.0039753 0)
(0.0158428 0.0108821 0)
(0.00909965 0.0193457 0)
(0.00156137 0.0195108 0)
(0.00010363 -0.00141127 0)
(0.00115128 -0.00424942 0)
(0.00301064 -0.00682613 0)
(0.00548843 -0.00888977 0)
(0.00833531 -0.010296 0)
(0.0113301 -0.011008 0)
(0.0142809 -0.0110825 0)
(0.0170331 -0.0106423 0)
(0.0194757 -0.00983854 0)
(0.0215368 -0.00880907 0)
(0.0231671 -0.00764086 0)
(0.0243168 -0.00633576 0)
(0.0249072 -0.00477497 0)
(0.0248035 -0.00267261 0)
(0.0237738 0.000489312 0)
(0.021528 0.00544906 0)
(0.0177978 0.0130053 0)
(0.0125133 0.0233149 0)
(0.0063326 0.0330709 0)
(0.000832628 0.0279884 0)
(0.000138843 -0.00274278 0)
(0.00141426 -0.00759857 0)
(0.00352032 -0.0116093 0)
(0.00618406 -0.0145731 0)
(0.00909301 -0.0163801 0)
(0.01199 -0.017045 0)
(0.0146717 -0.0167076 0)
(0.0169957 -0.015596 0)
(0.0188847 -0.0139627 0)
(0.0203134 -0.0120164 0)
(0.0212835 -0.00986584 0)
(0.0217903 -0.00747501 0)
(0.0217926 -0.0046272 0)
(0.0211823 -0.000895887 0)
(0.0197383 0.00434272 0)
(0.0173008 0.0117769 0)
(0.0137213 0.0219682 0)
(0.00910352 0.0343041 0)
(0.00418433 0.0437618 0)
(0.000438752 0.0334737 0)
(0.000164966 -0.00426571 0)
(0.00147394 -0.0111932 0)
(0.00349256 -0.0164931 0)
(0.0059084 -0.0200911 0)
(0.0083902 -0.0219611 0)
(0.0106786 -0.0222142 0)
(0.012589 -0.0211272 0)
(0.0140249 -0.0190874 0)
(0.0149779 -0.0164889 0)
(0.0155041 -0.0136295 0)
(0.0156839 -0.0106346 0)
(0.0155808 -0.00740843 0)
(0.0152033 -0.00360892 0)
(0.0144381 0.00134195 0)
(0.013163 0.00811066 0)
(0.011231 0.0173453 0)
(0.00855958 0.029315 0)
(0.00530114 0.0426928 0)
(0.00208869 0.0511757 0)
(0.000108683 0.0366204 0)
(0.000160366 -0.00572836 0)
(0.00118883 -0.0143952 0)
(0.00262122 -0.0205779 0)
(0.00418246 -0.0244011 0)
(0.00559918 -0.0259486 0)
(0.00666499 -0.025459 0)
(0.00726128 -0.0233966 0)
(0.00737904 -0.0203584 0)
(0.00710936 -0.01691 0)
(0.0066018 -0.0134366 0)
(0.00600777 -0.01005 0)
(0.00543145 -0.00654712 0)
(0.00489841 -0.00241462 0)
(0.00430259 0.00309181 0)
(0.00357747 0.0107056 0)
(0.00262733 0.0209866 0)
(0.00146326 0.0338857 0)
(0.000276137 0.0474555 0)
(-0.00050223 0.0545906 0)
(-0.000265937 0.0372644 0)
(8.72021e-05 -0.00664891 0)
(0.000342595 -0.0161336 0)
(0.000494247 -0.0224891 0)
(0.000412477 -0.0260218 0)
(-1.20621e-05 -0.0268996 0)
(-0.000849818 -0.0254872 0)
(-0.00208002 -0.0224717 0)
(-0.00358403 -0.0186878 0)
(-0.00518052 -0.0148541 0)
(-0.00667682 -0.0113743 0)
(-0.00792288 -0.00825711 0)
(-0.00883931 -0.00512837 0)
(-0.00940988 -0.00130798 0)
(-0.00965363 0.00402819 0)
(-0.00953108 0.0115819 0)
(-0.00900719 0.0217605 0)
(-0.00795034 0.0342191 0)
(-0.00618729 0.0467036 0)
(-0.0037199 0.0523469 0)
(-0.000726658 0.0347659 0)
(-0.000102123 -0.00630184 0)
(-0.00118585 -0.0149817 0)
(-0.00304722 -0.0205026 0)
(-0.00553146 -0.0231766 0)
(-0.00843828 -0.0232101 0)
(-0.0115857 -0.0211034 0)
(-0.0147749 -0.0177023 0)
(-0.0178007 -0.0139436 0)
(-0.0204877 -0.0105374 0)
(-0.0227164 -0.00778537 0)
(-0.024424 -0.00556266 0)
(-0.0255769 -0.00340131 0)
(-0.0261218 -0.000613167 0)
(-0.0258969 0.00355608 0)
(-0.0247328 0.00973877 0)
(-0.0224054 0.0182432 0)
(-0.018674 0.028653 0)
(-0.0134748 0.0389142 0)
(-0.00733678 0.0432736 0)
(-0.0012547 0.0284982 0)
(-0.00033514 -0.00417708 0)
(-0.00280623 -0.0100261 0)
(-0.00675293 -0.013699 0)
(-0.0116243 -0.0152425 0)
(-0.016811 -0.0147765 0)
(-0.0218197 -0.0127737 0)
(-0.0262911 -0.010005 0)
(-0.0300288 -0.00725325 0)
(-0.032998 -0.00504643 0)
(-0.0352726 -0.00354966 0)
(-0.0369534 -0.00260181 0)
(-0.0380835 -0.0018148 0)
(-0.0385822 -0.000672332 0)
(-0.038188 0.00139613 0)
(-0.0365275 0.00492995 0)
(-0.0331354 0.010212 0)
(-0.0275705 0.0169905 0)
(-0.0197539 0.0239109 0)
(-0.0105751 0.027246 0)
(-0.00177634 0.0183974 0)
(-0.000351913 -0.000946741 0)
(-0.00250115 -0.00224341 0)
(-0.00620815 -0.00305212 0)
(-0.0107745 -0.00333116 0)
(-0.0154567 -0.00307772 0)
(-0.0196507 -0.00243066 0)
(-0.0229912 -0.00163547 0)
(-0.0253953 -0.000929994 0)
(-0.0270058 -0.000460645 0)
(-0.0280747 -0.000265072 0)
(-0.0288463 -0.000295802 0)
(-0.0294715 -0.00045113 0)
(-0.0299541 -0.000594425 0)
(-0.0301118 -0.000551805 0)
(-0.029572 -9.1252e-05 0)
(-0.0277616 0.000989043 0)
(-0.0240296 0.00277032 0)
(-0.0179914 0.00501759 0)
(-0.010248 0.00671726 0)
(-0.00241902 0.00530914 0)
)
;

boundaryField
{
    leftWall
    {
        type            fixedValue;
        value           uniform (0 0 0);
    }
    rightWall
    {
        type            fixedValue;
        value           uniform (0 0 0);
    }
    topWall
    {
        type            fixedValue;
        value           uniform (0 0 0);
    }
    bottomWall
    {
        type            fixedValue;
        value           uniform (0 0 0);
    }
    frontAndBackPlanes
    {
        type            empty;
    }
}


// ************************************************************************* //
