/*--------------------------------*- C++ -*----------------------------------*\
| =========                 |                                                 |
| \\      /  F ield         | OpenFOAM: The Open Source CFD Toolbox           |
|  \\    /   O peration     | Version:  2506                                  |
|   \\  /    A nd           | Website:  www.openfoam.com                      |
|    \\/     M anipulation  |                                                 |
\*---------------------------------------------------------------------------*/
FoamFile
{
    version     2.0;
    format      ascii;
    arch        "LSB;label=32;scalar=64";
    class       volVectorField;
    location    "144.2";
    object      U;
}
// * * * * * * * * * * * * * * * * * * * * * * * * * * * * * * * * * * * * * //

dimensions      [0 1 -1 0 0 0 0];

internalField   nonuniform List<vector> 
200
(
(0.000605646 -0.00143588 0)
(0.00289995 -0.0018094 0)
(0.00527029 -0.00131487 0)
(0.00711414 -0.000687691 0)
(0.00821153 -0.000208996 0)
(0.0087212 6.49355e-05 0)
(0.00888068 0.000163169 0)
(0.00889773 0.000137129 0)
(0.0089218 3.36688e-05 0)
(0.00905202 -0.000114236 0)
(0.00935057 -0.000291438 0)
(0.00985257 -0.00049456 0)
(0.0105728 -0.000720711 0)
(0.0114958 -0.000949756 0)
(0.0125347 -0.0011136 0)
(0.0134378 -0.0010426 0)
(0.0136663 -0.000395248 0)
(0.0123699 0.00131438 0)
(0.00872589 0.00411952 0)
(0.00259722 0.00552276 0)
(0.000600629 -0.00557662 0)
(0.00378841 -0.00851156 0)
(0.00721412 -0.00749181 0)
(0.0101125 -0.00521073 0)
(0.0121309 -0.00301302 0)
(0.0133549 -0.00142467 0)
(0.0140252 -0.000533203 0)
(0.0143864 -0.000230325 0)
(0.0146312 -0.000350479 0)
(0.0148863 -0.000739697 0)
(0.0152189 -0.0012803 0)
(0.0156474 -0.00188029 0)
(0.01614 -0.00243501 0)
(0.0165976 -0.00276136 0)
(0.0168192 -0.00250467 0)
(0.0164498 -0.00103815 0)
(0.0149303 0.00251615 0)
(0.0116743 0.00874441 0)
(0.00670162 0.0161055 0)
(0.00112507 0.0159098 0)
(0.000546695 -0.00964617 0)
(0.00345635 -0.0152371 0)
(0.00651637 -0.013913 0)
(0.00911424 -0.0101942 0)
(0.0109622 -0.00643304 0)
(0.01214 -0.00358269 0)
(0.0128472 -0.00183886 0)
(0.0132731 -0.00105033 0)
(0.0135553 -0.000952563 0)
(0.0137769 -0.00128423 0)
(0.0139741 -0.00182498 0)
(0.0141426 -0.00238021 0)
(0.0142336 -0.00272307 0)
(0.0141387 -0.00250308 0)
(0.0136679 -0.00114625 0)
(0.012524 0.00217001 0)
(0.0104505 0.00823705 0)
(0.0073208 0.0170538 0)
(0.00357182 0.025385 0)
(0.000398267 0.0213763 0)
(0.000464031 -0.0131764 0)
(0.0027838 -0.0207933 0)
(0.00502722 -0.0189878 0)
(0.00679726 -0.0139786 0)
(0.00796538 -0.00895506 0)
(0.00866561 -0.00516082 0)
(0.00907762 -0.00281077 0)
(0.00933306 -0.00167111 0)
(0.0095039 -0.00137823 0)
(0.00961984 -0.00158702 0)
(0.0096856 -0.00201102 0)
(0.00968749 -0.0023912 0)
(0.00958716 -0.00241605 0)
(0.0093058 -0.00161834 0)
(0.00869896 0.000698607 0)
(0.00761868 0.00535538 0)
(0.00594347 0.0129836 0)
(0.00372655 0.022989 0)
(0.00143194 0.0309248 0)
(3.54231e-05 0.0237252 0)
(0.000369342 -0.0159278 0)
(0.00195372 -0.0246516 0)
(0.00318079 -0.0220903 0)
(0.00393004 -0.0159727 0)
(0.0042698 -0.0100914 0)
(0.00438844 -0.00579221 0)
(0.0044319 -0.00319043 0)
(0.00446369 -0.00192529 0)
(0.00449154 -0.001546 0)
(0.00450314 -0.00166606 0)
(0.00448572 -0.0019817 0)
(0.00442697 -0.00221156 0)
(0.00430303 -0.00199457 0)
(0.00406273 -0.00078617 0)
(0.00361149 0.00217356 0)
(0.00288176 0.00766511 0)
(0.00185916 0.0161067 0)
(0.000709256 0.0263823 0)
(-0.000170025 0.0333633 0)
(-0.000183416 0.0240712 0)
(0.0002608 -0.0177748 0)
(0.000948887 -0.0265498 0)
(0.000990175 -0.0230028 0)
(0.000625723 -0.0160719 0)
(0.000124116 -0.00981918 0)
(-0.0003177 -0.00547267 0)
(-0.000632567 -0.00296151 0)
(-0.000841585 -0.00178517 0)
(-0.000985037 -0.00144655 0)
(-0.00109604 -0.00156543 0)
(-0.00119373 -0.00185389 0)
(-0.00129177 -0.0020252 0)
(-0.00141068 -0.00168339 0)
(-0.00158158 -0.000238941 0)
(-0.00183425 0.00307015 0)
(-0.00213175 0.00891941 0)
(-0.00235605 0.0174498 0)
(-0.00226883 0.0271704 0)
(-0.00163825 0.0329105 0)
(-0.000363092 0.0228098 0)
(0.000117379 -0.0184116 0)
(-0.000402909 -0.026053 0)
(-0.00179269 -0.0213982 0)
(-0.00335304 -0.014154 0)
(-0.00469101 -0.00816202 0)
(-0.00568182 -0.00425315 0)
(-0.00636589 -0.00211837 0)
(-0.00683442 -0.00119869 0)
(-0.00716551 -0.00101819 0)
(-0.00741157 -0.00123227 0)
(-0.00760503 -0.0015758 0)
(-0.00776712 -0.00176435 0)
(-0.00790947 -0.00140245 0)
(-0.00801855 6.36039e-05 0)
(-0.00801219 0.00329019 0)
(-0.00772576 0.00879756 0)
(-0.00692749 0.0165381 0)
(-0.00539248 0.0249851 0)
(-0.00315823 0.0294965 0)
(-0.000566641 0.0199679 0)
(-0.000224949 -0.01721 0)
(-0.00250826 -0.0223809 0)
(-0.0055345 -0.0169162 0)
(-0.00830267 -0.0101541 0)
(-0.0103716 -0.00511758 0)
(-0.0117626 -0.00211702 0)
(-0.0126562 -0.000662873 0)
(-0.0132302 -0.000197639 0)
(-0.0136155 -0.000304055 0)
(-0.0139068 -0.000693349 0)
(-0.0141554 -0.00114431 0)
(-0.0143796 -0.00141847 0)
(-0.0145533 -0.00119311 0)
(-0.0145803 -3.97577e-05 0)
(-0.0142612 0.00252822 0)
(-0.0133301 0.00690068 0)
(-0.0114631 0.0129886 0)
(-0.00847708 0.0195471 0)
(-0.00466823 0.0229651 0)
(-0.000778625 0.0154949 0)
(-0.00088249 -0.013044 0)
(-0.0055364 -0.0147034 0)
(-0.0101074 -0.009454 0)
(-0.0135072 -0.0044181 0)
(-0.0155324 -0.00123964 0)
(-0.0165713 0.0003026 0)
(-0.0170551 0.000791679 0)
(-0.0172747 0.000700152 0)
(-0.0174143 0.000322165 0)
(-0.0175732 -0.000173616 0)
(-0.0177985 -0.000663748 0)
(-0.0180875 -0.00101609 0)
(-0.0183689 -0.0010506 0)
(-0.0184856 -0.000522126 0)
(-0.0181608 0.000866761 0)
(-0.017006 0.00340533 0)
(-0.0146058 0.00709599 0)
(-0.0107469 0.0112333 0)
(-0.00585453 0.0136498 0)
(-0.000980572 0.00951865 0)
(-0.00209863 -0.00447271 0)
(-0.00736379 -0.0037955 0)
(-0.0110115 -0.00165535 0)
(-0.0128284 -0.000189433 0)
(-0.0133265 0.00047594 0)
(-0.0131663 0.000639978 0)
(-0.0127783 0.000570408 0)
(-0.012407 0.000413776 0)
(-0.012166 0.000233657 0)
(-0.0121 4.98839e-05 0)
(-0.012219 -0.000128215 0)
(-0.0125003 -0.000287117 0)
(-0.0128845 -0.000401964 0)
(-0.0132485 -0.000426635 0)
(-0.0133791 -0.000282388 0)
(-0.0129598 0.000153963 0)
(-0.0115783 0.000977637 0)
(-0.008913 0.00213136 0)
(-0.0051801 0.00312716 0)
(-0.00121967 0.00261738 0)
)
;

boundaryField
{
    leftWall
    {
        type            fixedValue;
        value           uniform (0 0 0);
    }
    rightWall
    {
        type            fixedValue;
        value           uniform (0 0 0);
    }
    topWall
    {
        type            fixedValue;
        value           uniform (0 0 0);
    }
    bottomWall
    {
        type            fixedValue;
        value           uniform (0 0 0);
    }
    frontAndBackPlanes
    {
        type            empty;
    }
}


// ************************************************************************* //
