/*--------------------------------*- C++ -*----------------------------------*\
| =========                 |                                                 |
| \\      /  F ield         | OpenFOAM: The Open Source CFD Toolbox           |
|  \\    /   O peration     | Version:  2506                                  |
|   \\  /    A nd           | Website:  www.openfoam.com                      |
|    \\/     M anipulation  |                                                 |
\*---------------------------------------------------------------------------*/
FoamFile
{
    version     2.0;
    format      ascii;
    arch        "LSB;label=32;scalar=64";
    class       volVectorField;
    location    "116";
    object      U;
}
// * * * * * * * * * * * * * * * * * * * * * * * * * * * * * * * * * * * * * //

dimensions      [0 1 -1 0 0 0 0];

internalField   nonuniform List<vector> 
200
(
(0.000454791 -0.00117359 0)
(0.00235109 -0.00150198 0)
(0.00438627 -0.00111162 0)
(0.0060179 -0.000607275 0)
(0.00703292 -0.000218103 0)
(0.00756066 5.12244e-06 0)
(0.00779774 8.14615e-05 0)
(0.00792067 5.11285e-05 0)
(0.00806187 -4.8134e-05 0)
(0.00831196 -0.000190986 0)
(0.00872968 -0.000366113 0)
(0.00935182 -0.000571561 0)
(0.0101971 -0.0008047 0)
(0.0112542 -0.0010448 0)
(0.0124398 -0.00122252 0)
(0.0135016 -0.0011656 0)
(0.0138767 -0.000516166 0)
(0.0126802 0.00124769 0)
(0.00902959 0.00419299 0)
(0.0027095 0.00575346 0)
(0.000514081 -0.00467751 0)
(0.00330296 -0.00727989 0)
(0.00636418 -0.00654869 0)
(0.00900912 -0.00470402 0)
(0.0109115 -0.00288597 0)
(0.012133 -0.00156238 0)
(0.0128774 -0.000826921 0)
(0.0133561 -0.000599896 0)
(0.0137376 -0.000747393 0)
(0.0141356 -0.00114245 0)
(0.0146131 -0.00168565 0)
(0.0151884 -0.00229512 0)
(0.0158312 -0.00286944 0)
(0.0164428 -0.00322225 0)
(0.0168194 -0.00298803 0)
(0.0166031 -0.0015181 0)
(0.0152051 0.0021234 0)
(0.0119899 0.00860305 0)
(0.00694167 0.0164059 0)
(0.00117704 0.0165284 0)
(0.000496524 -0.00831051 0)
(0.0031796 -0.0133788 0)
(0.00605341 -0.0124789 0)
(0.00854171 -0.00941637 0)
(0.0103633 -0.00623354 0)
(0.0115768 -0.00379201 0)
(0.0123564 -0.00229423 0)
(0.012872 -0.00163084 0)
(0.0132496 -0.00158403 0)
(0.0135669 -0.00193085 0)
(0.0138588 -0.002478 0)
(0.0141219 -0.00304628 0)
(0.0143086 -0.00341317 0)
(0.0143114 -0.00322065 0)
(0.0139355 -0.00187054 0)
(0.012863 0.00151548 0)
(0.0108103 0.00779914 0)
(0.00763571 0.0170421 0)
(0.00376645 0.025976 0)
(0.000430672 0.0222446 0)
(0.00044224 -0.0116323 0)
(0.00270132 -0.0187014 0)
(0.00494419 -0.0174427 0)
(0.00676312 -0.01322 0)
(0.00800905 -0.00886164 0)
(0.00879266 -0.00551681 0)
(0.00927849 -0.00342225 0)
(0.0095932 -0.00240185 0)
(0.00981041 -0.00214936 0)
(0.00996372 -0.00236408 0)
(0.0100616 -0.00278907 0)
(0.0100935 -0.00318115 0)
(0.0100227 -0.00323148 0)
(0.00976984 -0.00245902 0)
(0.00919137 -0.000128328 0)
(0.00810269 0.00467087 0)
(0.00638092 0.0126317 0)
(0.00405946 0.0232031 0)
(0.00161073 0.0318312 0)
(6.10299e-05 0.0247969 0)
(0.000371319 -0.0143676 0)
(0.00202756 -0.0226622 0)
(0.00339574 -0.0207539 0)
(0.00430489 -0.0154623 0)
(0.00478355 -0.0102248 0)
(0.00500066 -0.00631978 0)
(0.00509996 -0.00391382 0)
(0.00515429 -0.00272018 0)
(0.00518331 -0.00234894 0)
(0.00518398 -0.0024554 0)
(0.00514944 -0.00276169 0)
(0.00507113 -0.00299935 0)
(0.00492721 -0.00280596 0)
(0.00466544 -0.00161372 0)
(0.00418332 0.00139426 0)
(0.00340034 0.00708675 0)
(0.00228996 0.0159513 0)
(0.00100786 0.0268917 0)
(-3.72051e-05 0.0345954 0)
(-0.00017523 0.0253148 0)
(0.000279696 -0.0163431 0)
(0.00112882 -0.0248947 0)
(0.00139282 -0.022065 0)
(0.00123162 -0.0159113 0)
(0.000870501 -0.0102018 0)
(0.000500322 -0.0061417 0)
(0.000204291 -0.00373292 0)
(-1.58955e-05 -0.00256637 0)
(-0.000188875 -0.00220139 0)
(-0.000339977 -0.00228969 0)
(-0.000482825 -0.00256221 0)
(-0.000628095 -0.00274066 0)
(-0.000795766 -0.00242203 0)
(-0.00101909 -0.000983261 0)
(-0.00133832 0.00240796 0)
(-0.00172418 0.00851572 0)
(-0.00205893 0.0175452 0)
(-0.00209695 0.0279842 0)
(-0.00158222 0.034407 0)
(-0.000364585 0.0241562 0)
(0.000153376 -0.0171937 0)
(-0.00016366 -0.0248593 0)
(-0.00132687 -0.0209265 0)
(-0.00270842 -0.0143215 0)
(-0.0039509 -0.00870959 0)
(-0.00491656 -0.00496469 0)
(-0.00561912 -0.00286173 0)
(-0.00612962 -0.00191154 0)
(-0.00651633 -0.00167994 0)
(-0.0068253 -0.00185041 0)
(-0.00708462 -0.00217154 0)
(-0.00731467 -0.00236043 0)
(-0.00752943 -0.00200636 0)
(-0.00771845 -0.00051678 0)
(-0.00780762 0.00282757 0)
(-0.00762428 0.00862001 0)
(-0.00691943 0.0168622 0)
(-0.00544737 0.025988 0)
(-0.00322795 0.0310887 0)
(-0.000587775 0.0212918 0)
(-0.000185495 -0.0162456 0)
(-0.00225753 -0.0216345 0)
(-0.00509638 -0.0168179 0)
(-0.00775675 -0.0105295 0)
(-0.00980389 -0.00572331 0)
(-0.0112331 -0.00278618 0)
(-0.0121977 -0.00130399 0)
(-0.0128589 -0.000775539 0)
(-0.0133401 -0.000814434 0)
(-0.0137253 -0.00115355 0)
(-0.0140656 -0.00157914 0)
(-0.0143813 -0.00184681 0)
(-0.0146499 -0.00161448 0)
(-0.0147796 -0.000418557 0)
(-0.0145625 0.00227419 0)
(-0.0137049 0.00690214 0)
(-0.0118629 0.0134133 0)
(-0.00882937 0.0205246 0)
(-0.00489711 0.0243961 0)
(-0.000825446 0.0166368 0)
(-0.0008241 -0.0123805 0)
(-0.00525021 -0.0143518 0)
(-0.00970282 -0.00959232 0)
(-0.0131098 -0.00483837 0)
(-0.0152348 -0.00174683 0)
(-0.0164108 -0.000179701 0)
(-0.0170345 0.00037585 0)
(-0.0173906 0.00035467 0)
(-0.0176511 3.26562e-05 0)
(-0.0179199 -0.000425368 0)
(-0.0182497 -0.000896583 0)
(-0.0186396 -0.00124361 0)
(-0.0190212 -0.00127288 0)
(-0.0192342 -0.000717175 0)
(-0.018989 0.000750165 0)
(-0.0178652 0.00344781 0)
(-0.0154155 0.00740719 0)
(-0.0113981 0.0119022 0)
(-0.00624511 0.0146174 0)
(-0.00105488 0.0102965 0)
(-0.00198276 -0.00423319 0)
(-0.0070383 -0.00371866 0)
(-0.010674 -0.00173641 0)
(-0.0126046 -0.000332044 0)
(-0.0132593 0.000335235 0)
(-0.0132586 0.000530437 0)
(-0.0130167 0.000490048 0)
(-0.0127614 0.000355657 0)
(-0.0126131 0.000189529 0)
(-0.012624 1.329e-05 0)
(-0.0128094 -0.000162123 0)
(-0.0131555 -0.000323144 0)
(-0.013606 -0.000442995 0)
(-0.0140358 -0.000471258 0)
(-0.0142199 -0.000322049 0)
(-0.0138228 0.000139375 0)
(-0.012399 0.00102502 0)
(-0.00958946 0.00228208 0)
(-0.00560595 0.00338578 0)
(-0.00133126 0.00285887 0)
)
;

boundaryField
{
    leftWall
    {
        type            fixedValue;
        value           uniform (0 0 0);
    }
    rightWall
    {
        type            fixedValue;
        value           uniform (0 0 0);
    }
    topWall
    {
        type            fixedValue;
        value           uniform (0 0 0);
    }
    bottomWall
    {
        type            fixedValue;
        value           uniform (0 0 0);
    }
    frontAndBackPlanes
    {
        type            empty;
    }
}


// ************************************************************************* //
