/*--------------------------------*- C++ -*----------------------------------*\
| =========                 |                                                 |
| \\      /  F ield         | OpenFOAM: The Open Source CFD Toolbox           |
|  \\    /   O peration     | Version:  2506                                  |
|   \\  /    A nd           | Website:  www.openfoam.com                      |
|    \\/     M anipulation  |                                                 |
\*---------------------------------------------------------------------------*/
FoamFile
{
    version     2.0;
    format      ascii;
    arch        "LSB;label=32;scalar=64";
    class       surfaceScalarField;
    location    "58.8";
    object      phi;
}
// * * * * * * * * * * * * * * * * * * * * * * * * * * * * * * * * * * * * * //

dimensions      [1 0 -1 0 0 0 0];

oriented        oriented;

internalField   nonuniform List<scalar> 
370
(
5.55004e-05
-0.000129402
0.000286487
-0.000230928
0.000533361
-0.000246785
0.000755833
-0.000222364
0.000941273
-0.00018532
0.00109498
-0.000153584
0.00123078
-0.000135668
0.00136493
-0.000134007
0.00151325
-0.000148187
0.00169022
-0.000176818
0.00190845
-0.000218077
0.00217752
-0.000268918
0.0025001
-0.000322408
0.00286389
-0.000363625
0.0032271
-0.000363031
0.00349344
-0.000266168
0.00346371
2.99119e-05
0.00291623
0.000547658
0.00160976
0.00130662
0.00160986
0.000208831
-0.000338193
0.000618637
-0.000640623
0.00107273
-0.00070072
0.00149042
-0.00063986
0.00184597
-0.000540667
0.002143
-0.000450403
0.0023982
-0.00039065
0.00263175
-0.000367338
0.00286215
-0.000378372
0.00310361
-0.000418055
0.0033641
-0.000478342
0.00364238
-0.000546956
0.00392242
-0.000602206
0.00416372
-0.000604667
0.00428782
-0.000486876
0.00416833
-0.000146431
0.00365569
0.000542804
0.00257351
0.00163008
0.00105936
0.00282099
0.00266933
0.000272412
-0.00061054
0.00076235
-0.00113038
0.00128208
-0.00122019
0.00174422
-0.00110169
0.0021245
-0.000920617
0.00242999
-0.000755558
0.00267919
-0.000639518
0.00289148
-0.000579296
0.00308234
-0.000568905
0.00326154
-0.000596926
0.00343201
-0.000648473
0.00358757
-0.000702174
0.00370821
-0.000722493
0.00375257
-0.00064867
0.00365089
-0.000384848
0.003308
0.00019681
0.0026439
0.00120724
0.0016603
0.002614
0.000586257
0.0038953
0.00325571
0.000292296
-0.000902743
0.000788059
-0.00162589
0.00128055
-0.00171232
0.00168827
-0.001509
0.00199854
-0.00123045
0.00222744
-0.000984025
0.0023975
-0.000809133
0.00252781
-0.000709184
0.0026314
-0.000672068
0.00271548
-0.000680576
0.00278206
-0.000714625
0.00282693
-0.000746605
0.00283585
-0.000730971
0.00277856
-0.000590931
0.0026047
-0.000210537
0.00225236
0.000549586
0.00168869
0.00177133
0.000963708
0.00333936
0.000283581
0.00457574
0.00353944
0.000280641
-0.00118327
0.000712775
-0.00205771
0.0010975
-0.00209661
0.00137561
-0.00178661
0.00155464
-0.00140897
0.00166204
-0.00109091
0.00172327
-0.000869859
0.00175555
-0.000740965
0.00176873
-0.000684747
0.00176802
-0.000679377
0.00175572
-0.000701823
0.00173035
-0.000720725
0.00168341
-0.000683515
0.00159518
-0.000502176
0.00143267
-4.75026e-05
0.00115831
0.000824461
0.000772458
0.00215766
0.000348141
0.00376411
4.53315e-05
0.00487889
0.00358492
0.000226123
-0.00140926
0.000508337
-0.00233957
0.000694822
-0.0022826
0.000769922
-0.00186116
0.000768703
-0.00140719
0.000726614
-0.00104827
0.000666246
-0.000808949
0.000598688
-0.000672872
0.000528752
-0.000614278
0.000458859
-0.000608948
0.00038985
-0.000632271
0.000319248
-0.000649569
0.000238964
-0.000602664
0.000135585
-0.000398217
-2.48093e-06
9.11582e-05
-0.000160653
0.000983211
-0.000300386
0.00229794
-0.000342264
0.00380646
-0.000213855
0.00475083
0.00337121
0.000100421
-0.00150953
0.000106632
-0.00234538
-1.84013e-05
-0.00215703
-0.000218632
-0.00166035
-0.000439216
-0.00118603
-0.000649125
-0.000837796
-0.000837948
-0.000619572
-0.00100569
-0.000504584
-0.00115534
-0.000464082
-0.00129008
-0.00047366
-0.00141356
-0.000508236
-0.00153056
-0.000532002
-0.00164488
-0.00048777
-0.00175152
-0.000290995
-0.0018211
0.000161331
-0.00179053
0.000953214
-0.00158107
0.00208901
-0.00113376
0.00335963
-0.00049548
0.00411289
0.00287587
-0.000145245
-0.00136412
-0.000565357
-0.00192484
-0.00109944
-0.0016224
-0.00161437
-0.00114485
-0.00205405
-0.000745782
-0.00241175
-0.000479546
-0.00270157
-0.00032921
-0.00294217
-0.000263444
-0.00315015
-0.000255578
-0.00333831
-0.000284972
-0.003515
-0.000331026
-0.00368104
-0.000365439
-0.00382274
-0.000345542
-0.00390131
-0.000211893
-0.00384438
0.00010493
-0.00355302
0.000662368
-0.00293451
0.00147099
-0.00196073
0.00238628
-0.000792658
0.00294514
0.00208334
-0.000523966
-0.000839956
-0.00146017
-0.000988172
-0.00236603
-0.000715982
-0.00307861
-0.000431709
-0.00359207
-0.000231783
-0.00395367
-0.000117432
-0.00421708
-6.52944e-05
-0.00442679
-5.32577e-05
-0.00461515
-6.67423e-05
-0.00480338
-9.62925e-05
-0.00500096
-0.00013299
-0.00520109
-0.000164871
-0.00537212
-0.000174081
-0.00544841
-0.000135182
-0.0053316
-1.14624e-05
-0.0048872
0.000218379
-0.00399952
0.000583709
-0.00264294
0.00103004
-0.00104717
0.00134964
0.00103628
-0.000839744
-0.00182745
-0.00254288
-0.00297405
-0.00320533
-0.00332229
-0.00338713
-0.00343997
-0.00350631
-0.00360222
-0.00373484
-0.00389936
-0.0040731
-0.00420796
-0.00421912
-0.00400044
-0.00341646
-0.00238618
-0.00103636
)
;

boundaryField
{
    leftWall
    {
        type            calculated;
        value           uniform 0;
    }
    rightWall
    {
        type            calculated;
        value           nonuniform List<scalar> 10(0 2.1684e-19 0 4.33681e-19 0 0 0 0 0 0);
    }
    topWall
    {
        type            calculated;
        value           uniform 0;
    }
    bottomWall
    {
        type            calculated;
        value           uniform 0;
    }
    frontAndBackPlanes
    {
        type            empty;
    }
}


// ************************************************************************* //
