/*--------------------------------*- C++ -*----------------------------------*\
| =========                 |                                                 |
| \\      /  F ield         | OpenFOAM: The Open Source CFD Toolbox           |
|  \\    /   O peration     | Version:  2506                                  |
|   \\  /    A nd           | Website:  www.openfoam.com                      |
|    \\/     M anipulation  |                                                 |
\*---------------------------------------------------------------------------*/
FoamFile
{
    version     2.0;
    format      ascii;
    arch        "LSB;label=32;scalar=64";
    class       volVectorField;
    location    "20.8";
    object      U;
}
// * * * * * * * * * * * * * * * * * * * * * * * * * * * * * * * * * * * * * //

dimensions      [0 1 -1 0 0 0 0];

internalField   nonuniform List<vector> 
200
(
(-0.000252508 -8.70501e-05 0)
(-0.000225434 -0.000181378 0)
(0.000265488 -0.000269409 0)
(0.00105001 -0.000399461 0)
(0.00205377 -0.000520737 0)
(0.003266 -0.000616194 0)
(0.00463238 -0.000684994 0)
(0.00609516 -0.000730547 0)
(0.00760239 -0.000760245 0)
(0.00911169 -0.000785289 0)
(0.010593 -0.000819243 0)
(0.0120286 -0.000875161 0)
(0.0134078 -0.000960451 0)
(0.0147083 -0.00106565 0)
(0.0158547 -0.00113832 0)
(0.0166254 -0.00102275 0)
(0.0165573 -0.000354391 0)
(0.0148125 0.00145339 0)
(0.0104613 0.0046384 0)
(0.0031143 0.00655248 0)
(3.27658e-06 -0.00040133 0)
(0.000439227 -0.00131699 0)
(0.00145487 -0.00229443 0)
(0.00296632 -0.00324684 0)
(0.00489464 -0.00406356 0)
(0.00714985 -0.00469564 0)
(0.00962769 -0.00512463 0)
(0.0122173 -0.00535261 0)
(0.014808 -0.00539806 0)
(0.0172938 -0.00529081 0)
(0.0195745 -0.00506271 0)
(0.0215505 -0.00473109 0)
(0.0231094 -0.00427203 0)
(0.0241036 -0.00357547 0)
(0.0243161 -0.00236743 0)
(0.0234098 -8.63119e-05 0)
(0.0208501 0.00416141 0)
(0.0160793 0.0111565 0)
(0.00921975 0.0196016 0)
(0.00157904 0.0196455 0)
(6.59915e-05 -0.000989903 0)
(0.000771946 -0.00314629 0)
(0.00209921 -0.00528107 0)
(0.0039675 -0.00720675 0)
(0.00625685 -0.00879673 0)
(0.00885034 -0.00997497 0)
(0.0116235 -0.0107029 0)
(0.0144428 -0.0109721 0)
(0.0171707 -0.0108004 0)
(0.0196733 -0.0102226 0)
(0.0218227 -0.00927167 0)
(0.0234927 -0.00794571 0)
(0.0245443 -0.00616204 0)
(0.0248038 -0.00369641 0)
(0.0240268 -0.000104288 0)
(0.0219032 0.00530219 0)
(0.0181769 0.0132391 0)
(0.0128022 0.0237807 0)
(0.00648251 0.0335604 0)
(0.000854025 0.0282629 0)
(7.97601e-05 -0.00184867 0)
(0.000868848 -0.00541672 0)
(0.00226167 -0.00870133 0)
(0.00415591 -0.0115459 0)
(0.00641874 -0.013821 0)
(0.00892639 -0.0154308 0)
(0.0115468 -0.0163142 0)
(0.0141354 -0.0164481 0)
(0.0165445 -0.015852 0)
(0.0186367 -0.0145784 0)
(0.0202947 -0.0126798 0)
(0.021417 -0.0101537 0)
(0.0219026 -0.00687603 0)
(0.0216258 -0.00253607 0)
(0.0203666 0.00340517 0)
(0.0179641 0.0115495 0)
(0.0142991 0.022341 0)
(0.00951124 0.0350502 0)
(0.00438922 0.0445642 0)
(0.000467854 0.0339347 0)
(8.12498e-05 -0.00272091 0)
(0.000785796 -0.00761133 0)
(0.00198129 -0.0119174 0)
(0.00357422 -0.015544 0)
(0.00545083 -0.0183703 0)
(0.0075015 -0.0202787 0)
(0.00960009 -0.0211761 0)
(0.0116026 -0.0210212 0)
(0.0133656 -0.019849 0)
(0.0147717 -0.017762 0)
(0.0157452 -0.0148721 0)
(0.016246 -0.0112082 0)
(0.0162476 -0.00661922 0)
(0.0156981 -0.000711923 0)
(0.0144084 0.00709481 0)
(0.0123273 0.0173087 0)
(0.0094119 0.0300644 0)
(0.00586209 0.043907 0)
(0.00236103 0.05243 0)
(0.000147695 0.0373428 0)
(5.81942e-05 -0.00340803 0)
(0.000469883 -0.00926814 0)
(0.00114486 -0.0142986 0)
(0.0020359 -0.0184774 0)
(0.00308439 -0.0216834 0)
(0.00421766 -0.0237581 0)
(0.0053334 -0.0245571 0)
(0.00630809 -0.0240191 0)
(0.00702877 -0.0222217 0)
(0.00742978 -0.0193645 0)
(0.00750844 -0.0156636 0)
(0.00730934 -0.0112002 0)
(0.00688367 -0.00578579 0)
(0.00619643 0.00108626 0)
(0.00521583 0.0100424 0)
(0.00394328 0.0214983 0)
(0.00242518 0.0352794 0)
(0.000884227 0.0493232 0)
(-0.000227132 0.0564263 0)
(-0.000237049 0.038295 0)
(-3.5877e-06 -0.0036207 0)
(-0.00014846 -0.00975197 0)
(-0.000385801 -0.0149994 0)
(-0.000683588 -0.0193663 0)
(-0.00101644 -0.0226971 0)
(-0.00139819 -0.0247638 0)
(-0.00187782 -0.0253551 0)
(-0.00251647 -0.0244015 0)
(-0.00334675 -0.0220634 0)
(-0.00433842 -0.0186814 0)
(-0.00539915 -0.0145903 0)
(-0.00640783 -0.00989961 0)
(-0.00725422 -0.00435565 0)
(-0.00788873 0.0026253 0)
(-0.00817479 0.0116604 0)
(-0.00801948 0.0230496 0)
(-0.00727868 0.036366 0)
(-0.00578581 0.0492639 0)
(-0.00354546 0.0547293 0)
(-0.000710469 0.0360702 0)
(-0.000110306 -0.00301861 0)
(-0.00100878 -0.00835349 0)
(-0.00246946 -0.0130676 0)
(-0.00438396 -0.017057 0)
(-0.00662855 -0.0200887 0)
(-0.00912031 -0.0218645 0)
(-0.0117918 -0.0221347 0)
(-0.0145654 -0.020868 0)
(-0.017331 -0.0183377 0)
(-0.0199414 -0.0150063 0)
(-0.0222289 -0.0112698 0)
(-0.0240293 -0.00722705 0)
(-0.0251836 -0.00259957 0)
(-0.0254847 0.003163 0)
(-0.0246568 0.0106378 0)
(-0.0225081 0.020133 0)
(-0.0188273 0.0312163 0)
(-0.0135994 0.0417663 0)
(-0.00740546 0.0458618 0)
(-0.00127179 0.0298907 0)
(-0.000168285 -0.00157837 0)
(-0.00154627 -0.00494691 0)
(-0.00399238 -0.00820483 0)
(-0.00737379 -0.0110629 0)
(-0.0114844 -0.0132439 0)
(-0.0160939 -0.0144504 0)
(-0.0209297 -0.0144588 0)
(-0.0256926 -0.0132869 0)
(-0.0300982 -0.0112522 0)
(-0.0339171 -0.00882168 0)
(-0.0369889 -0.00636329 0)
(-0.0391956 -0.00396606 0)
(-0.0404001 -0.00140436 0)
(-0.0403389 0.00178307 0)
(-0.0386634 0.00614964 0)
(-0.0350175 0.0120493 0)
(-0.0290277 0.0192437 0)
(-0.0206968 0.0263236 0)
(-0.0110174 0.0294128 0)
(-0.00183924 0.0195714 0)
(-4.3391e-05 -0.000172071 0)
(-0.00087966 -0.000855417 0)
(-0.00279134 -0.00160884 0)
(-0.00570176 -0.00230009 0)
(-0.00944002 -0.00283661 0)
(-0.0137375 -0.00311931 0)
(-0.018225 -0.00307083 0)
(-0.0224927 -0.00270451 0)
(-0.0261994 -0.0021463 0)
(-0.0291623 -0.00157264 0)
(-0.031364 -0.00111908 0)
(-0.0328769 -0.000823172 0)
(-0.0337517 -0.000613648 0)
(-0.0339106 -0.000318099 0)
(-0.0330784 0.000326921 0)
(-0.0307538 0.00156785 0)
(-0.0263411 0.00348824 0)
(-0.0195245 0.00581777 0)
(-0.0110196 0.00746727 0)
(-0.00259426 0.0057418 0)
)
;

boundaryField
{
    leftWall
    {
        type            fixedValue;
        value           uniform (0 0 0);
    }
    rightWall
    {
        type            fixedValue;
        value           uniform (0 0 0);
    }
    topWall
    {
        type            fixedValue;
        value           uniform (0 0 0);
    }
    bottomWall
    {
        type            fixedValue;
        value           uniform (0 0 0);
    }
    frontAndBackPlanes
    {
        type            empty;
    }
}


// ************************************************************************* //
