/*--------------------------------*- C++ -*----------------------------------*\
| =========                 |                                                 |
| \\      /  F ield         | OpenFOAM: The Open Source CFD Toolbox           |
|  \\    /   O peration     | Version:  2506                                  |
|   \\  /    A nd           | Website:  www.openfoam.com                      |
|    \\/     M anipulation  |                                                 |
\*---------------------------------------------------------------------------*/
FoamFile
{
    version     2.0;
    format      ascii;
    arch        "LSB;label=32;scalar=64";
    class       surfaceScalarField;
    location    "19.2";
    object      phi;
}
// * * * * * * * * * * * * * * * * * * * * * * * * * * * * * * * * * * * * * //

dimensions      [1 0 -1 0 0 0 0];

oriented        oriented;

internalField   nonuniform List<scalar> 
370
(
-7.85355e-05
-3.02005e-05
-1.80108e-07
-7.83597e-05
0.000135892
-0.00013608
0.000331867
-0.000195986
0.000581229
-0.000249377
0.000874626
-0.000293416
0.00120172
-0.000327118
0.00155202
-0.000350317
0.00191553
-0.000363535
0.00228341
-0.000367903
0.0026483
-0.000364913
0.00300403
-0.000355751
0.0033434
-0.000339388
0.00365186
-0.000308479
0.00389555
-0.000243697
0.00399211
-9.65649e-05
0.00380211
0.00019001
0.00310386
0.000698282
0.00168586
0.00141805
0.00168591
3.81902e-05
-6.83881e-05
0.000195607
-0.00023577
0.000467649
-0.000408115
0.000842935
-0.000571267
0.00130659
-0.000713032
0.00184008
-0.000826907
0.00242244
-0.000909486
0.00303104
-0.000958929
0.00364192
-0.000974425
0.00422996
-0.000955957
0.00476862
-0.000903578
0.00522828
-0.000815422
0.00557271
-0.000683832
0.00575322
-0.000488996
0.0056989
-0.000189392
0.00531309
0.000289218
0.00446223
0.00104084
0.00304657
0.00211391
0.00123413
0.00323045
0.00292003
7.69253e-05
-0.000145305
0.000290834
-0.000449657
0.000628905
-0.000746158
0.00107352
-0.00101585
0.0016056
-0.0012451
0.00220354
-0.00142483
0.00284269
-0.00154863
0.00349519
-0.00161143
0.00413016
-0.00160938
0.00471432
-0.00154011
0.00521247
-0.00140171
0.0055865
-0.00118944
0.00579238
-0.000889693
0.00577545
-0.000472068
0.00546731
0.000118737
0.00479777
0.000958733
0.00372494
0.00211361
0.00230144
0.00353731
0.00082245
0.00470935
0.00374243
8.315e-05
-0.000228441
0.000303287
-0.000669758
0.000638172
-0.001081
0.00106887
-0.0014465
0.00157644
-0.00175263
0.00213978
-0.00198814
0.00273389
-0.0021427
0.00332897
-0.00220647
0.00389117
-0.00217153
0.00438493
-0.0020338
0.00477537
-0.00179207
0.0050285
-0.00144249
0.00510835
-0.00096947
0.00497266
-0.000336333
0.00457242
0.000518992
0.00387065
0.00166048
0.00286881
0.00311537
0.00166405
0.00474194
0.000537791
0.00583545
0.00428014
6.94371e-05
-0.000297858
0.000247054
-0.000847325
0.000513973
-0.00134785
0.000856469
-0.00178894
0.00126093
-0.00215704
0.0017107
-0.00243785
0.00218336
-0.00261529
0.00264966
-0.00267264
0.00307573
-0.00259742
0.00342839
-0.00238621
0.00367991
-0.00204332
0.00380888
-0.00157121
0.00379574
-0.000956124
0.00361718
-0.000157628
0.00324014
0.000896119
0.00264995
0.00225068
0.00186981
0.00389546
0.00100295
0.00560866
0.000275589
0.00656266
0.00455566
3.19642e-05
-0.000329798
0.000113569
-0.000928869
0.000240352
-0.00147456
0.000410516
-0.00195903
0.000620433
-0.00236688
0.000861559
-0.00267887
0.00111721
-0.00287075
0.00136215
-0.00291724
0.00156747
-0.00280223
0.0017091
-0.00252719
0.00177413
-0.00210766
0.00176004
-0.0015565
0.00166678
-0.000862407
0.00149166
1.77963e-05
0.00121916
0.00116885
0.000862425
0.00260755
0.000463008
0.00429491
0.000114706
0.00595693
-5.32698e-05
0.00673062
0.00450235
-3.33095e-05
-0.00029646
-0.000106375
-0.000855738
-0.000199459
-0.00138139
-0.000299345
-0.00185905
-0.000397569
-0.00226853
-0.000491792
-0.00258441
-0.000588464
-0.0027736
-0.000701474
-0.0028034
-0.000844208
-0.00265829
-0.00101973
-0.00235022
-0.00121672
-0.00190925
-0.00141404
-0.00135797
-0.001589
-0.000686578
-0.0017252
0.000154702
-0.00177935
0.00122355
-0.00172245
0.00255105
-0.00150716
0.0040799
-0.00108561
0.00553556
-0.000483237
0.00612836
0.00401915
-0.000113052
-0.000183383
-0.000373742
-0.000594986
-0.000741696
-0.00101336
-0.00119374
-0.00140689
-0.00171043
-0.0017516
-0.00227417
-0.00202014
-0.00287053
-0.00217618
-0.00348602
-0.00218615
-0.00410151
-0.00204042
-0.00468693
-0.00176215
-0.00520186
-0.00139181
-0.00559991
-0.000957837
-0.00583082
-0.000454042
-0.00583683
0.000161986
-0.00554646
0.000934163
-0.00490799
0.00191335
-0.00388571
0.00305823
-0.00250515
0.00415545
-0.000983851
0.00460738
0.00303543
-0.000139497
-4.38654e-05
-0.000507685
-0.000226744
-0.00108194
-0.000439014
-0.00184398
-0.000644697
-0.00276639
-0.000828803
-0.00381025
-0.000975351
-0.00492481
-0.00105978
-0.00604881
-0.00105922
-0.00711556
-0.000969859
-0.00806048
-0.000813062
-0.00882615
-0.000622198
-0.00935925
-0.000421382
-0.00959902
-0.000211634
-0.00947229
3.72218e-05
-0.00889379
0.000357203
-0.00777845
0.000799249
-0.00607474
0.00135554
-0.00384585
0.00192737
-0.00146249
0.00222461
0.00157321
-4.38467e-05
-0.000270545
-0.000709489
-0.00135405
-0.00218251
-0.00315697
-0.00421484
-0.00527084
-0.00623629
-0.00704431
-0.00766146
-0.00807827
-0.00828604
-0.00824572
-0.00788607
-0.00708486
-0.00572775
-0.00379915
-0.00157364
)
;

boundaryField
{
    leftWall
    {
        type            calculated;
        value           nonuniform List<scalar> 10(0 0 0 0 0 0 0 -2.71051e-20 0 0);
    }
    rightWall
    {
        type            calculated;
        value           nonuniform List<scalar> 10(0 0 0 0 0 8.67362e-19 0 0 0 0);
    }
    topWall
    {
        type            calculated;
        value           uniform 0;
    }
    bottomWall
    {
        type            calculated;
        value           uniform 0;
    }
    frontAndBackPlanes
    {
        type            empty;
    }
}


// ************************************************************************* //
