/*--------------------------------*- C++ -*----------------------------------*\
| =========                 |                                                 |
| \\      /  F ield         | OpenFOAM: The Open Source CFD Toolbox           |
|  \\    /   O peration     | Version:  2506                                  |
|   \\  /    A nd           | Website:  www.openfoam.com                      |
|    \\/     M anipulation  |                                                 |
\*---------------------------------------------------------------------------*/
FoamFile
{
    version     2.0;
    format      ascii;
    arch        "LSB;label=32;scalar=64";
    class       surfaceScalarField;
    location    "73.8";
    object      phi;
}
// * * * * * * * * * * * * * * * * * * * * * * * * * * * * * * * * * * * * * //

dimensions      [1 0 -1 0 0 0 0];

oriented        oriented;

internalField   nonuniform List<scalar> 
370
(
0.00012962
-0.00019127
0.000443403
-0.000313703
0.000748279
-0.00030476
0.000993832
-0.000245412
0.00117403
-0.000180044
0.00130499
-0.000130795
0.00140995
-0.00010478
0.00151133
-0.000101202
0.00162791
-0.000116395
0.00177461
-0.000146512
0.00196319
-0.000188389
0.00220213
-0.00023873
0.00249381
-0.000291479
0.00282737
-0.00033334
0.00316397
-0.000336385
0.00341115
-0.000246954
0.00337598
3.53925e-05
0.00283826
0.00053795
0.00156306
0.0012754
0.00156317
0.00028197
-0.000473196
0.000793686
-0.000825295
0.00132349
-0.000834382
0.00177613
-0.000697844
0.00213043
-0.000534125
0.00240114
-0.000401268
0.00261591
-0.000319315
0.00280298
-0.000288038
0.00298548
-0.000298659
0.00317946
-0.000340252
0.00339314
-0.000401818
0.00362526
-0.000470603
0.00386077
-0.000526724
0.00406186
-0.000534171
0.0041549
-0.000429156
0.00401991
-0.000111689
0.00351221
0.000543356
0.00246438
0.00158604
0.0010097
0.00273031
0.00257299
0.000326694
-0.000799825
0.000887451
-0.00138587
0.00145421
-0.00140089
0.00193154
-0.00117488
0.00230073
-0.000903009
0.00257796
-0.000678173
0.00278973
-0.00053077
0.0029609
-0.000458894
0.00310992
-0.000447359
0.00324768
-0.00047769
0.00337731
-0.000531137
0.00349293
-0.000585898
0.00357573
-0.000609197
0.00358734
-0.000545456
0.00346343
-0.000304909
0.0031162
0.000235869
0.00247407
0.00118581
0.00154107
0.00251936
0.000536171
0.00373547
0.00310929
0.000323393
-0.00112314
0.000848933
-0.00191119
0.00134877
-0.00190041
0.00174327
-0.00156901
0.00202824
-0.0011876
0.00222725
-0.000876803
0.0023673
-0.000670429
0.00246925
-0.000560463
0.00254618
-0.000523919
0.00260471
-0.000535839
0.00264626
-0.000572309
0.00266656
-0.000605823
0.0026523
-0.000594557
0.00257563
-0.000468409
0.00239129
-0.000120178
0.00204631
0.000581229
0.00151479
0.0017177
0.00084719
0.0031873
0.000237033
0.0043459
0.00334644
0.000288834
-0.00141188
0.000711152
-0.00233325
0.00106645
-0.00225535
0.00130791
-0.00181006
0.00145361
-0.00133287
0.00153557
-0.000958333
0.00157926
-0.000713701
0.00159969
-0.000580476
0.00160412
-0.000527944
0.00159586
-0.000527172
0.00157618
-0.000552224
0.00154345
-0.00057268
0.00148975
-0.000540439
0.00139672
-0.00037496
0.00123316
4.38101e-05
0.000973979
0.00084083
0.000623167
0.00206891
0.000253378
0.00355745
1.19427e-05
0.00458763
0.00335851
0.000214783
-0.00162656
0.000455095
-0.00257328
0.000585631
-0.00238549
0.000614037
-0.00183803
0.000583487
-0.00130187
0.000528707
-0.000903112
0.000467335
-0.000651896
0.000405145
-0.000517861
0.000343125
-0.000465504
0.000281643
-0.000465273
0.000220815
-0.000490978
0.000158217
-0.000509661
8.63105e-05
-0.000468105
-6.79745e-06
-0.000281415
-0.00012785
0.000165312
-0.000265376
0.000978804
-0.000377323
0.00218129
-0.000386289
0.0035668
-0.000227838
0.00442946
0.00313079
7.1508e-05
-0.00169795
1.42801e-05
-0.00251574
-0.000171252
-0.00219954
-0.000410467
-0.00159837
-0.000644316
-0.00106757
-0.000847975
-0.000699017
-0.00101921
-0.00048024
-0.00116428
-0.000372374
-0.00128981
-0.000339559
-0.00140053
-0.000354136
-0.00150036
-0.000390744
-0.00159359
-0.000416017
-0.00168318
-0.000378086
-0.00176359
-0.000200579
-0.00180681
0.000208974
-0.00175661
0.000929037
-0.00153999
0.00196509
-0.0010991
0.00312628
-0.000478221
0.00380885
0.00265267
-0.000186608
-0.00151121
-0.000675882
-0.00202614
-0.00125842
-0.00161657
-0.00178846
-0.00106789
-0.00221563
-0.000639969
-0.00254351
-0.000370716
-0.00279497
-0.00022837
-0.00299434
-0.000172606
-0.00316103
-0.000172474
-0.00330869
-0.000206087
-0.00344554
-0.000253503
-0.00357225
-0.000288924
-0.00367593
-0.000274021
-0.00372089
-0.000155236
-0.00364174
0.000130213
-0.00334934
0.000637027
-0.00275766
0.00137377
-0.00183893
0.00220787
-0.000742222
0.00271239
0.00191055
-0.000582478
-0.000928581
-0.00158393
-0.00102434
-0.00250907
-0.000691004
-0.00319887
-0.000377663
-0.00366571
-0.000172704
-0.00397138
-6.46492e-05
-0.00417776
-2.16005e-05
-0.00433348
-1.65137e-05
-0.0044715
-3.40961e-05
-0.00461153
-6.57196e-05
-0.00476199
-0.000102705
-0.00491633
-0.000134262
-0.00504549
-0.000144537
-0.00508967
-0.000110744
-0.00496164
2.4854e-06
-0.00453399
0.00020969
-0.00370234
0.000542401
-0.00244231
0.000948107
-0.000966108
0.00123638
0.000944524
-0.00092842
-0.00195242
-0.002643
-0.00302024
-0.00319254
-0.00325681
-0.00327805
-0.00329422
-0.00332799
-0.00339341
-0.00349582
-0.00362982
-0.0037741
-0.0038846
-0.00388189
-0.00367198
-0.00312938
-0.00218109
-0.000944583
)
;

boundaryField
{
    leftWall
    {
        type            calculated;
        value           uniform 0;
    }
    rightWall
    {
        type            calculated;
        value           uniform 0;
    }
    topWall
    {
        type            calculated;
        value           uniform 0;
    }
    bottomWall
    {
        type            calculated;
        value           uniform 0;
    }
    frontAndBackPlanes
    {
        type            empty;
    }
}


// ************************************************************************* //
