/*--------------------------------*- C++ -*----------------------------------*\
| =========                 |                                                 |
| \\      /  F ield         | OpenFOAM: The Open Source CFD Toolbox           |
|  \\    /   O peration     | Version:  2506                                  |
|   \\  /    A nd           | Website:  www.openfoam.com                      |
|    \\/     M anipulation  |                                                 |
\*---------------------------------------------------------------------------*/
FoamFile
{
    version     2.0;
    format      ascii;
    arch        "LSB;label=32;scalar=64";
    class       surfaceScalarField;
    location    "118.4";
    object      phi;
}
// * * * * * * * * * * * * * * * * * * * * * * * * * * * * * * * * * * * * * //

dimensions      [1 0 -1 0 0 0 0];

oriented        oriented;

internalField   nonuniform List<scalar> 
370
(
0.000317102
-0.000352548
0.000838125
-0.000520961
0.00129013
-0.000451912
0.00160111
-0.000310874
0.00178008
-0.000178844
0.00186708
-8.68587e-05
0.00190635
-3.91249e-05
0.00193453
-2.8026e-05
0.00197816
-4.34624e-05
0.002055
-7.66742e-05
0.00217618
-0.000120997
0.00234791
-0.000171544
0.00257068
-0.000222578
0.00283321
-0.000262336
0.00309875
-0.000265339
0.00327949
-0.000180532
0.00320332
7.638e-05
0.00265737
0.000546153
0.00144122
0.00121633
0.00144132
0.000439335
-0.00079185
0.00117707
-0.00125861
0.00188109
-0.0011558
0.00242435
-0.000853996
0.00279355
-0.000547883
0.00302483
-0.000317974
0.00316767
-0.000181805
0.0032673
-0.000127476
0.00335735
-0.000133339
0.0034588
-0.000177947
0.00358134
-0.000243353
0.00372362
-0.000313638
0.00387053
-0.000369294
0.00398619
-0.000377792
0.00400253
-0.000281484
0.00381364
8.56519e-06
0.00327993
0.000610298
0.0022702
0.00155609
0.000916491
0.00257022
0.0023579
0.000424641
-0.00121645
0.00111651
-0.00195037
0.00177385
-0.00181299
0.00228579
-0.00136575
0.0026431
-0.000904994
0.00287774
-0.000552421
0.00303027
-0.000334129
0.00313521
-0.000232222
0.00321652
-0.000214443
0.00328748
-0.000248706
0.0033518
-0.000307476
0.0034035
-0.000365127
0.00342414
-0.000389732
0.00337778
-0.000331219
0.00320678
-0.000110271
0.00283548
0.000380078
0.0022138
0.0012322
0.00135249
0.00241761
0.000456734
0.00346616
0.00281471
0.000364593
-0.00158099
0.000921025
-0.00250667
0.00141476
-0.00230654
0.00177353
-0.00172431
0.00200888
-0.00114012
0.00215696
-0.000700279
0.00225131
-0.00042825
0.00231446
-0.000295156
0.00235849
-0.000258248
0.00238808
-0.000278081
0.00240295
-0.000322129
0.00239761
-0.000359567
0.00235845
-0.000350344
0.00225958
-0.000232134
0.00206242
8.71247e-05
0.00172979
0.000712929
0.00124705
0.00171518
0.000668737
0.00299614
0.000169116
0.00396595
0.00298391
0.000282059
-0.001863
0.000651536
-0.002876
0.000923656
-0.00257846
0.00107921
-0.00187963
0.00115509
-0.00121577
0.00119031
-0.000735267
0.00120865
-0.000446354
0.00121946
-0.000305739
0.00122381
-0.000262368
0.00122026
-0.000274309
0.00120711
-0.000308755
0.00118101
-0.000333247
0.00113338
-0.000302493
0.00104731
-0.000145833
0.000899416
0.00023525
0.000674881
0.000937699
0.000386824
0.00200347
0.000107007
0.00327617
-4.06257e-05
0.00411376
0.00294335
0.000174224
-0.00203717
0.000302119
-0.00300374
0.000306645
-0.00258277
0.000234291
-0.00180705
0.000142446
-0.00112369
6.25754e-05
-0.000655165
2.0985e-06
-0.000385651
-4.37464e-05
-0.000259672
-8.15108e-05
-0.000224383
-0.000115734
-0.000239866
-0.000148989
-0.000275279
-0.000184575
-0.000297441
-0.000228845
-0.000258
-0.000290294
-8.4157e-05
-0.000371271
0.000316461
-0.000458592
0.00102526
-0.000509587
0.00205469
-0.000452991
0.00321979
-0.000241321
0.00390225
0.00270209
2.16767e-06
-0.00203927
-0.000184901
-0.0028165
-0.000495933
-0.00227153
-0.000815543
-0.00148721
-0.00108045
-0.000858559
-0.00127822
-0.000457169
-0.00142128
-0.000242372
-0.00152688
-0.000153867
-0.0016086
-0.000142444
-0.0016749
-0.000173359
-0.00173113
-0.000218832
-0.00178109
-0.000247272
-0.00182534
-0.000213528
-0.00185561
-5.36668e-05
-0.00184345
0.000304517
-0.00174321
0.000925248
-0.00149288
0.00180458
-0.00104419
0.00277129
-0.00044519
0.0033034
0.00225696
-0.000265022
-0.00177418
-0.000881988
-0.00219937
-0.00155456
-0.00159874
-0.00211662
-0.000924934
-0.00252788
-0.000447085
-0.00281023
-0.000174604
-0.00300157
-5.08249e-05
-0.00313533
-1.99022e-05
-0.0032361
-4.14738e-05
-0.00331987
-8.93851e-05
-0.00339498
-0.000143534
-0.0034609
-0.000181153
-0.0035041
-0.000170135
-0.00349084
-6.67265e-05
-0.00336517
0.000179043
-0.00305299
0.000613265
-0.00248358
0.00123536
-0.00163806
0.00192594
-0.00065366
0.00231913
0.00160335
-0.000686215
-0.00108789
-0.00180014
-0.00108527
-0.0027553
-0.00064337
-0.00340207
-0.000277953
-0.00378343
-6.55097e-05
-0.00399147
3.36342e-05
-0.00410499
6.28928e-05
-0.00417489
5.01855e-05
-0.00423413
1.79481e-05
-0.00430216
-2.11862e-05
-0.00438455
-6.09678e-05
-0.00447296
-9.25797e-05
-0.0045401
-0.000102838
-0.00453334
-7.3331e-05
-0.00437595
2.18098e-05
-0.00396396
0.000201416
-0.00320982
0.000481364
-0.00209951
0.00081576
-0.000822873
0.00104259
0.000780521
-0.0010878
-0.00217289
-0.00281606
-0.0030938
-0.00315911
-0.00312529
-0.00306221
-0.00301186
-0.00299375
-0.00301478
-0.0030756
-0.00316804
-0.00327075
-0.00334396
-0.00332204
-0.00312051
-0.00263905
-0.0018232
-0.000780549
)
;

boundaryField
{
    leftWall
    {
        type            calculated;
        value           uniform 0;
    }
    rightWall
    {
        type            calculated;
        value           nonuniform List<scalar> 10(0 0 0 0 0 0 -4.33681e-19 0 -4.33681e-19 0);
    }
    topWall
    {
        type            calculated;
        value           uniform 0;
    }
    bottomWall
    {
        type            calculated;
        value           uniform 0;
    }
    frontAndBackPlanes
    {
        type            empty;
    }
}


// ************************************************************************* //
