/*--------------------------------*- C++ -*----------------------------------*\
| =========                 |                                                 |
| \\      /  F ield         | OpenFOAM: The Open Source CFD Toolbox           |
|  \\    /   O peration     | Version:  2506                                  |
|   \\  /    A nd           | Website:  www.openfoam.com                      |
|    \\/     M anipulation  |                                                 |
\*---------------------------------------------------------------------------*/
FoamFile
{
    version     2.0;
    format      ascii;
    arch        "LSB;label=32;scalar=64";
    class       volVectorField;
    location    "118.4";
    object      U;
}
// * * * * * * * * * * * * * * * * * * * * * * * * * * * * * * * * * * * * * //

dimensions      [0 1 -1 0 0 0 0];

internalField   nonuniform List<vector> 
200
(
(0.000469777 -0.00119957 0)
(0.00240553 -0.00153236 0)
(0.00447376 -0.00113155 0)
(0.00612608 -0.000614901 0)
(0.00714874 -0.000216776 0)
(0.00767403 1.1491e-05 0)
(0.0079027 8.99404e-05 0)
(0.00801438 5.99444e-05 0)
(0.00814335 -3.97798e-05 0)
(0.00838117 -0.000183192 0)
(0.00878684 -0.000358599 0)
(0.00939698 -0.000563883 0)
(0.0102299 -0.000796379 0)
(0.0112739 -0.00103542 0)
(0.0124454 -0.00121177 0)
(0.0134922 -0.00115347 0)
(0.0138539 -0.00050477 0)
(0.0126487 0.00125358 0)
(0.0089997 0.00418551 0)
(0.00269861 0.00573116 0)
(0.000522652 -0.00476661 0)
(0.00335113 -0.00740179 0)
(0.00644845 -0.00664141 0)
(0.00911829 -0.0047528 0)
(0.0110318 -0.00289658 0)
(0.012253 -0.00154651 0)
(0.0129894 -0.000795646 0)
(0.0134559 -0.000561387 0)
(0.0138235 -0.000706569 0)
(0.0142069 -0.00110151 0)
(0.0146698 -0.00164496 0)
(0.0152305 -0.00225401 0)
(0.0158585 -0.00282699 0)
(0.0164554 -0.003178 0)
(0.0168172 -0.00294276 0)
(0.0165849 -0.00147471 0)
(0.015174 0.00215777 0)
(0.0119561 0.00861302 0)
(0.00691673 0.0163739 0)
(0.00117169 0.0164673 0)
(0.000501507 -0.00844297 0)
(0.00320719 -0.0135629 0)
(0.00609956 -0.0126204 0)
(0.00859872 -0.0094918 0)
(0.0104228 -0.00625085 0)
(0.0116326 -0.00376835 0)
(0.0124048 -0.00224613 0)
(0.0129113 -0.00157063 0)
(0.0132792 -0.00151928 0)
(0.0135868 -0.00186519 0)
(0.0138691 -0.00241232 0)
(0.0141225 -0.00297996 0)
(0.0142995 -0.00334523 0)
(0.014292 -0.003151 0)
(0.0139061 -0.00180164 0)
(0.0128277 0.00157577 0)
(0.0107741 0.00783715 0)
(0.00760382 0.0170379 0)
(0.00374655 0.0259137 0)
(0.000427339 0.0221576 0)
(0.000444459 -0.0117857 0)
(0.00270983 -0.0189091 0)
(0.0049529 -0.0175954 0)
(0.00676705 -0.0132937 0)
(0.00800527 -0.00886843 0)
(0.00878056 -0.00547846 0)
(0.00925898 -0.00335848 0)
(0.00956776 -0.00232661 0)
(0.00978036 -0.00207061 0)
(0.00992996 -0.00228525 0)
(0.0100246 -0.00271063 0)
(0.0100534 -0.00310201 0)
(0.00997949 -0.00315035 0)
(0.00972354 -0.00237607 0)
(0.00914202 -4.75493e-05 0)
(0.00805418 0.00473659 0)
(0.00633711 0.0126626 0)
(0.00402595 0.0231769 0)
(0.00159255 0.0317373 0)
(5.83833e-05 0.024689 0)
(0.000371227 -0.0145231 0)
(0.00202069 -0.0228601 0)
(0.00337491 -0.0208861 0)
(0.00426818 -0.0155114 0)
(0.00473306 -0.0102091 0)
(0.00494036 -0.00626418 0)
(0.00503397 -0.00383877 0)
(0.00508607 -0.00263884 0)
(0.00511519 -0.00226729 0)
(0.00511709 -0.00237549 0)
(0.00508433 -0.00268304 0)
(0.00500796 -0.00292026 0)
(0.00486596 -0.00272496 0)
(0.00460618 -0.00153176 0)
(0.00412694 0.00147051 0)
(0.00334905 0.00714175 0)
(0.0022472 0.0159627 0)
(0.00097808 0.0268363 0)
(-5.04822e-05 0.0344689 0)
(-0.000175996 0.0251894 0)
(0.000278116 -0.0164868 0)
(0.00111159 -0.0250594 0)
(0.00135324 -0.0221574 0)
(0.00117171 -0.0159255 0)
(0.000796676 -0.0101615 0)
(0.000419255 -0.00607253 0)
(0.000120614 -0.00365319 0)
(-9.81703e-05 -0.00248612 0)
(-0.000267168 -0.00212463 0)
(-0.000414093 -0.00221644 0)
(-0.000552406 -0.00249082 0)
(-0.000692968 -0.00266878 0)
(-0.000855812 -0.00234813 0)
(-0.0010739 -0.000909288 0)
(-0.00138656 0.00247299 0)
(-0.00176384 0.00855381 0)
(-0.00208791 0.0175323 0)
(-0.0021138 0.0278991 0)
(-0.00158776 0.0342544 0)
(-0.000364426 0.0240202 0)
(0.000151001 -0.0173162 0)
(-0.000185997 -0.0249788 0)
(-0.00137302 -0.0209725 0)
(-0.00277262 -0.0143026 0)
(-0.00402464 -0.0086523 0)
(-0.00499277 -0.00489124 0)
(-0.00569331 -0.00278573 0)
(-0.00619914 -0.00183912 0)
(-0.00657986 -0.00161298 0)
(-0.00688236 -0.001788 0)
(-0.00713503 -0.00211146 0)
(-0.00735828 -0.00230037 0)
(-0.00756582 -0.00194562 0)
(-0.00774672 -0.000458662 0)
(-0.00782625 0.00287318 0)
(-0.00763286 0.00863614 0)
(-0.0069191 0.0168272 0)
(-0.00544125 0.0258848 0)
(-0.00322077 0.030927 0)
(-0.000585644 0.0211582 0)
(-0.000189279 -0.0163428 0)
(-0.00228231 -0.0217094 0)
(-0.00513994 -0.0168267 0)
(-0.00781096 -0.0104899 0)
(-0.00986004 -0.00566047 0)
(-0.0112852 -0.0027174 0)
(-0.0122423 -0.00123874 0)
(-0.0128945 -0.000717214 0)
(-0.0133662 -0.000763002 0)
(-0.0137417 -0.00110721 0)
(-0.0140727 -0.00153537 0)
(-0.014379 -0.0018037 0)
(-0.014638 -0.00157212 0)
(-0.0147576 -0.000380638 0)
(-0.0145306 0.00229912 0)
(-0.0136658 0.0069009 0)
(-0.0118217 0.0133691 0)
(-0.00879339 0.0204249 0)
(-0.00487392 0.0242513 0)
(-0.000820726 0.0165216 0)
(-0.000829962 -0.0124479 0)
(-0.00527896 -0.0143874 0)
(-0.00974332 -0.00957775 0)
(-0.0131493 -0.00479503 0)
(-0.0152638 -0.00169489 0)
(-0.0164259 -0.00013059 0)
(-0.0170355 0.000417972 0)
(-0.0173779 0.000389429 0)
(-0.017626 6.14372e-05 0)
(-0.0178836 -0.000400477 0)
(-0.0182028 -0.000873538 0)
(-0.0185825 -0.00122103 0)
(-0.018954 -0.00125082 0)
(-0.0191574 -0.000697929 0)
(-0.0189043 0.000761459 0)
(-0.0177776 0.00344299 0)
(-0.0153333 0.00737524 0)
(-0.0113322 0.0118343 0)
(-0.00620568 0.0145197 0)
(-0.00104738 0.0102181 0)
(-0.00199451 -0.00425759 0)
(-0.00707138 -0.00372654 0)
(-0.0107082 -0.00172816 0)
(-0.0126271 -0.000317617 0)
(-0.0132656 0.000349254 0)
(-0.0132483 0.000541149 0)
(-0.0129914 0.000497865 0)
(-0.0127244 0.000361249 0)
(-0.0125667 0.000193586 0)
(-0.0125701 1.66222e-05 0)
(-0.0127489 -0.000158951 0)
(-0.0130887 -0.000319655 0)
(-0.0135327 -0.000438924 0)
(-0.0139559 -0.000466774 0)
(-0.0141347 -0.000318036 0)
(-0.0137355 0.000140852 0)
(-0.0123161 0.00102022 0)
(-0.00952122 0.00226685 0)
(-0.00556305 0.00335969 0)
(-0.00132003 0.00283452 0)
)
;

boundaryField
{
    leftWall
    {
        type            fixedValue;
        value           uniform (0 0 0);
    }
    rightWall
    {
        type            fixedValue;
        value           uniform (0 0 0);
    }
    topWall
    {
        type            fixedValue;
        value           uniform (0 0 0);
    }
    bottomWall
    {
        type            fixedValue;
        value           uniform (0 0 0);
    }
    frontAndBackPlanes
    {
        type            empty;
    }
}


// ************************************************************************* //
