/*--------------------------------*- C++ -*----------------------------------*\
| =========                 |                                                 |
| \\      /  F ield         | OpenFOAM: The Open Source CFD Toolbox           |
|  \\    /   O peration     | Version:  2506                                  |
|   \\  /    A nd           | Website:  www.openfoam.com                      |
|    \\/     M anipulation  |                                                 |
\*---------------------------------------------------------------------------*/
FoamFile
{
    version     2.0;
    format      ascii;
    arch        "LSB;label=32;scalar=64";
    class       volVectorField;
    location    "100.2";
    object      U;
}
// * * * * * * * * * * * * * * * * * * * * * * * * * * * * * * * * * * * * * //

dimensions      [0 1 -1 0 0 0 0];

internalField   nonuniform List<vector> 
200
(
(0.000345106 -0.000984674 0)
(0.00195348 -0.00128179 0)
(0.00374925 -0.000968884 0)
(0.00523319 -0.000555254 0)
(0.00619742 -0.000231815 0)
(0.0067487 -4.51165e-05 0)
(0.0070529 1.66247e-05 0)
(0.00726296 -1.51413e-05 0)
(0.00749714 -0.000110042 0)
(0.0078391 -0.000247877 0)
(0.00834586 -0.000420125 0)
(0.00905588 -0.000625972 0)
(0.00999085 -0.000862772 0)
(0.0111422 -0.00110872 0)
(0.0124275 -0.00129249 0)
(0.0135913 -0.00123933 0)
(0.0140553 -0.000586594 0)
(0.0129137 0.00121389 0)
(0.00924648 0.00425118 0)
(0.00278758 0.00591349 0)
(0.000450989 -0.00402656 0)
(0.00294828 -0.0063913 0)
(0.00574439 -0.00587847 0)
(0.00820836 -0.00436086 0)
(0.0100332 -0.00282577 0)
(0.0112621 -0.00169703 0)
(0.01207 -0.00107287 0)
(0.0126431 -0.000895792 0)
(0.0131322 -0.00105668 0)
(0.0136416 -0.00144922 0)
(0.0142306 -0.00198799 0)
(0.0149172 -0.00259853 0)
(0.0156723 -0.00318092 0)
(0.0163977 -0.00354494 0)
(0.0168856 -0.00331586 0)
(0.0167654 -0.00182823 0)
(0.0154396 0.00188711 0)
(0.0122417 0.00854718 0)
(0.00712687 0.0166478 0)
(0.00121664 0.0169704 0)
(0.000459339 -0.0073382 0)
(0.00297308 -0.0120285 0)
(0.00570767 -0.0114482 0)
(0.00811464 -0.00887791 0)
(0.00991794 -0.00612812 0)
(0.0111605 -0.00399062 0)
(0.0119972 -0.00267232 0)
(0.012583 -0.00209557 0)
(0.0130353 -0.0020785 0)
(0.0134273 -0.00242818 0)
(0.0137931 -0.00297208 0)
(0.0141293 -0.00354207 0)
(0.0143892 -0.00391753 0)
(0.0144644 -0.00373334 0)
(0.0141577 -0.00237347 0)
(0.0131464 0.00107814 0)
(0.0111112 0.00754168 0)
(0.00789491 0.0171012 0)
(0.00392534 0.026453 0)
(0.000457715 0.0228861 0)
(0.000425069 -0.0105006 0)
(0.00263349 -0.01717 0)
(0.004871 -0.016322 0)
(0.00672245 -0.0126901 0)
(0.00802382 -0.00883222 0)
(0.00886859 -0.0058247 0)
(0.00940985 -0.00391894 0)
(0.00977 -0.00298211 0)
(0.0100233 -0.00275233 0)
(0.0102062 -0.00296364 0)
(0.0103302 -0.00338174 0)
(0.010387 -0.00377471 0)
(0.0103414 -0.00383379 0)
(0.0101136 -0.00306517 0)
(0.00956073 -0.000703232 0)
(0.0084716 0.00422482 0)
(0.00671785 0.0124515 0)
(0.00431815 0.0234448 0)
(0.00175156 0.0325596 0)
(8.15017e-05 0.0256041 0)
(0.000370995 -0.0132137 0)
(0.00207277 -0.0211945 0)
(0.00354088 -0.0197779 0)
(0.00456554 -0.0151094 0)
(0.0051453 -0.0103599 0)
(0.00543458 -0.00675461 0)
(0.0055755 -0.00449477 0)
(0.00564685 -0.00334913 0)
(0.00567653 -0.00297645 0)
(0.0056686 -0.00306566 0)
(0.00562118 -0.00335878 0)
(0.00552901 -0.00359637 0)
(0.00537213 -0.00341295 0)
(0.00509755 -0.00222083 0)
(0.00459676 0.000841019 0)
(0.00377935 0.00670672 0)
(0.00260939 0.0159083 0)
(0.00123247 0.0273491 0)
(6.305e-05 0.0355693 0)
(-0.000170242 0.026259 0)
(0.000288627 -0.0152676 0)
(0.00124992 -0.023667 0)
(0.00168017 -0.0213809 0)
(0.00167002 -0.0158167 0)
(0.00141268 -0.0105194 0)
(0.00109604 -0.00667791 0)
(0.000814116 -0.00434901 0)
(0.000582483 -0.00318538 0)
(0.00038386 -0.00279191 0)
(0.000200323 -0.00284949 0)
(2.23098e-05 -0.00310462 0)
(-0.000158685 -0.00328442 0)
(-0.000362324 -0.002978 0)
(-0.000624245 -0.00153502 0)
(-0.00099129 0.00193134 0)
(-0.00143884 0.00825337 0)
(-0.00184942 0.0176762 0)
(-0.00197374 0.0286583 0)
(-0.00154112 0.0355754 0)
(-0.000365852 0.0251817 0)
(0.000157082 -0.0162746 0)
(-1.38143e-05 -0.0239621 0)
(-0.000984824 -0.0205865 0)
(-0.00223077 -0.0144749 0)
(-0.00340297 -0.00915477 0)
(-0.00435163 -0.00553229 0)
(-0.00507221 -0.00344774 0)
(-0.00562028 -0.00246701 0)
(-0.00605387 -0.00219167 0)
(-0.00641316 -0.00232564 0)
(-0.00672354 -0.00262747 0)
(-0.00700521 -0.00281468 0)
(-0.0072744 -0.00246367 0)
(-0.00752441 -0.000950695 0)
(-0.00768518 0.00249403 0)
(-0.0075751 0.00851651 0)
(-0.00693302 0.0171492 0)
(-0.00549919 0.026788 0)
(-0.00328355 0.0323193 0)
(-0.000603829 0.022299 0)
(-0.000159601 -0.0155167 0)
(-0.00207532 -0.0210687 0)
(-0.00477083 -0.0167568 0)
(-0.00735148 -0.0108376 0)
(-0.0093857 -0.00620801 0)
(-0.0108477 -0.00331489 0)
(-0.0118706 -0.0018038 0)
(-0.0126028 -0.00122077 0)
(-0.0131582 -0.00120615 0)
(-0.0136166 -0.00150549 0)
(-0.0140289 -0.00191079 0)
(-0.0144158 -0.00217266 0)
(-0.0147574 -0.00193329 0)
(-0.0149626 -0.000701302 0)
(-0.014819 0.00209334 0)
(-0.014013 0.00692301 0)
(-0.0121832 0.01376 0)
(-0.00910552 0.0212883 0)
(-0.0050732 0.0254937 0)
(-0.00086101 0.0175039 0)
(-0.000780383 -0.0118716 0)
(-0.005035 -0.0140827 0)
(-0.00939972 -0.00970522 0)
(-0.0128169 -0.00516974 0)
(-0.0150224 -0.00214142 0)
(-0.0163032 -0.000550059 0)
(-0.0170335 5.97249e-05 0)
(-0.0174952 9.52831e-05 0)
(-0.0178498 -0.000180967 0)
(-0.018203 -0.000610434 0)
(-0.0186141 -0.00106865 0)
(-0.0190823 -0.00141274 0)
(-0.0195407 -0.00143804 0)
(-0.019826 -0.000860253 0)
(-0.0196391 0.000668529 0)
(-0.0185345 0.00348936 0)
(-0.0160413 0.00765408 0)
(-0.0118976 0.0124187 0)
(-0.00654263 0.0153554 0)
(-0.00111124 0.0108861 0)
(-0.00189387 -0.00404805 0)
(-0.00678783 -0.00365834 0)
(-0.0104143 -0.00179871 0)
(-0.0124344 -0.000440355 0)
(-0.0132131 0.000232496 0)
(-0.013342 0.000455301 0)
(-0.013216 0.00043643 0)
(-0.0130484 0.000318494 0)
(-0.0129703 0.00016386 0)
(-0.0130392 -8.61177e-06 0)
(-0.0132725 -0.000184269 0)
(-0.0136656 -0.000348542 0)
(-0.0141651 -0.00047329 0)
(-0.0146435 -0.000504961 0)
(-0.0148665 -0.00035226 0)
(-0.014484 0.000128527 0)
(-0.0130256 0.00106181 0)
(-0.0101039 0.00239758 0)
(-0.00592876 0.00358262 0)
(-0.00141568 0.0030419 0)
)
;

boundaryField
{
    leftWall
    {
        type            fixedValue;
        value           uniform (0 0 0);
    }
    rightWall
    {
        type            fixedValue;
        value           uniform (0 0 0);
    }
    topWall
    {
        type            fixedValue;
        value           uniform (0 0 0);
    }
    bottomWall
    {
        type            fixedValue;
        value           uniform (0 0 0);
    }
    frontAndBackPlanes
    {
        type            empty;
    }
}


// ************************************************************************* //
