/*--------------------------------*- C++ -*----------------------------------*\
| =========                 |                                                 |
| \\      /  F ield         | OpenFOAM: The Open Source CFD Toolbox           |
|  \\    /   O peration     | Version:  2506                                  |
|   \\  /    A nd           | Website:  www.openfoam.com                      |
|    \\/     M anipulation  |                                                 |
\*---------------------------------------------------------------------------*/
FoamFile
{
    version     2.0;
    format      ascii;
    arch        "LSB;label=32;scalar=64";
    class       volVectorField;
    location    "35.6";
    object      U;
}
// * * * * * * * * * * * * * * * * * * * * * * * * * * * * * * * * * * * * * //

dimensions      [0 1 -1 0 0 0 0];

internalField   nonuniform List<vector> 
200
(
(-0.000222127 -0.000123045 0)
(-4.03524e-06 -0.000277477 0)
(0.000784914 -0.000382659 0)
(0.00185533 -0.000477367 0)
(0.00301657 -0.000520559 0)
(0.00420325 -0.000518083 0)
(0.00535128 -0.000496468 0)
(0.00643301 -0.000481056 0)
(0.0074569 -0.000491804 0)
(0.00845651 -0.000542961 0)
(0.00947869 -0.000643202 0)
(0.0105716 -0.00079483 0)
(0.0117694 -0.000989875 0)
(0.0130697 -0.00119927 0)
(0.0143911 -0.00134926 0)
(0.0154805 -0.00126886 0)
(0.0157817 -0.000593632 0)
(0.014382 0.00127835 0)
(0.0102911 0.00455082 0)
(0.00309609 0.00651919 0)
(7.34765e-05 -0.000832692 0)
(0.00101936 -0.00228185 0)
(0.00271135 -0.00338733 0)
(0.00483825 -0.00407052 0)
(0.00711582 -0.00432998 0)
(0.00935406 -0.00427898 0)
(0.0114437 -0.00406147 0)
(0.0133407 -0.00380731 0)
(0.0150469 -0.00361306 0)
(0.0165889 -0.00353552 0)
(0.0179965 -0.00358864 0)
(0.0192797 -0.00373683 0)
(0.0204042 -0.00387767 0)
(0.0212603 -0.00380572 0)
(0.0216262 -0.00314625 0)
(0.021117 -0.00125088 0)
(0.0191335 0.00285974 0)
(0.0150052 0.00999773 0)
(0.00872599 0.0187812 0)
(0.00151163 0.0192546 0)
(0.000178055 -0.00219936 0)
(0.00167016 -0.00566676 0)
(0.00396824 -0.00800628 0)
(0.00664791 -0.00919359 0)
(0.00932185 -0.00943594 0)
(0.0117744 -0.00904995 0)
(0.0139175 -0.00834821 0)
(0.0157412 -0.00757729 0)
(0.0172757 -0.0068965 0)
(0.0185626 -0.00637571 0)
(0.0196301 -0.00599549 0)
(0.020471 -0.00563841 0)
(0.0210197 -0.00506572 0)
(0.0211303 -0.00387602 0)
(0.0205565 -0.00144862 0)
(0.0189196 0.00308853 0)
(0.0158919 0.0106015 0)
(0.011323 0.0212224 0)
(0.00577807 0.0315257 0)
(0.000756723 0.0272045 0)
(0.000241216 -0.00417403 0)
(0.00206329 -0.0100421 0)
(0.00462167 -0.0134652 0)
(0.00736463 -0.0147735 0)
(0.00985622 -0.0145528 0)
(0.011912 -0.0134399 0)
(0.0135123 -0.0119662 0)
(0.0147195 -0.0104972 0)
(0.0156229 -0.00923208 0)
(0.0163046 -0.00822328 0)
(0.0168158 -0.00738882 0)
(0.0171599 -0.0065074 0)
(0.0172764 -0.0051952 0)
(0.0170266 -0.00287458 0)
(0.0161599 0.00123876 0)
(0.0144296 0.00799725 0)
(0.0116281 0.0180483 0)
(0.00778946 0.0307545 0)
(0.00356904 0.0409874 0)
(0.000356513 0.0320275 0)
(0.000293666 -0.00647421 0)
(0.00219407 -0.0147165 0)
(0.00457245 -0.0188018 0)
(0.00683715 -0.019682 0)
(0.00859361 -0.0185109 0)
(0.00975436 -0.0163464 0)
(0.0104096 -0.0139588 0)
(0.0107138 -0.0118066 0)
(0.0108199 -0.0100864 0)
(0.0108454 -0.00879202 0)
(0.0108575 -0.00774829 0)
(0.0108646 -0.00661233 0)
(0.0108113 -0.00485286 0)
(0.0105729 -0.00173516 0)
(0.00991982 0.00363267 0)
(0.00867151 0.012049 0)
(0.00670093 0.023857 0)
(0.00412593 0.0376903 0)
(0.00153609 0.0471584 0)
(3.75996e-05 0.03452 0)
(0.00030673 -0.00877811 0)
(0.00188403 -0.0188655 0)
(0.00348869 -0.0229204 0)
(0.0046456 -0.0227881 0)
(0.00512728 -0.0203182 0)
(0.00500831 -0.01702 0)
(0.00450462 -0.0138576 0)
(0.00384262 -0.0113098 0)
(0.00319849 -0.00950152 0)
(0.00267966 -0.00831637 0)
(0.00232728 -0.00745591 0)
(0.00212482 -0.00644733 0)
(0.00200738 -0.00462363 0)
(0.00187217 -0.00112156 0)
(0.00156294 0.00501678 0)
(0.00101623 0.0144701 0)
(0.000255166 0.02724 0)
(-0.000497739 0.0413233 0)
(-0.000848614 0.049545 0)
(-0.000300602 0.0346567 0)
(0.000230943 -0.0104869 0)
(0.000858161 -0.0212269 0)
(0.000929794 -0.0244024 0)
(0.00030645 -0.0228642 0)
(-0.000920836 -0.0191069 0)
(-0.00247902 -0.0150054 0)
(-0.00409547 -0.0115718 0)
(-0.00557532 -0.00916471 0)
(-0.00681244 -0.00773964 0)
(-0.00777548 -0.00702667 0)
(-0.00848158 -0.00660905 0)
(-0.00897142 -0.00592933 0)
(-0.00928683 -0.00426934 0)
(-0.00944245 -0.000765978 0)
(-0.00938382 0.00544059 0)
(-0.00897471 0.0148299 0)
(-0.00800879 0.027096 0)
(-0.00625887 0.0400092 0)
(-0.0037459 0.0468075 0)
(-0.000717976 0.0319148 0)
(-2.12007e-05 -0.0106118 0)
(-0.00116601 -0.0200905 0)
(-0.00339412 -0.0216225 0)
(-0.00624073 -0.0188427 0)
(-0.0092072 -0.0145606 0)
(-0.0119599 -0.0105409 0)
(-0.0143401 -0.0075767 0)
(-0.0163164 -0.00580907 0)
(-0.0179325 -0.00503687 0)
(-0.0192595 -0.00490659 0)
(-0.0203578 -0.00498288 0)
(-0.0212467 -0.00474796 0)
(-0.0218766 -0.00358397 0)
(-0.0220948 -0.000790611 0)
(-0.021581 0.00430334 0)
(-0.0200121 0.0120835 0)
(-0.0170346 0.0222085 0)
(-0.0125003 0.0327228 0)
(-0.00688919 0.038099 0)
(-0.00118308 0.0258393 0)
(-0.000501486 -0.00806083 0)
(-0.00394397 -0.0141085 0)
(-0.00858976 -0.0140253 0)
(-0.0132834 -0.0111098 0)
(-0.0172629 -0.00760768 0)
(-0.0203337 -0.00472701 0)
(-0.0226143 -0.00288163 0)
(-0.0243379 -0.00202606 0)
(-0.0257405 -0.00191783 0)
(-0.0270016 -0.00225696 0)
(-0.0282142 -0.00272892 0)
(-0.0293649 -0.0029956 0)
(-0.030314 -0.00267384 0)
(-0.0307737 -0.00132933 0)
(-0.030269 0.00150076 0)
(-0.0282085 0.00619563 0)
(-0.0240506 0.0126254 0)
(-0.0175928 0.0195759 0)
(-0.0095852 0.0235473 0)
(-0.00163457 0.0164699 0)
(-0.0010824 -0.00244529 0)
(-0.00496593 -0.00363931 0)
(-0.00948557 -0.00311909 0)
(-0.0133591 -0.0020339 0)
(-0.0160285 -0.0010126 0)
(-0.0176116 -0.000300158 0)
(-0.0184611 7.2702e-05 0)
(-0.0189358 0.000166998 0)
(-0.0193181 6.50557e-05 0)
(-0.0197967 -0.000158005 0)
(-0.0204692 -0.000438452 0)
(-0.0213402 -0.000714963 0)
(-0.0223099 -0.000914762 0)
(-0.0231495 -0.000938256 0)
(-0.0234678 -0.000633995 0)
(-0.0227244 0.000227715 0)
(-0.0202445 0.00179122 0)
(-0.0155483 0.00390381 0)
(-0.00905709 0.00566875 0)
(-0.00216992 0.00470947 0)
)
;

boundaryField
{
    leftWall
    {
        type            fixedValue;
        value           uniform (0 0 0);
    }
    rightWall
    {
        type            fixedValue;
        value           uniform (0 0 0);
    }
    topWall
    {
        type            fixedValue;
        value           uniform (0 0 0);
    }
    bottomWall
    {
        type            fixedValue;
        value           uniform (0 0 0);
    }
    frontAndBackPlanes
    {
        type            empty;
    }
}


// ************************************************************************* //
