/*--------------------------------*- C++ -*----------------------------------*\
| =========                 |                                                 |
| \\      /  F ield         | OpenFOAM: The Open Source CFD Toolbox           |
|  \\    /   O peration     | Version:  2506                                  |
|   \\  /    A nd           | Website:  www.openfoam.com                      |
|    \\/     M anipulation  |                                                 |
\*---------------------------------------------------------------------------*/
FoamFile
{
    version     2.0;
    format      ascii;
    arch        "LSB;label=32;scalar=64";
    class       surfaceScalarField;
    location    "60.8";
    object      phi;
}
// * * * * * * * * * * * * * * * * * * * * * * * * * * * * * * * * * * * * * //

dimensions      [1 0 -1 0 0 0 0];

oriented        oriented;

internalField   nonuniform List<scalar> 
370
(
6.5265e-05
-0.000137407
0.000307308
-0.00024198
0.000562066
-0.000254664
0.000787811
-0.000225631
0.00097277
-0.000184832
0.00112368
-0.000150775
0.00125558
-0.000131766
0.00138551
-0.000129787
0.00152964
-0.000143974
0.0017024
-0.000172614
0.0019163
-0.000213739
0.0021808
-0.000264333
0.00249862
-0.000317646
0.00285784
-0.000359046
0.00321725
-0.000359224
0.0034812
-0.000263759
0.00345115
3.02315e-05
0.00290556
0.000545777
0.00160362
0.00130211
0.00160372
0.000219064
-0.000356431
0.000642974
-0.000665776
0.00110751
-0.000719035
0.00153
-0.000647924
0.0018854
-0.000540021
0.00217889
-0.000444042
0.00242863
-0.000381288
0.00265584
-0.000356781
0.00287957
-0.000367481
0.00311419
-0.000407002
0.00336767
-0.000466984
0.00363881
-0.00053523
0.00391188
-0.00059047
0.00414697
-0.000593884
0.00426653
-0.000478523
0.00414514
-0.000142116
0.00363393
0.000541702
0.00255732
0.00162263
0.00105209
0.00280756
0.00265593
0.000280464
-0.000636828
0.00078075
-0.00116588
0.00130726
-0.00124528
0.00177154
-0.00111189
0.00215021
-0.000918367
0.00245169
-0.000745191
0.0026956
-0.000624861
0.002902
-0.000562852
0.00308671
-0.000551856
0.00325956
-0.000579527
0.00342351
-0.000630593
0.00357248
-0.000683858
0.0036868
-0.000704445
0.00372579
-0.000632524
0.0036207
-0.000373075
0.00327748
0.000201458
0.00261723
0.00120229
0.00164177
0.0025984
0.000578499
0.0038711
0.00323455
0.000297321
-0.000934059
0.000798037
-0.00166634
0.00129209
-0.00173897
0.00169825
-0.00151764
0.00200512
-0.00122481
0.00222988
-0.000969519
0.00239564
-0.000790191
0.0025217
-0.000688485
0.00262101
-0.000650736
0.00270064
-0.000658744
0.00276258
-0.000692107
0.0028027
-0.000723547
0.00280709
-0.000708396
0.00274607
-0.000571066
0.00257029
-0.000196857
0.00221916
0.000553018
0.00166081
0.00176105
0.000945097
0.00331448
0.000276146
0.00454035
0.00351084
0.000282467
-0.00121641
0.000714078
-0.00209765
0.00109538
-0.00211985
0.00136885
-0.00179063
0.00154358
-0.00139904
0.00164764
-0.00107307
0.00170639
-0.000848453
0.00173669
-0.000718292
0.00174798
-0.00066154
0.00174524
-0.000655528
0.00173072
-0.000677097
0.00170305
-0.000695387
0.00165399
-0.000658833
0.0015641
-0.000480663
0.00140064
-3.28919e-05
0.00112857
0.000825591
0.000748249
0.00214185
0.000332635
0.00373052
3.97034e-05
0.00483362
0.00355069
0.000225008
-0.0014413
0.000501888
-0.00237419
0.000681003
-0.00229848
0.000750018
-0.00185911
0.000745071
-0.00139354
0.000701456
-0.00102891
0.000640966
-0.000787435
0.000573891
-0.000650697
0.000504541
-0.000591673
0.000435146
-0.000585616
0.000366569
-0.000607997
0.000296443
-0.000624731
0.000216832
-0.00057868
0.000114634
-0.000377909
-2.10667e-05
0.000103381
-0.000176945
0.000982028
-0.000312828
0.00227825
-0.000349664
0.00376782
-0.000216323
0.00470062
0.0033345
9.6536e-05
-0.00153769
9.3872e-05
-0.00237114
-3.97007e-05
-0.00216439
-0.000245502
-0.00165275
-0.000467855
-0.00117063
-0.000676764
-0.000819455
-0.000863078
-0.000600585
-0.00102768
-0.000485569
-0.00117398
-0.000444841
-0.00130529
-0.000453779
-0.00142523
-0.000487528
-0.00153853
-0.000510898
-0.00164899
-0.000467682
-0.00175173
-0.000274606
-0.00181768
0.000169888
-0.00178444
0.000949348
-0.00157446
0.00206879
-0.00112856
0.00332237
-0.000493005
0.00406539
0.00284163
-0.000151406
-0.00138612
-0.000582016
-0.00194011
-0.00112369
-0.00162219
-0.0016411
-0.00113479
-0.00207919
-0.000731991
-0.00243274
-0.000465373
-0.00271707
-0.000315732
-0.00295156
-0.000250559
-0.00315313
-0.00024277
-0.00333466
-0.000271741
-0.00350453
-0.000317164
-0.00366366
-0.000351268
-0.0037987
-0.000332138
-0.00387158
-0.000201229
-0.00381114
0.000109951
-0.00352003
0.000658732
-0.00290634
0.00145558
-0.00194169
0.00235812
-0.000784918
0.00290893
0.00205684
-0.00053281
-0.000853121
-0.00147909
-0.000993397
-0.00238838
-0.00071236
-0.00309833
-0.000424296
-0.00360576
-0.00022404
-0.00395992
-0.000110705
-0.00421552
-5.96548e-05
-0.00441735
-4.8254e-05
-0.00459779
-6.18809e-05
-0.00477786
-9.12247e-05
-0.00496706
-0.00012754
-0.00515878
-0.000159123
-0.00532205
-0.000168461
-0.00539235
-0.000130516
-0.00527343
-8.57191e-06
-0.0048316
0.000217294
-0.00395296
0.000577311
-0.00261176
0.00101725
-0.00103469
0.00133211
0.00102225
-0.000852919
-0.00184587
-0.00255771
-0.00298149
-0.00320503
-0.00331527
-0.00337449
-0.00342233
-0.00348382
-0.00357467
-0.00370185
-0.00386063
-0.00402877
-0.00415897
-0.00416725
-0.00394967
-0.0033721
-0.00235462
-0.00102233
)
;

boundaryField
{
    leftWall
    {
        type            calculated;
        value           nonuniform List<scalar> 10(0 0 0 0 0 -1.0842e-19 0 0 0 -4.33681e-19);
    }
    rightWall
    {
        type            calculated;
        value           nonuniform List<scalar> 10(0 0 0 0 0 0 0 0 4.33681e-19 0);
    }
    topWall
    {
        type            calculated;
        value           uniform 0;
    }
    bottomWall
    {
        type            calculated;
        value           uniform 0;
    }
    frontAndBackPlanes
    {
        type            empty;
    }
}


// ************************************************************************* //
