/*--------------------------------*- C++ -*----------------------------------*\
| =========                 |                                                 |
| \\      /  F ield         | OpenFOAM: The Open Source CFD Toolbox           |
|  \\    /   O peration     | Version:  2506                                  |
|   \\  /    A nd           | Website:  www.openfoam.com                      |
|    \\/     M anipulation  |                                                 |
\*---------------------------------------------------------------------------*/
FoamFile
{
    version     2.0;
    format      ascii;
    arch        "LSB;label=32;scalar=64";
    class       volVectorField;
    location    "60.8";
    object      U;
}
// * * * * * * * * * * * * * * * * * * * * * * * * * * * * * * * * * * * * * //

dimensions      [0 1 -1 0 0 0 0];

internalField   nonuniform List<vector> 
200
(
(-6.59397e-06 -0.000420951 0)
(0.000701427 -0.00062296 0)
(0.00177746 -0.000557053 0)
(0.002839 -0.000433389 0)
(0.00370179 -0.000314861 0)
(0.00439272 -0.000234054 0)
(0.00496863 -0.000204991 0)
(0.0055 -0.00022799 0)
(0.00605768 -0.000299091 0)
(0.00670653 -0.000415838 0)
(0.007504 -0.000578735 0)
(0.00849857 -0.000788583 0)
(0.00972177 -0.00103844 0)
(0.0111668 -0.00129763 0)
(0.0127415 -0.00148467 0)
(0.0141666 -0.00141823 0)
(0.0148148 -0.000727683 0)
(0.0137324 0.00118514 0)
(0.00992371 0.00445928 0)
(0.00301261 0.0063679 0)
(0.000230043 -0.00197122 0)
(0.00172643 -0.0035955 0)
(0.00363997 -0.00384305 0)
(0.00553944 -0.00344349 0)
(0.00717793 -0.00285623 0)
(0.00852254 -0.0023517 0)
(0.00963656 -0.00205149 0)
(0.0106112 -0.00198666 0)
(0.0115346 -0.00214434 0)
(0.0124789 -0.00249494 0)
(0.0134929 -0.0030001 0)
(0.0145947 -0.00360118 0)
(0.0157556 -0.00418611 0)
(0.0168693 -0.0045313 0)
(0.0177035 -0.00421945 0)
(0.0178462 -0.00254663 0)
(0.0166521 0.00150645 0)
(0.0133584 0.00874582 0)
(0.0078739 0.0176493 0)
(0.00136993 0.0183777 0)
(0.000311605 -0.0041001 0)
(0.00215964 -0.00756782 0)
(0.00436071 -0.00816057 0)
(0.00647815 -0.00735759 0)
(0.00825296 -0.00613952 0)
(0.00966213 -0.00504355 0)
(0.0107807 -0.0042994 0)
(0.0117015 -0.00395727 0)
(0.0125035 -0.00397856 0)
(0.0132418 -0.00428679 0)
(0.0139447 -0.0047822 0)
(0.014609 -0.00532202 0)
(0.0151862 -0.00566619 0)
(0.0155579 -0.00539321 0)
(0.0155006 -0.00380819 0)
(0.0146499 8.77498e-05 0)
(0.0125864 0.00732378 0)
(0.00910723 0.0179753 0)
(0.00465034 0.0285343 0)
(0.000582921 0.0251608 0)
(0.000341141 -0.0065658 0)
(0.00226193 -0.0118903 0)
(0.00439289 -0.0125985 0)
(0.00631408 -0.0111708 0)
(0.0078107 -0.00916369 0)
(0.00890562 -0.0073759 0)
(0.00970022 -0.00611556 0)
(0.0102921 -0.00542197 0)
(0.010751 -0.00521204 0)
(0.0111186 -0.00535793 0)
(0.0114141 -0.00570713 0)
(0.011635 -0.00605198 0)
(0.011748 -0.0060539 0)
(0.0116681 -0.00513909 0)
(0.0112318 -0.00241843 0)
(0.0101664 0.00323987 0)
(0.00826793 0.0126476 0)
(0.00551194 0.0251915 0)
(0.00241671 0.0357952 0)
(0.000186642 0.0286686 0)
(0.000346107 -0.00904343 0)
(0.00210137 -0.0159185 0)
(0.00383792 -0.0164135 0)
(0.00522844 -0.0141534 0)
(0.00615939 -0.0112851 0)
(0.00672099 -0.0088214 0)
(0.00704024 -0.00709179 0)
(0.00721155 -0.00608522 0)
(0.0072896 -0.00565922 0)
(0.00730284 -0.00564105 0)
(0.00726581 -0.00584563 0)
(0.0071817 -0.00602724 0)
(0.00703342 -0.00577966 0)
(0.00676682 -0.00441551 0)
(0.00627277 -0.000904873 0)
(0.0053673 0.00593437 0)
(0.00398563 0.0166676 0)
(0.00223229 0.0300275 0)
(0.000571424 0.0398986 0)
(-0.000104377 0.0299776 0)
(0.00031116 -0.0112462 0)
(0.0015935 -0.0190598 0)
(0.00255349 -0.0189523 0)
(0.00306448 -0.0157458 0)
(0.00317757 -0.0121006 0)
(0.00305286 -0.00913059 0)
(0.00281879 -0.00710607 0)
(0.00254343 -0.00593028 0)
(0.00225435 -0.00540123 0)
(0.00196295 -0.00531772 0)
(0.00167531 -0.00547878 0)
(0.00138861 -0.00561084 0)
(0.00108121 -0.0052504 0)
(0.000709597 -0.00362599 0)
(0.000213775 0.000365444 0)
(-0.000423273 0.00784632 0)
(-0.00107357 0.0190552 0)
(-0.00148168 0.0321766 0)
(-0.00134119 0.0407309 0)
(-0.000356446 0.0292936 0)
(0.000202692 -0.0127103 0)
(0.000529874 -0.0204475 0)
(0.000202063 -0.0193661 0)
(-0.000558518 -0.0153002 0)
(-0.00148821 -0.011193 0)
(-0.00240604 -0.0080711 0)
(-0.00323637 -0.00605203 0)
(-0.00396801 -0.00493633 0)
(-0.00461413 -0.00447941 0)
(-0.00519046 -0.00446781 0)
(-0.00571227 -0.00468682 0)
(-0.00619966 -0.00483247 0)
(-0.00667683 -0.00440682 0)
(-0.00714975 -0.00264761 0)
(-0.00755843 0.00141382 0)
(-0.00767642 0.00860667 0)
(-0.00718833 0.0189799 0)
(-0.00580022 0.0306527 0)
(-0.00352114 0.0376462 0)
(-0.000665578 0.0263696 0)
(-5.99195e-05 -0.0126092 0)
(-0.00138224 -0.0187908 0)
(-0.00353469 -0.0165705 0)
(-0.00583067 -0.012197 0)
(-0.00785669 -0.00829788 0)
(-0.009507 -0.00557003 0)
(-0.0108239 -0.00394193 0)
(-0.0118911 -0.00314598 0)
(-0.0127886 -0.00293127 0)
(-0.0135804 -0.00309436 0)
(-0.0143134 -0.00342927 0)
(-0.0150132 -0.00365043 0)
(-0.0156641 -0.00332248 0)
(-0.016169 -0.00183454 0)
(-0.0162869 0.00152549 0)
(-0.0156131 0.00733592 0)
(-0.01372 0.015598 0)
(-0.0103415 0.0247839 0)
(-0.00581272 0.0301514 0)
(-0.00100335 0.021 0)
(-0.000606724 -0.00982663 0)
(-0.00417347 -0.0129811 0)
(-0.00818388 -0.0101863 0)
(-0.0116476 -0.00657074 0)
(-0.0141913 -0.00381515 0)
(-0.0159507 -0.00213441 0)
(-0.0171806 -0.00129792 0)
(-0.0181026 -0.00103329 0)
(-0.0188794 -0.00113604 0)
(-0.0196227 -0.00146113 0)
(-0.0203994 -0.00187512 0)
(-0.0212217 -0.00220223 0)
(-0.0220202 -0.00218279 0)
(-0.0226066 -0.00145912 0)
(-0.0226295 0.00039773 0)
(-0.0215355 0.00380153 0)
(-0.0187684 0.00885456 0)
(-0.0140092 0.0146974 0)
(-0.007762 0.0184327 0)
(-0.00133596 0.0132485 0)
(-0.0015335 -0.00330587 0)
(-0.00577198 -0.00341124 0)
(-0.00936968 -0.00206209 0)
(-0.0117771 -0.000905676 0)
(-0.0130925 -0.00023164 0)
(-0.0137321 7.49071e-05 0)
(-0.0140407 0.000160433 0)
(-0.0142359 0.000123864 0)
(-0.0144485 1.9357e-05 0)
(-0.0147611 -0.000126914 0)
(-0.0152223 -0.000299563 0)
(-0.0158415 -0.000477674 0)
(-0.0165693 -0.00062124 0)
(-0.0172637 -0.000660361 0)
(-0.0176461 -0.000481088 0)
(-0.0172989 9.37923e-05 0)
(-0.0156515 0.00123676 0)
(-0.0122196 0.00289657 0)
(-0.00722952 0.00439389 0)
(-0.00174999 0.00377069 0)
)
;

boundaryField
{
    leftWall
    {
        type            fixedValue;
        value           uniform (0 0 0);
    }
    rightWall
    {
        type            fixedValue;
        value           uniform (0 0 0);
    }
    topWall
    {
        type            fixedValue;
        value           uniform (0 0 0);
    }
    bottomWall
    {
        type            fixedValue;
        value           uniform (0 0 0);
    }
    frontAndBackPlanes
    {
        type            empty;
    }
}


// ************************************************************************* //
