/*--------------------------------*- C++ -*----------------------------------*\
| =========                 |                                                 |
| \\      /  F ield         | OpenFOAM: The Open Source CFD Toolbox           |
|  \\    /   O peration     | Version:  2506                                  |
|   \\  /    A nd           | Website:  www.openfoam.com                      |
|    \\/     M anipulation  |                                                 |
\*---------------------------------------------------------------------------*/
FoamFile
{
    version     2.0;
    format      ascii;
    arch        "LSB;label=32;scalar=64";
    class       volVectorField;
    location    "97.8";
    object      U;
}
// * * * * * * * * * * * * * * * * * * * * * * * * * * * * * * * * * * * * * //

dimensions      [0 1 -1 0 0 0 0];

internalField   nonuniform List<vector> 
200
(
(0.000326734 -0.000953317 0)
(0.00188705 -0.00124537 0)
(0.0036432 -0.000945576 0)
(0.00510308 -0.000547233 0)
(0.00605968 -0.000234794 0)
(0.00661585 -5.40996e-05 0)
(0.00693215 5.38321e-06 0)
(0.00715749 -2.64214e-05 0)
(0.00740768 -0.00012042 0)
(0.00776524 -0.000257288 0)
(0.00828695 -0.000428984 0)
(0.00901165 -0.000634875 0)
(0.00996152 -0.000872272 0)
(0.0111283 -0.00111914 0)
(0.0124298 -0.00130379 0)
(0.0136098 -0.00125107 0)
(0.0140874 -0.000597429 0)
(0.0129535 0.00120916 0)
(0.00928247 0.00426115 0)
(0.00280033 0.00593952 0)
(0.000440299 -0.00391771 0)
(0.00288823 -0.00624304 0)
(0.00563962 -0.00576766 0)
(0.00807342 -0.00430578 0)
(0.00988579 -0.00281867 0)
(0.0111168 -0.00172261 0)
(0.0119364 -0.00111671 0)
(0.0125262 -0.00094737 0)
(0.0130343 -0.00110983 0)
(0.0135631 -0.00150137 0)
(0.0141714 -0.00203898 0)
(0.0148773 -0.00264936 0)
(0.0156516 -0.00323267 0)
(0.0163961 -0.00359781 0)
(0.0169025 -0.00336834 0)
(0.016798 -0.00187623 0)
(0.0154837 0.00185234 0)
(0.0122871 0.00854235 0)
(0.00715942 0.0166908 0)
(0.00122354 0.017044 0)
(0.000452917 -0.00717441 0)
(0.00293732 -0.0118013 0)
(0.00564775 -0.0112759 0)
(0.00804064 -0.00878989 0)
(0.00984083 -0.00611408 0)
(0.0110886 -0.00402823 0)
(0.0119354 -0.00274003 0)
(0.0125338 -0.00217737 0)
(0.0129994 -0.00216465 0)
(0.0134049 -0.0025142 0)
(0.0137839 -0.00305705 0)
(0.0141333 -0.00362683 0)
(0.0144063 -0.00400299 0)
(0.0144945 -0.00381882 0)
(0.0142 -0.00245507 0)
(0.0131984 0.00101008 0)
(0.0111653 0.00750546 0)
(0.00794126 0.0171184 0)
(0.00395372 0.0265383 0)
(0.000462575 0.0229953 0)
(0.000421979 -0.0103087 0)
(0.00262088 -0.0169104 0)
(0.00485663 -0.016133 0)
(0.00671299 -0.0126026 0)
(0.00802346 -0.00883076 0)
(0.00887856 -0.00588109 0)
(0.0094294 -0.00400746 0)
(0.00979758 -0.00308452 0)
(0.0100575 -0.00285812 0)
(0.0102459 -0.00306833 0)
(0.0103747 -0.00348476 0)
(0.0104361 -0.00387729 0)
(0.0103951 -0.00393704 0)
(0.010172 -0.00316757 0)
(0.0096245 -0.000797866 0)
(0.00853663 0.0041544 0)
(0.00677755 0.0124286 0)
(0.00436418 0.0234942 0)
(0.0017768 0.0326895 0)
(8.52147e-05 0.0257431 0)
(0.000370749 -0.0130168 0)
(0.0020794 -0.0209437 0)
(0.00356376 -0.0196118 0)
(0.00460763 -0.015051 0)
(0.00520439 -0.0103859 0)
(0.00550589 -0.00683254 0)
(0.00565392 -0.00459787 0)
(0.00572826 -0.00346031 0)
(0.00575822 -0.00308706 0)
(0.00574907 -0.00317289 0)
(0.00569973 -0.00346321 0)
(0.00560544 -0.00370016 0)
(0.0054467 -0.00351786 0)
(0.00517056 -0.0023249 0)
(0.00466724 0.00074773 0)
(0.00384426 0.00664609 0)
(0.00266484 0.0159083 0)
(0.00127191 0.0274358 0)
(8.05926e-05 0.0357423 0)
(-0.000169595 0.0264229 0)
(0.000290221 -0.0150831 0)
(0.00127006 -0.0234556 0)
(0.00172804 -0.0212638 0)
(0.00174356 -0.015802 0)
(0.00150401 -0.0105765 0)
(0.0011965 -0.00677308 0)
(0.000916856 -0.00445804 0)
(0.000683109 -0.00329483 0)
(0.000479961 -0.00289637 0)
(0.000290779 -0.00294843 0)
(0.000106748 -0.00320001 0)
(-8.02837e-05 -0.00337948 0)
(-0.000289885 -0.00307484 0)
(-0.000558273 -0.00163068 0)
(-0.000933499 0.00184974 0)
(-0.00139149 0.00821162 0)
(-0.00181448 0.0177049 0)
(-0.00195293 0.0287815 0)
(-0.00153409 0.035782 0)
(-0.000366113 0.0253602 0)
(0.000158711 -0.0161158 0)
(1.27262e-05 -0.0238067 0)
(-0.000926509 -0.0205283 0)
(-0.00214924 -0.0145031 0)
(-0.00330925 -0.00923401 0)
(-0.00425514 -0.00563272 0)
(-0.00497915 -0.00355123 0)
(-0.00553411 -0.00256501 0)
(-0.00597621 -0.00228198 0)
(-0.00634458 -0.00240959 0)
(-0.00666404 -0.00270793 0)
(-0.00695467 -0.00289453 0)
(-0.00723323 -0.00254375 0)
(-0.00749378 -0.00102613 0)
(-0.00766693 0.00243715 0)
(-0.00756928 0.00850136 0)
(-0.00693739 0.0172034 0)
(-0.00550924 0.0269313 0)
(-0.0032935 0.0325356 0)
(-0.000606624 0.0224743 0)
(-0.000155061 -0.0153897 0)
(-0.0020438 -0.0209704 0)
(-0.00471456 -0.0167469 0)
(-0.00728133 -0.0108923 0)
(-0.00931337 -0.00629292 0)
(-0.0107816 -0.00340657 0)
(-0.0118152 -0.00189061 0)
(-0.01256 -0.0012981 0)
(-0.0131286 -0.00127409 0)
(-0.0136003 -0.00156695 0)
(-0.0140253 -0.00196903 0)
(-0.0144248 -0.00222993 0)
(-0.0147791 -0.00198918 0)
(-0.0149974 -0.000750446 0)
(-0.0148665 0.00206274 0)
(-0.0140691 0.00692849 0)
(-0.0122407 0.0138229 0)
(-0.00915449 0.0214236 0)
(-0.00510407 0.0256858 0)
(-0.000867193 0.0176546 0)
(-0.000772751 -0.0117831 0)
(-0.00499735 -0.0140364 0)
(-0.00934645 -0.0097264 0)
(-0.0127649 -0.00522971 0)
(-0.014984 -0.00221297 0)
(-0.016285 -0.000617695 0)
(-0.0170358 2.5345e-06 0)
(-0.0175149 4.8541e-05 0)
(-0.0178861 -0.000219663 0)
(-0.0182548 -0.000643717 0)
(-0.0186799 -0.00109939 0)
(-0.0191616 -0.00144282 0)
(-0.0196334 -0.00146725 0)
(-0.0199312 -0.000885326 0)
(-0.0197543 0.000654572 0)
(-0.0186527 0.00349732 0)
(-0.0161514 0.00769807 0)
(-0.011985 0.0125095 0)
(-0.00659446 0.0154841 0)
(-0.00112103 0.0109884 0)
(-0.00187841 -0.00401597 0)
(-0.00674436 -0.00364835 0)
(-0.0103698 -0.00181064 0)
(-0.0124067 -0.000461087 0)
(-0.0132082 0.000211354 0)
(-0.0133578 0.000437635 0)
(-0.01325 0.000424152 0)
(-0.0130987 0.000309941 0)
(-0.0130328 0.000157222 0)
(-0.0131108 -1.3723e-05 0)
(-0.0133528 -0.000188757 0)
(-0.0137546 -0.000353335 0)
(-0.0142628 -0.000478845 0)
(-0.0147499 -0.000511056 0)
(-0.0149797 -0.000357682 0)
(-0.0145996 0.000126585 0)
(-0.0131349 0.00106827 0)
(-0.0101935 0.00241777 0)
(-0.0059848 0.00361688 0)
(-0.0014303 0.00307365 0)
)
;

boundaryField
{
    leftWall
    {
        type            fixedValue;
        value           uniform (0 0 0);
    }
    rightWall
    {
        type            fixedValue;
        value           uniform (0 0 0);
    }
    topWall
    {
        type            fixedValue;
        value           uniform (0 0 0);
    }
    bottomWall
    {
        type            fixedValue;
        value           uniform (0 0 0);
    }
    frontAndBackPlanes
    {
        type            empty;
    }
}


// ************************************************************************* //
