/*--------------------------------*- C++ -*----------------------------------*\
| =========                 |                                                 |
| \\      /  F ield         | OpenFOAM: The Open Source CFD Toolbox           |
|  \\    /   O peration     | Version:  2506                                  |
|   \\  /    A nd           | Website:  www.openfoam.com                      |
|    \\/     M anipulation  |                                                 |
\*---------------------------------------------------------------------------*/
FoamFile
{
    version     2.0;
    format      ascii;
    arch        "LSB;label=32;scalar=64";
    class       volVectorField;
    location    "96";
    object      U;
}
// * * * * * * * * * * * * * * * * * * * * * * * * * * * * * * * * * * * * * //

dimensions      [0 1 -1 0 0 0 0];

internalField   nonuniform List<vector> 
200
(
(0.00031266 -0.000929369 0)
(0.00183621 -0.00121758 0)
(0.00356212 -0.000927853 0)
(0.00500372 -0.000541232 0)
(0.00595465 -0.000237208 0)
(0.00651474 -6.10807e-05 0)
(0.00684048 -3.28334e-06 0)
(0.00707764 -3.50736e-05 0)
(0.00734015 -0.000128347 0)
(0.00770968 -0.000264454 0)
(0.00824285 -0.000435722 0)
(0.00897877 -0.000641648 0)
(0.00994003 -0.000879506 0)
(0.0111187 -0.00112707 0)
(0.0124325 -0.00131236 0)
(0.0136247 -0.00125992 0)
(0.0141123 -0.000605525 0)
(0.0129841 0.00120573 0)
(0.00930997 0.00426883 0)
(0.00281003 0.00595931 0)
(0.000432074 -0.00383437 0)
(0.00284205 -0.00612959 0)
(0.00555913 -0.0056831 0)
(0.00796983 -0.0042641 0)
(0.00977282 -0.00281384 0)
(0.0110056 -0.00174281 0)
(0.0118343 -0.0011508 0)
(0.0124373 -0.000987235 0)
(0.01296 -0.00115077 0)
(0.0135039 -0.00154144 0)
(0.0141272 -0.00207809 0)
(0.0148479 -0.00268831 0)
(0.0156371 -0.00327227 0)
(0.0163963 -0.00363812 0)
(0.0169166 -0.00340809 0)
(0.0168243 -0.00191232 0)
(0.0155184 0.00182658 0)
(0.0123225 0.0085395 0)
(0.00718469 0.0167242 0)
(0.00122889 0.0171003 0)
(0.000447947 -0.00704869 0)
(0.00290963 -0.0116271 0)
(0.00560137 -0.011144 0)
(0.00798337 -0.00872295 0)
(0.0097812 -0.00610414 0)
(0.011033 -0.004058 0)
(0.0118878 -0.00279285 0)
(0.0124961 -0.00224087 0)
(0.0129721 -0.00223135 0)
(0.0133881 -0.00258068 0)
(0.0137776 -0.00312263 0)
(0.0141372 -0.00369217 0)
(0.0144206 -0.0040687 0)
(0.0145189 -0.00388414 0)
(0.0142335 -0.00251666 0)
(0.0132392 0.000959091 0)
(0.0112076 0.00747906 0)
(0.00797743 0.017133 0)
(0.00397586 0.0266048 0)
(0.000466377 0.0230793 0)
(0.00041956 -0.0101611 0)
(0.00261094 -0.0167107 0)
(0.00484514 -0.0159878 0)
(0.00670516 -0.0125359 0)
(0.00802259 -0.00883049 0)
(0.00888567 -0.00592546 0)
(0.00944396 -0.00407654 0)
(0.00981844 -0.00316421 0)
(0.0100835 -0.00294032 0)
(0.0102763 -0.00314963 0)
(0.0104092 -0.00356472 0)
(0.0104744 -0.00395688 0)
(0.0104373 -0.00401707 0)
(0.0102183 -0.00324685 0)
(0.00967364 -0.000870933 0)
(0.00858623 0.00410061 0)
(0.00682342 0.012412 0)
(0.00439977 0.0235336 0)
(0.00179637 0.0327905 0)
(8.80815e-05 0.0258503 0)
(0.000370517 -0.012865 0)
(0.00208426 -0.0207505 0)
(0.00358097 -0.0194841 0)
(0.00463952 -0.0150066 0)
(0.00524934 -0.0104068 0)
(0.00556025 -0.00689353 0)
(0.00571378 -0.0046783 0)
(0.00579046 -0.00354695 0)
(0.00582068 -0.00317321 0)
(0.00581065 -0.00325641 0)
(0.00575989 -0.00354457 0)
(0.00566397 -0.0037809 0)
(0.00550357 -0.00359938 0)
(0.00522596 -0.00240576 0)
(0.00472222 0.000675006 0)
(0.00389563 0.00659958 0)
(0.00270857 0.0159094 0)
(0.0013029 0.0275041 0)
(9.42963e-05 0.0358768 0)
(-0.000169158 0.0265497 0)
(0.000291442 -0.0149407 0)
(0.00128544 -0.0232924 0)
(0.00176466 -0.0211735 0)
(0.00179992 -0.0157912 0)
(0.00157407 -0.0106212 0)
(0.00127358 -0.00684736 0)
(0.000995662 -0.00454304 0)
(0.000760241 -0.00338011 0)
(0.000553558 -0.00297778 0)
(0.000359994 -0.00302558 0)
(0.000171348 -0.00327443 0)
(-2.02648e-05 -0.00345337 0)
(-0.000234543 -0.00314986 0)
(-0.000507887 -0.00170432 0)
(-0.000889189 0.00178762 0)
(-0.00135501 0.00818066 0)
(-0.00178748 0.0177288 0)
(-0.00193679 0.0288783 0)
(-0.00152861 0.0359428 0)
(-0.000366324 0.0254987 0)
(0.00016006 -0.0159929 0)
(3.32463e-05 -0.0236864 0)
(-0.000881618 -0.0204835 0)
(-0.00208646 -0.0145254 0)
(-0.00323707 -0.00929585 0)
(-0.00418087 -0.00571095 0)
(-0.00490764 -0.00363179 0)
(-0.00546802 -0.0026413 0)
(-0.00591678 -0.0023523 0)
(-0.00629225 -0.00247503 0)
(-0.00661879 -0.00277071 0)
(-0.00691641 -0.00295675 0)
(-0.00720221 -0.00260596 0)
(-0.00747087 -0.00108447 0)
(-0.0076535 0.00239357 0)
(-0.00756532 0.00849049 0)
(-0.00694113 0.0172465 0)
(-0.0055172 0.0270434 0)
(-0.00330125 0.0327039 0)
(-0.000608787 0.0226101 0)
(-0.000151546 -0.0152913 0)
(-0.00201944 -0.0208942 0)
(-0.00467105 -0.0167394 0)
(-0.00722711 -0.010935 0)
(-0.00925753 -0.00635905 0)
(-0.0107307 -0.00347786 0)
(-0.0117727 -0.00195813 0)
(-0.0125273 -0.00135825 0)
(-0.0131063 -0.00132698 0)
(-0.0135883 -0.00161487 0)
(-0.0140233 -0.00201448 0)
(-0.0144325 -0.00227462 0)
(-0.0147968 -0.00203268 0)
(-0.0150253 -0.000788533 0)
(-0.0149041 0.00203928 0)
(-0.0141132 0.00693326 0)
(-0.0122857 0.0138723 0)
(-0.00919264 0.021529 0)
(-0.00512805 0.025835 0)
(-0.000871985 0.0177714 0)
(-0.000766843 -0.0117145 0)
(-0.00496819 -0.0140005 0)
(-0.00930519 -0.00974294 0)
(-0.0127245 -0.00527639 0)
(-0.0149542 -0.00226861 0)
(-0.0162711 -0.000670277 0)
(-0.0170378 -4.18334e-05 0)
(-0.0175305 1.23302e-05 0)
(-0.0179145 -0.00024965 0)
(-0.0182954 -0.000669566 0)
(-0.0187313 -0.00112332 0)
(-0.0192236 -0.00146626 0)
(-0.0197058 -0.00149 0)
(-0.0200133 -0.000904796 0)
(-0.0198442 0.000643835 0)
(-0.0187448 0.0035037 0)
(-0.016237 0.00773247 0)
(-0.0120529 0.0125801 0)
(-0.00663466 0.015584 0)
(-0.00112861 0.0110677 0)
(-0.00186641 -0.0039911 0)
(-0.00671065 -0.0036406 0)
(-0.0103354 -0.00181992 0)
(-0.0123853 -0.0004772 0)
(-0.0132046 0.000194924 0)
(-0.0133701 0.000423871 0)
(-0.0132763 0.000414711 0)
(-0.0131378 0.000303451 0)
(-0.0130813 0.000152199 0)
(-0.0131665 -1.76065e-05 0)
(-0.0134152 -0.000192211 0)
(-0.0138237 -0.000357059 0)
(-0.0143388 -0.000483175 0)
(-0.0148326 -0.00051581 0)
(-0.0150676 -0.000361908 0)
(-0.0146893 0.000125082 0)
(-0.0132197 0.00107331 0)
(-0.0102629 0.00243346 0)
(-0.00602823 0.00364345 0)
(-0.00144163 0.00309824 0)
)
;

boundaryField
{
    leftWall
    {
        type            fixedValue;
        value           uniform (0 0 0);
    }
    rightWall
    {
        type            fixedValue;
        value           uniform (0 0 0);
    }
    topWall
    {
        type            fixedValue;
        value           uniform (0 0 0);
    }
    bottomWall
    {
        type            fixedValue;
        value           uniform (0 0 0);
    }
    frontAndBackPlanes
    {
        type            empty;
    }
}


// ************************************************************************* //
