/*--------------------------------*- C++ -*----------------------------------*\
| =========                 |                                                 |
| \\      /  F ield         | OpenFOAM: The Open Source CFD Toolbox           |
|  \\    /   O peration     | Version:  2506                                  |
|   \\  /    A nd           | Website:  www.openfoam.com                      |
|    \\/     M anipulation  |                                                 |
\*---------------------------------------------------------------------------*/
FoamFile
{
    version     2.0;
    format      ascii;
    arch        "LSB;label=32;scalar=64";
    class       surfaceScalarField;
    location    "80.4";
    object      phi;
}
// * * * * * * * * * * * * * * * * * * * * * * * * * * * * * * * * * * * * * //

dimensions      [1 0 -1 0 0 0 0];

oriented        oriented;

internalField   nonuniform List<scalar> 
370
(
0.000161617
-0.000218481
0.000510561
-0.000348862
0.000839715
-0.000329034
0.00109481
-0.000254952
0.0012727
-0.000177723
0.00139399
-0.000121116
0.00148583
-9.16639e-05
0.0015733
-8.72808e-05
0.00167652
-0.000103025
0.00181078
-0.000134062
0.00198762
-0.000176632
0.00221502
-0.000227199
0.00249514
-0.000279898
0.00281721
-0.000321851
0.0031431
-0.000325656
0.00338141
-0.000238077
0.00334224
3.94082e-05
0.00280623
0.000536244
0.00154279
0.00126365
0.0015429
0.000310691
-0.000529127
0.000862841
-0.00090089
0.0014228
-0.000888817
0.00188957
-0.000721522
0.0022437
-0.000531631
0.00250421
-0.000381398
0.00270309
-0.00029031
0.00287185
-0.000255808
0.00303562
-0.00026656
0.00321138
-0.000309581
0.00340758
-0.000372586
0.00362298
-0.000442346
0.00384261
-0.000499269
0.00402926
-0.000508242
0.00411058
-0.000406716
0.0039688
-9.60259e-05
0.00346088
0.0005476
0.0024242
0.00157318
0.000991085
0.00269699
0.00253411
0.000345984
-0.000875049
0.000932104
-0.00148684
0.00151573
-0.00147221
0.00199842
-0.00120393
0.00236343
-0.000896345
0.00263019
-0.000647858
0.00282818
-0.000487992
0.00298432
-0.00041165
0.00311828
-0.00040022
0.0032415
-0.000432506
0.0033573
-0.000488078
0.0034598
-0.000544546
0.00353041
-0.000569571
0.00353142
-0.000508934
0.00340001
-0.000274988
0.00305087
0.000253426
0.0024157
0.00118309
0.00149978
0.0024894
0.000518871
0.00367815
0.0030531
0.000332794
-0.00120777
0.00086631
-0.00202015
0.00136627
-0.00197188
0.00175415
-0.00159148
0.00202888
-0.00117072
0.00221671
-0.000835328
0.00234615
-0.00061708
0.00243866
-0.000503812
0.00250731
-0.000468524
0.00255845
-0.000483298
0.00259324
-0.000522517
0.00260724
-0.000558191
0.00258717
-0.000549153
0.0025057
-0.00042711
0.00231887
-8.77979e-05
0.00197692
0.00059573
0.00145636
0.001704
0.000808192
0.00313789
0.000221796
0.00426481
0.00327501
0.000289349
-0.00149703
0.000704245
-0.00243481
0.00104537
-0.00231268
0.00127105
-0.00181678
0.00140326
-0.00130255
0.00147565
-0.00090733
0.0015136
-0.000654645
0.00153116
-0.00052099
0.00153448
-0.000471473
0.00152597
-0.000474415
0.00150632
-0.000502498
0.0014736
-0.000525097
0.00141981
-0.000494984
0.00132677
-0.000333686
0.00116528
7.40784e-05
0.000912338
0.000849065
0.000573818
0.0020429
0.000222457
0.0034896
1.1731e-06
0.00448636
0.0032763
0.000208522
-0.00170546
0.000429898
-0.00265593
0.000537562
-0.00241998
0.000547233
-0.00182606
0.00050521
-0.00126012
0.00044589
-0.000847613
0.000385016
-0.000593383
0.000326284
-0.000461876
0.000269069
-0.00041388
0.000212713
-0.000417683
0.000156793
-0.000446201
9.87454e-05
-0.000466669
3.13621e-05
-0.000427215
-5.63654e-05
-0.000245566
-0.000171295
0.000189414
-0.000300711
0.000978888
-0.000402338
0.00214492
-0.000399733
0.00348734
-0.000231465
0.00431836
0.00304494
5.96993e-05
-0.00176505
-2.15029e-05
-0.00257445
-0.000230293
-0.00221082
-0.000484071
-0.00157188
-0.000722747
-0.00102105
-0.000923827
-0.000646145
-0.00108806
-0.000428768
-0.00122411
-0.00032546
-0.0013401
-0.000297521
-0.00144155
-0.000315862
-0.00153262
-0.000354754
-0.00161752
-0.000381402
-0.00169883
-0.000345526
-0.00177061
-0.000173397
-0.00180447
0.000223669
-0.00174675
0.000921553
-0.00152634
0.00192488
-0.00108658
0.00304792
-0.000471608
0.00370364
0.00257343
-0.000201531
-0.0015634
-0.00071524
-0.00206044
-0.00131412
-0.00161156
-0.00184878
-0.00103683
-0.00227086
-0.000598586
-0.0025876
-0.000329022
-0.00282503
-0.00019098
-0.00300963
-0.000140498
-0.00316203
-0.000144768
-0.0032962
-0.00018135
-0.00342028
-0.000230321
-0.00353478
-0.000266558
-0.00362684
-0.000253123
-0.00366138
-0.000138514
-0.00357493
0.000137573
-0.00328147
0.000628436
-0.00269764
0.00134138
-0.00179666
0.00214723
-0.000724278
0.00263148
0.00184924
-0.000602919
-0.000960347
-0.00162641
-0.00103664
-0.00255672
-0.000680871
-0.00323665
-0.00035652
-0.00368535
-0.000149507
-0.0039699
-4.41217e-05
-0.00415473
-5.80025e-06
-0.00429112
-3.78038e-06
-0.00441269
-2.28813e-05
-0.00453771
-5.6021e-05
-0.00467403
-9.37064e-05
-0.0048149
-0.0001254
-0.00493184
-0.000135894
-0.00496676
-0.000103317
-0.00483438
5.46675e-06
-0.00441253
0.000206853
-0.00359945
0.000528564
-0.0023721
0.00092011
-0.000937349
0.0011969
0.000911966
-0.000960201
-0.00199653
-0.00267703
-0.00303317
-0.00318231
-0.00322609
-0.00323156
-0.00323504
-0.00325763
-0.00331338
-0.00340683
-0.00353199
-0.00366766
-0.00377076
-0.00376509
-0.00355804
-0.0030293
-0.00210903
-0.000912018
)
;

boundaryField
{
    leftWall
    {
        type            calculated;
        value           nonuniform List<scalar> 10(0 1.35525e-20 0 0 0 0 0 -4.33681e-19 0 0);
    }
    rightWall
    {
        type            calculated;
        value           nonuniform List<scalar> 10(0 2.1684e-19 0 0 0 0 0 0 -4.33681e-19 0);
    }
    topWall
    {
        type            calculated;
        value           uniform 0;
    }
    bottomWall
    {
        type            calculated;
        value           uniform 0;
    }
    frontAndBackPlanes
    {
        type            empty;
    }
}


// ************************************************************************* //
