/*--------------------------------*- C++ -*----------------------------------*\
| =========                 |                                                 |
| \\      /  F ield         | OpenFOAM: The Open Source CFD Toolbox           |
|  \\    /   O peration     | Version:  2506                                  |
|   \\  /    A nd           | Website:  www.openfoam.com                      |
|    \\/     M anipulation  |                                                 |
\*---------------------------------------------------------------------------*/
FoamFile
{
    version     2.0;
    format      ascii;
    arch        "LSB;label=32;scalar=64";
    class       volVectorField;
    location    "117.6";
    object      U;
}
// * * * * * * * * * * * * * * * * * * * * * * * * * * * * * * * * * * * * * //

dimensions      [0 1 -1 0 0 0 0];

internalField   nonuniform List<vector> 
200
(
(0.00046483 -0.00119099 0)
(0.00238756 -0.00152232 0)
(0.00444487 -0.00112496 0)
(0.00609035 -0.000612374 0)
(0.00711047 -0.000217204 0)
(0.00763655 9.39678e-06 0)
(0.00786798 8.71462e-05 0)
(0.00798336 5.70348e-05 0)
(0.00811636 -4.25411e-05 0)
(0.00835823 -0.000185773 0)
(0.00876789 -0.00036109 0)
(0.00938199 -0.000566429 0)
(0.010219 -0.000799134 0)
(0.0112673 -0.00103851 0)
(0.0124435 -0.00121529 0)
(0.0134953 -0.0011574 0)
(0.0138613 -0.000508513 0)
(0.0126591 0.00125162 0)
(0.00900957 0.00418797 0)
(0.00270221 0.00573853 0)
(0.000519823 -0.00473719 0)
(0.00333523 -0.00736154 0)
(0.00642064 -0.00661078 0)
(0.00908225 -0.00473666 0)
(0.0109921 -0.00289303 0)
(0.0122133 -0.00155169 0)
(0.0129524 -0.000805923 0)
(0.0134229 -0.000574065 0)
(0.0137951 -0.000720027 0)
(0.0141833 -0.00111503 0)
(0.014651 -0.00165841 0)
(0.0152165 -0.00226762 0)
(0.0158495 -0.00284107 0)
(0.0164513 -0.00319271 0)
(0.016818 -0.00295787 0)
(0.0165908 -0.00148929 0)
(0.015184 0.00214621 0)
(0.0119671 0.00860957 0)
(0.00692488 0.0163844 0)
(0.00117344 0.0164874 0)
(0.000499863 -0.00839925 0)
(0.00319809 -0.0135022 0)
(0.00608434 -0.0125737 0)
(0.00857992 -0.00946686 0)
(0.0104032 -0.00624507 0)
(0.0116142 -0.00377609 0)
(0.0123888 -0.00226194 0)
(0.0128983 -0.00159045 0)
(0.0132694 -0.00154061 0)
(0.0135802 -0.00188684 0)
(0.0138657 -0.00243401 0)
(0.0141222 -0.00300189 0)
(0.0143024 -0.00336773 0)
(0.0142982 -0.0031741 0)
(0.0139156 -0.00182456 0)
(0.0128393 0.00155561 0)
(0.0107862 0.00782437 0)
(0.00761441 0.0170391 0)
(0.00375314 0.0259341 0)
(0.000428444 0.0221863 0)
(0.000443728 -0.0117351 0)
(0.00270703 -0.0188405 0)
(0.00495005 -0.017545 0)
(0.00676578 -0.0132694 0)
(0.00800655 -0.00886613 0)
(0.00878459 -0.00549105 0)
(0.00926546 -0.00337946 0)
(0.00957619 -0.00235136 0)
(0.0097903 -0.00209654 0)
(0.0099411 -0.00231123 0)
(0.0100368 -0.0027365 0)
(0.0100666 -0.00312813 0)
(0.0099937 -0.00317714 0)
(0.00973875 -0.00240347 0)
(0.00915823 -7.42164e-05 0)
(0.00807015 0.00471494 0)
(0.00635158 0.0126523 0)
(0.00403702 0.0231854 0)
(0.00159855 0.0317682 0)
(5.92569e-05 0.0247246 0)
(0.00037126 -0.0144718 0)
(0.00202297 -0.0227948 0)
(0.00338181 -0.0208425 0)
(0.00428032 -0.0154952 0)
(0.00474975 -0.0102142 0)
(0.00496029 -0.00628248 0)
(0.00505581 -0.0038635 0)
(0.00510865 -0.00266555 0)
(0.00513769 -0.00229413 0)
(0.00513918 -0.00240179 0)
(0.00510583 -0.00270895 0)
(0.00502881 -0.00294633 0)
(0.00488617 -0.00275167 0)
(0.00462572 -0.0015588 0)
(0.00414552 0.00144534 0)
(0.00336597 0.00712356 0)
(0.0022613 0.0159589 0)
(0.000987904 0.0268544 0)
(-4.61015e-05 0.0345105 0)
(-0.000175742 0.0252307 0)
(0.000278638 -0.0164394 0)
(0.00111728 -0.0250051 0)
(0.0013663 -0.0221269 0)
(0.00119147 -0.0159208 0)
(0.000821007 -0.0101747 0)
(0.000445964 -0.00609527 0)
(0.000148417 -0.00367941 0)
(-7.08223e-05 -0.00251252 0)
(-0.000241364 -0.0021499 0)
(-0.000389661 -0.00224057 0)
(-0.000529446 -0.00251434 0)
(-0.000671551 -0.00269247 0)
(-0.000835984 -0.00237249 0)
(-0.0010558 -0.00093369 0)
(-0.00137062 0.00245151 0)
(-0.00175074 0.00854118 0)
(-0.00207833 0.0175365 0)
(-0.00210823 0.027927 0)
(-0.00158593 0.0343046 0)
(-0.000364479 0.024065 0)
(0.000151788 -0.0172758 0)
(-0.000178617 -0.0249394 0)
(-0.00135778 -0.0209573 0)
(-0.00275144 -0.0143088 0)
(-0.00400032 -0.00867112 0)
(-0.00496762 -0.00491536 0)
(-0.00566878 -0.00281068 0)
(-0.00617615 -0.001863 0)
(-0.00655886 -0.00163506 0)
(-0.0068635 -0.00180858 0)
(-0.00711836 -0.00213127 0)
(-0.00734385 -0.00232017 0)
(-0.00755377 -0.00196565 0)
(-0.00773735 -0.000477835 0)
(-0.00782006 0.00285811 0)
(-0.00762999 0.00863077 0)
(-0.00691918 0.0168387 0)
(-0.00544325 0.0259187 0)
(-0.00322313 0.0309803 0)
(-0.000586346 0.0212022 0)
(-0.00018803 -0.0163108 0)
(-0.00227413 -0.0216847 0)
(-0.00512557 -0.0168238 0)
(-0.00779308 -0.0105029 0)
(-0.00984151 -0.00568112 0)
(-0.011268 -0.00274002 0)
(-0.0122276 -0.0012602 0)
(-0.0128828 -0.000736422 0)
(-0.0133575 -0.000779951 0)
(-0.0137363 -0.00112249 0)
(-0.0140703 -0.0015498 0)
(-0.0143797 -0.00181792 0)
(-0.0146418 -0.00158609 0)
(-0.0147648 -0.00039315 0)
(-0.0145411 0.00229088 0)
(-0.0136787 0.00690127 0)
(-0.0118352 0.0133836 0)
(-0.00880524 0.0204577 0)
(-0.00488156 0.024299 0)
(-0.000822281 0.0165596 0)
(-0.00082803 -0.0124257 0)
(-0.00526949 -0.0143757 0)
(-0.00972997 -0.00958254 0)
(-0.0131363 -0.00480929 0)
(-0.0152542 -0.00171199 0)
(-0.0164209 -0.000146763 0)
(-0.0170351 0.000404093 0)
(-0.017382 0.000377969 0)
(-0.0176342 5.19415e-05 0)
(-0.0178956 -0.000408691 0)
(-0.0182182 -0.000881143 0)
(-0.0186012 -0.00122848 0)
(-0.0189761 -0.0012581 0)
(-0.0191826 -0.000704281 0)
(-0.0189322 0.000757724 0)
(-0.0178064 0.00344456 0)
(-0.0153604 0.00738575 0)
(-0.0113539 0.0118567 0)
(-0.00621867 0.0145519 0)
(-0.00104985 0.0102439 0)
(-0.00199064 -0.00424956 0)
(-0.00706048 -0.00372395 0)
(-0.0106969 -0.00173088 0)
(-0.0126197 -0.000322371 0)
(-0.0132635 0.000344627 0)
(-0.0132517 0.000537605 0)
(-0.0129997 0.000495275 0)
(-0.0127366 0.000359394 0)
(-0.012582 0.000192237 0)
(-0.0125878 1.55156e-05 0)
(-0.0127688 -0.000160002 0)
(-0.0131107 -0.000320808 0)
(-0.0135568 -0.000440267 0)
(-0.0139822 -0.000468252 0)
(-0.0141627 -0.000319358 0)
(-0.0137642 0.000140365 0)
(-0.0123434 0.0010218 0)
(-0.00954371 0.00227187 0)
(-0.00557719 0.00336829 0)
(-0.00132373 0.00284255 0)
)
;

boundaryField
{
    leftWall
    {
        type            fixedValue;
        value           uniform (0 0 0);
    }
    rightWall
    {
        type            fixedValue;
        value           uniform (0 0 0);
    }
    topWall
    {
        type            fixedValue;
        value           uniform (0 0 0);
    }
    bottomWall
    {
        type            fixedValue;
        value           uniform (0 0 0);
    }
    frontAndBackPlanes
    {
        type            empty;
    }
}


// ************************************************************************* //
