/*--------------------------------*- C++ -*----------------------------------*\
| =========                 |                                                 |
| \\      /  F ield         | OpenFOAM: The Open Source CFD Toolbox           |
|  \\    /   O peration     | Version:  2506                                  |
|   \\  /    A nd           | Website:  www.openfoam.com                      |
|    \\/     M anipulation  |                                                 |
\*---------------------------------------------------------------------------*/
FoamFile
{
    version     2.0;
    format      ascii;
    arch        "LSB;label=32;scalar=64";
    class       volVectorField;
    location    "9.4";
    object      U;
}
// * * * * * * * * * * * * * * * * * * * * * * * * * * * * * * * * * * * * * //

dimensions      [0 1 -1 0 0 0 0];

internalField   nonuniform List<vector> 
200
(
(-0.000269046 -0.000150167 0)
(-0.000330419 -0.000215186 0)
(-4.80569e-05 -0.00021071 0)
(0.000372497 -0.000249599 0)
(0.000853706 -0.000296878 0)
(0.00143611 -0.000346013 0)
(0.00212384 -0.000404164 0)
(0.00292539 -0.000477377 0)
(0.00385694 -0.000570511 0)
(0.0049385 -0.00068768 0)
(0.00618911 -0.000831415 0)
(0.00762038 -0.0010004 0)
(0.0092266 -0.00118491 0)
(0.0109676 -0.00135803 0)
(0.0127329 -0.00145667 0)
(0.0142564 -0.00133494 0)
(0.0149564 -0.000657097 0)
(0.0139294 0.00119931 0)
(0.0101605 0.00449233 0)
(0.0031157 0.00657873 0)
(-3.50437e-05 -0.000270247 0)
(4.18717e-05 -0.000713126 0)
(0.000409539 -0.00112133 0)
(0.000991239 -0.00152783 0)
(0.00176378 -0.00190386 0)
(0.0027133 -0.00226909 0)
(0.00383135 -0.00265094 0)
(0.0051173 -0.00307136 0)
(0.0065746 -0.00354231 0)
(0.00820345 -0.00406172 0)
(0.00999075 -0.00460645 0)
(0.0118962 -0.00512018 0)
(0.0138324 -0.00549263 0)
(0.0156372 -0.00552422 0)
(0.0170391 -0.00486566 0)
(0.0176188 -0.00292257 0)
(0.0167541 0.00123999 0)
(0.013667 0.00854438 0)
(0.00821058 0.0177498 0)
(0.00147465 0.0190073 0)
(3.06084e-07 -0.000298705 0)
(0.000126077 -0.00116598 0)
(0.000486417 -0.00208445 0)
(0.00106259 -0.00293498 0)
(0.0018278 -0.00370237 0)
(0.00276079 -0.00442241 0)
(0.00384835 -0.00513866 0)
(0.00508299 -0.00588108 0)
(0.00645717 -0.00665557 0)
(0.00795535 -0.00743488 0)
(0.00954338 -0.0081453 0)
(0.0111549 -0.0086462 0)
(0.0126738 -0.00869925 0)
(0.0139151 -0.00792363 0)
(0.0146063 -0.00573628 0)
(0.0143787 -0.00130223 0)
(0.0127749 0.00636371 0)
(0.00956177 0.0175006 0)
(0.00510826 0.0288757 0)
(0.000713756 0.026309 0)
(-6.95374e-06 -0.000401097 0)
(7.25959e-05 -0.00164103 0)
(0.000329412 -0.00295843 0)
(0.000754924 -0.00417595 0)
(0.00133043 -0.00526767 0)
(0.00203738 -0.00627854 0)
(0.00286353 -0.00726357 0)
(0.00380176 -0.00825638 0)
(0.00484494 -0.00925328 0)
(0.00597857 -0.0101996 0)
(0.00717135 -0.0109716 0)
(0.00836312 -0.0113505 0)
(0.00945098 -0.0109891 0)
(0.0102767 -0.00937091 0)
(0.0106216 -0.00577318 0)
(0.0102082 0.000717964 0)
(0.00877849 0.0109259 0)
(0.00626149 0.024476 0)
(0.00308254 0.0365417 0)
(0.000360324 0.0305129 0)
(-1.64974e-05 -0.000403689 0)
(-4.13089e-05 -0.00185813 0)
(3.60231e-05 -0.00345578 0)
(0.00022186 -0.00494257 0)
(0.000505616 -0.00627067 0)
(0.000875171 -0.00749136 0)
(0.00132397 -0.00867172 0)
(0.00185225 -0.00985183 0)
(0.00246333 -0.011023 0)
(0.00315749 -0.0121101 0)
(0.00392356 -0.0129486 0)
(0.00472741 -0.0132543 0)
(0.00549798 -0.0125894 0)
(0.006116 -0.0103326 0)
(0.00641366 -0.00567385 0)
(0.0061858 0.00230555 0)
(0.00526503 0.0142517 0)
(0.00363934 0.029271 0)
(0.00165878 0.0414334 0)
(0.000155502 0.0328556 0)
(-3.18595e-05 -0.000266107 0)
(-0.00018181 -0.0017444 0)
(-0.0003145 -0.00347595 0)
(-0.000414592 -0.00510899 0)
(-0.000480836 -0.00656611 0)
(-0.000519071 -0.00790382 0)
(-0.000528139 -0.00920496 0)
(-0.00049661 -0.0105232 0)
(-0.000404965 -0.0118557 0)
(-0.000230262 -0.01312 0)
(4.70704e-05 -0.0141255 0)
(0.000431563 -0.0145329 0)
(0.000895927 -0.0138189 0)
(0.00136747 -0.0112599 0)
(0.00172725 -0.00596271 0)
(0.00183043 0.00298639 0)
(0.00155273 0.0160615 0)
(0.000950482 0.0319234 0)
(0.000257491 0.0439327 0)
(-4.42601e-05 0.0337836 0)
(-4.48186e-05 1.64748e-05 0)
(-0.000300946 -0.00128063 0)
(-0.000627635 -0.00298117 0)
(-0.00101214 -0.00460985 0)
(-0.00144959 -0.00605557 0)
(-0.00194124 -0.00738362 0)
(-0.00247963 -0.0086987 0)
(-0.00304449 -0.010077 0)
(-0.00360286 -0.0115335 0)
(-0.00411029 -0.0129948 0)
(-0.00451456 -0.0142615 0)
(-0.00476456 -0.0149607 0)
(-0.0048262 -0.0144991 0)
(-0.00469913 -0.0120517 0)
(-0.00441589 -0.00663563 0)
(-0.00400396 0.00265355 0)
(-0.00349501 0.0160765 0)
(-0.00273149 0.03194 0)
(-0.00164609 0.0434744 0)
(-0.00030551 0.0330253 0)
(-4.168e-05 0.000381952 0)
(-0.00030909 -0.000564105 0)
(-0.000734958 -0.00204255 0)
(-0.00133191 -0.00346223 0)
(-0.00209885 -0.00469236 0)
(-0.00303175 -0.0058141 0)
(-0.00412042 -0.00695596 0)
(-0.00534785 -0.00822003 0)
(-0.00668705 -0.00965054 0)
(-0.00809463 -0.0112054 0)
(-0.00950435 -0.0127114 0)
(-0.0108246 -0.0138022 0)
(-0.011942 -0.0138593 0)
(-0.0127253 -0.0120077 0)
(-0.0130158 -0.00723362 0)
(-0.0125678 0.00131059 0)
(-0.0111203 0.0136921 0)
(-0.00842825 0.0281649 0)
(-0.00473482 0.0386832 0)
(-0.00080348 0.0296122 0)
(1.07587e-05 0.00063055 0)
(-5.41892e-05 9.10937e-05 0)
(-0.000384376 -0.000950389 0)
(-0.00102182 -0.00190825 0)
(-0.00195194 -0.00268415 0)
(-0.00314658 -0.00337251 0)
(-0.00459345 -0.00410345 0)
(-0.00630063 -0.00498389 0)
(-0.00828752 -0.00607927 0)
(-0.0105681 -0.00739303 0)
(-0.0131276 -0.00882351 0)
(-0.0158928 -0.0100963 0)
(-0.0186943 -0.0106988 0)
(-0.0212254 -0.00988267 0)
(-0.023009 -0.00680188 0)
(-0.0233686 -0.000786468 0)
(-0.0213448 0.00826638 0)
(-0.0165192 0.0190767 0)
(-0.00943311 0.0274243 0)
(-0.00168 0.0219222 0)
(0.00014732 0.000329036 0)
(0.000380094 0.000180927 0)
(0.000301423 -0.000110289 0)
(-0.000111053 -0.000337294 0)
(-0.000791755 -0.000490008 0)
(-0.00167724 -0.000613486 0)
(-0.00276011 -0.000754114 0)
(-0.00407764 -0.000948344 0)
(-0.00569984 -0.00122375 0)
(-0.007716 -0.00159691 0)
(-0.0102125 -0.0020606 0)
(-0.0132282 -0.0025569 0)
(-0.0166783 -0.00294518 0)
(-0.0202581 -0.00299533 0)
(-0.0233606 -0.00243289 0)
(-0.0250616 -0.00100874 0)
(-0.0242628 0.00147243 0)
(-0.0200631 0.00493377 0)
(-0.0126061 0.00823252 0)
(-0.00341515 0.00759183 0)
)
;

boundaryField
{
    leftWall
    {
        type            fixedValue;
        value           uniform (0 0 0);
    }
    rightWall
    {
        type            fixedValue;
        value           uniform (0 0 0);
    }
    topWall
    {
        type            fixedValue;
        value           uniform (0 0 0);
    }
    bottomWall
    {
        type            fixedValue;
        value           uniform (0 0 0);
    }
    frontAndBackPlanes
    {
        type            empty;
    }
}


// ************************************************************************* //
