/*--------------------------------*- C++ -*----------------------------------*\
| =========                 |                                                 |
| \\      /  F ield         | OpenFOAM: The Open Source CFD Toolbox           |
|  \\    /   O peration     | Version:  2506                                  |
|   \\  /    A nd           | Website:  www.openfoam.com                      |
|    \\/     M anipulation  |                                                 |
\*---------------------------------------------------------------------------*/
FoamFile
{
    version     2.0;
    format      ascii;
    arch        "LSB;label=32;scalar=64";
    class       surfaceScalarField;
    location    "46.4";
    object      phi;
}
// * * * * * * * * * * * * * * * * * * * * * * * * * * * * * * * * * * * * * //

dimensions      [1 0 -1 0 0 0 0];

oriented        oriented;

internalField   nonuniform List<scalar> 
370
(
-9.53208e-07
-8.5207e-05
0.000170217
-0.000171139
0.000380648
-0.000210383
0.000597919
-0.000217209
0.000802412
-0.000204422
0.000988945
-0.000186458
0.00116252
-0.000173499
0.00133386
-0.000171257
0.00151631
-0.000182366
0.00172382
-0.000207416
0.00196917
-0.000245265
0.00226169
-0.000292425
0.00260266
-0.000340874
0.00297742
-0.000374661
0.00334184
-0.000364323
0.00359858
-0.000256647
0.00355295
4.57265e-05
0.00298083
0.000572226
0.00164359
0.00133734
0.00164364
0.000150315
-0.000235496
0.000490682
-0.000511429
0.000907814
-0.000627397
0.00132927
-0.000638525
0.00172057
-0.000595561
0.00207194
-0.000537663
0.00238859
-0.000489977
0.00268322
-0.000465713
0.00297057
-0.000469539
0.00326342
-0.00050009
0.00356902
-0.000550675
0.00388454
-0.000607757
0.00419081
-0.000646951
0.00444299
-0.000626639
0.00455869
-0.000479832
0.00441042
-0.000108199
0.003847
0.000609327
0.00270019
0.00171922
0.0011121
0.0029256
0.00275584
0.000226754
-0.000462193
0.000672583
-0.000957095
0.00118319
-0.00113776
0.00167074
-0.00112579
0.00209894
-0.00102346
0.00246253
-0.000900937
0.00277147
-0.000798609
0.00304087
-0.000734797
0.00328495
-0.000713308
0.00351353
-0.000728353
0.00372915
-0.000765969
0.00392343
-0.000801701
0.00407162
-0.000794816
0.00412577
-0.000680467
0.00400982
-0.000363571
0.00362508
0.000276829
0.00289267
0.00134202
0.00181967
0.00279249
0.000649521
0.004096
0.0034055
0.000263977
-0.000726072
0.000747028
-0.00143987
0.0012585
-0.00164884
0.00170696
-0.0015738
0.00206544
-0.00138147
0.00234061
-0.00117563
0.00255169
-0.00100924
0.00271882
-0.000901475
0.00285775
-0.000851786
0.00297806
-0.000848209
0.00308218
-0.000869623
0.0031633
-0.000882362
0.00320134
-0.000832391
0.00315761
-0.000636282
0.00297333
-0.000178865
0.00258108
0.000669471
0.0019469
0.00197659
0.00112723
0.00361253
0.00034651
0.00487704
0.00375217
0.000270542
-0.000996473
0.000717462
-0.00188641
0.00113974
-0.00207058
0.00146019
-0.00189365
0.00167239
-0.00159307
0.00180014
-0.0013028
0.0018727
-0.00108123
0.00191383
-0.000942052
0.00193925
-0.000876653
0.00195753
-0.000865923
0.00197111
-0.000882627
0.00197561
-0.000886265
0.00195693
-0.000813112
0.00188755
-0.000566324
0.00172557
-1.63474e-05
0.00142846
0.000967081
0.00098877
0.00241675
0.000484644
0.00411709
9.48362e-05
0.00526722
0.00384718
0.000231981
-0.00122827
0.000549192
-0.00220313
0.000779743
-0.00230047
0.000885809
-0.00199901
0.000891754
-0.00159832
0.000838311
-0.0012487
0.000758773
-0.00100106
0.000673894
-0.00085655
0.000594311
-0.000796437
0.000524237
-0.000795191
0.000463394
-0.000821095
0.000406687
-0.000828839
0.000342977
-0.000748665
0.00025567
-0.00047829
0.000128468
0.000111529
-3.36893e-05
0.00112986
-0.000194607
0.00257824
-0.000274808
0.00419781
-0.000189962
0.00518277
0.00365737
0.000120089
-0.00134814
0.000173408
-0.00225587
8.67746e-05
-0.00221309
-0.000105431
-0.00180604
-0.000347251
-0.00135578
-0.00059543
-0.00099984
-0.000826943
-0.000768884
-0.00103379
-0.000649033
-0.00121589
-0.000613637
-0.00137646
-0.000633887
-0.00152012
-0.000676671
-0.00165184
-0.000696328
-0.00177403
-0.000625654
-0.00187941
-0.000372108
-0.00193754
0.000170439
-0.00188638
0.00107942
-0.0016506
0.0023431
-0.00117624
0.003724
-0.000512821
0.00451976
0.00314471
-0.000114587
-0.00123329
-0.000487385
-0.00188241
-0.00100195
-0.00169772
-0.00153618
-0.00127102
-0.00202087
-0.00087038
-0.00243543
-0.000584598
-0.00278486
-0.000418797
-0.00308397
-0.000349245
-0.00334876
-0.000348158
-0.00359221
-0.00038973
-0.00382161
-0.000446538
-0.00403438
-0.000482813
-0.00421062
-0.000448659
-0.00430325
-0.000278721
-0.00423207
0.000100006
-0.00389292
0.000740967
-0.00319624
0.00164704
-0.00212364
0.00265193
-0.000854656
0.00325115
0.00229021
-0.000478021
-0.000754951
-0.00137753
-0.000982165
-0.00229854
-0.000775857
-0.00306359
-0.000505187
-0.00364221
-0.000291059
-0.00406833
-0.000157844
-0.00439292
-9.36153e-05
-0.004663
-7.85932e-05
-0.00491434
-9.62468e-05
-0.00516969
-0.000133813
-0.00543687
-0.000178777
-0.00570355
-0.000215554
-0.00592872
-0.000222906
-0.00603426
-0.000172582
-0.00590739
-2.62651e-05
-0.00540606
0.0002402
-0.00441041
0.000651914
-0.00290445
0.00114641
-0.00114712
0.00149415
0.00114322
-0.000754585
-0.00173594
-0.00251089
-0.00301524
-0.00330557
-0.0034628
-0.00355587
-0.00363398
-0.00372977
-0.00386316
-0.00404152
-0.00425667
-0.00447918
-0.00465138
-0.00467726
-0.00443668
-0.00378442
-0.0026377
-0.00114332
)
;

boundaryField
{
    leftWall
    {
        type            calculated;
        value           uniform 0;
    }
    rightWall
    {
        type            calculated;
        value           nonuniform List<scalar> 10(0 0 0 4.33681e-19 0 0 0 0 0 4.33681e-19);
    }
    topWall
    {
        type            calculated;
        value           uniform 0;
    }
    bottomWall
    {
        type            calculated;
        value           uniform 0;
    }
    frontAndBackPlanes
    {
        type            empty;
    }
}


// ************************************************************************* //
