/*--------------------------------*- C++ -*----------------------------------*\
| =========                 |                                                 |
| \\      /  F ield         | OpenFOAM: The Open Source CFD Toolbox           |
|  \\    /   O peration     | Version:  2506                                  |
|   \\  /    A nd           | Website:  www.openfoam.com                      |
|    \\/     M anipulation  |                                                 |
\*---------------------------------------------------------------------------*/
FoamFile
{
    version     2.0;
    format      ascii;
    arch        "LSB;label=32;scalar=64";
    class       surfaceScalarField;
    location    "11.8";
    object      phi;
}
// * * * * * * * * * * * * * * * * * * * * * * * * * * * * * * * * * * * * * //

dimensions      [1 0 -1 0 0 0 0];

oriented        oriented;

internalField   nonuniform List<scalar> 
370
(
-8.6513e-05
-2.90249e-05
-2.72869e-05
-5.9234e-05
6.3517e-05
-9.08176e-05
0.000189977
-0.000126479
0.000350141
-0.000160187
0.000542416
-0.000192301
0.000766838
-0.000224449
0.00102468
-0.000257869
0.00131767
-0.00029302
0.00164695
-0.000329305
0.00201166
-0.000364742
0.00240707
-0.000395434
0.0028217
-0.00041466
0.00323178
-0.000410087
0.00359038
-0.00035859
0.00380581
-0.000215377
0.00370646
9.94926e-05
0.00307428
0.000632416
0.00168666
0.00138794
0.00168688
8.45606e-06
-3.74765e-05
8.62228e-05
-0.000136992
0.000235963
-0.000240552
0.000450223
-0.00034074
0.000723172
-0.000433144
0.00104983
-0.000518969
0.00142649
-0.000601125
0.00185008
-0.000681475
0.0023164
-0.000759362
0.00281772
-0.000830641
0.00333968
-0.000886725
0.00385753
-0.000913301
0.0043311
-0.000888234
0.00469874
-0.000777738
0.00486985
-0.000529688
0.00472045
-6.59355e-05
0.00410134
0.000718672
0.00286975
0.00186413
0.00118099
0.00307683
0.00286795
2.59024e-05
-6.33657e-05
0.000116815
-0.000227875
0.000277125
-0.000400833
0.000501196
-0.000564794
0.000782411
-0.000714352
0.00111501
-0.000851571
0.00149416
-0.000980282
0.00191478
-0.0011021
0.00236943
-0.00121402
0.00284552
-0.00130674
0.00332199
-0.0013632
0.00376564
-0.00135696
0.0041275
-0.0012501
0.00433992
-0.000990151
0.00431621
-0.000505951
0.00395726
0.00029307
0.00318837
0.00148766
0.00202612
0.00302648
0.000736653
0.00436637
0.00360463
1.89096e-05
-8.22538e-05
9.01833e-05
-0.0002991
0.000216773
-0.000527374
0.000395391
-0.000743379
0.000620908
-0.000939853
0.000888848
-0.00111951
0.00119572
-0.00128716
0.00153781
-0.0014442
0.0019089
-0.00158512
0.00229736
-0.0016952
0.00268275
-0.00174859
0.00303263
-0.00170684
0.00330044
-0.00151791
0.0034258
-0.00111548
0.00333909
-0.000419183
0.00297458
0.000657697
0.00230122
0.00216119
0.0013795
0.00394841
0.000455287
0.00529074
0.00406001
1.58685e-06
-8.38114e-05
2.85144e-05
-0.000325963
9.01407e-05
-0.000588936
0.000186994
-0.000840188
0.000316836
-0.00106967
0.000478133
-0.00128079
0.000670863
-0.00147988
0.000895555
-0.00166889
0.00115094
-0.0018405
0.00143055
-0.00197482
0.00171928
-0.00203731
0.00198988
-0.00197743
0.00220167
-0.00172965
0.002303
-0.00121673
0.0022391
-0.000355154
0.00196564
0.000931396
0.00147422
0.00265297
0.000834807
0.00458827
0.000243959
0.00588201
0.00430423
-2.29465e-05
-6.08291e-05
-5.36947e-05
-0.000295135
-7.59435e-05
-0.000566608
-8.501e-05
-0.000831067
-7.98166e-05
-0.00107483
-5.82364e-05
-0.00130236
-1.56584e-05
-0.00152245
5.4212e-05
-0.00173875
0.000157154
-0.00194344
0.000295198
-0.00211284
0.000462007
-0.00220408
0.000639023
-0.00215437
0.000794333
-0.00188481
0.000886715
-0.00130889
0.000875985
-0.00034411
0.000738365
0.00106952
0.000489739
0.00290234
0.000206933
0.00487199
1.64844e-05
0.00607338
0.00432127
-4.64907e-05
-1.42976e-05
-0.000135775
-0.00020576
-0.000246822
-0.000455473
-0.000373738
-0.000704088
-0.000513987
-0.000934547
-0.000662932
-0.00115339
-0.000812264
-0.0013731
-0.000950429
-0.00160056
-0.00106422
-0.00182961
-0.00114193
-0.00203507
-0.00117762
-0.00216825
-0.00117505
-0.00215664
-0.00114794
-0.0019114
-0.00111396
-0.00134214
-0.00108253
-0.00037463
-0.00103687
0.00102506
-0.000926508
0.00279352
-0.000686001
0.00463324
-0.00031153
0.00570054
0.00401058
-5.46456e-05
4.03934e-05
-0.000176454
-8.38504e-05
-0.000354586
-0.00027724
-0.000587512
-0.00047109
-0.000873608
-0.000648405
-0.00120817
-0.000818794
-0.00158318
-0.000998063
-0.00198699
-0.00119671
-0.00240396
-0.00141257
-0.00281472
-0.00162411
-0.00319768
-0.00178485
-0.00352982
-0.00182361
-0.00378411
-0.00165563
-0.00392228
-0.00120191
-0.00388685
-0.000407624
-0.00359447
0.000735401
-0.00296071
0.0021626
-0.0019648
0.00364013
-0.00078178
0.00451987
0.00322993
-2.03152e-05
6.07605e-05
-0.000104131
8.40313e-08
-0.000285639
-9.5614e-05
-0.000565238
-0.000191403
-0.000939143
-0.000274442
-0.00140375
-0.000354138
-0.00195872
-0.000443048
-0.00260503
-0.000550323
-0.00333957
-0.000677866
-0.00414778
-0.000815492
-0.00499609
-0.000935573
-0.00582423
-0.000993535
-0.00653962
-0.000937102
-0.00701447
-0.000722838
-0.00709215
-0.000325147
-0.00660809
0.000256044
-0.00542909
0.000987923
-0.00357573
0.00179056
-0.00139918
0.0023463
0.00183216
6.08228e-05
6.10485e-05
-3.44208e-05
-0.000225716
-0.000500087
-0.000854174
-0.00129717
-0.00184743
-0.00252513
-0.00334019
-0.00427463
-0.00526577
-0.00619881
-0.00691603
-0.00723472
-0.00697231
-0.00597873
-0.00418352
-0.00183381
)
;

boundaryField
{
    leftWall
    {
        type            calculated;
        value           nonuniform List<scalar> 10(-1.05879e-22 0 0 0 0 0 0 0 0 0);
    }
    rightWall
    {
        type            calculated;
        value           uniform 0;
    }
    topWall
    {
        type            calculated;
        value           uniform 0;
    }
    bottomWall
    {
        type            calculated;
        value           uniform 0;
    }
    frontAndBackPlanes
    {
        type            empty;
    }
}


// ************************************************************************* //
