/*--------------------------------*- C++ -*----------------------------------*\
| =========                 |                                                 |
| \\      /  F ield         | OpenFOAM: The Open Source CFD Toolbox           |
|  \\    /   O peration     | Version:  2506                                  |
|   \\  /    A nd           | Website:  www.openfoam.com                      |
|    \\/     M anipulation  |                                                 |
\*---------------------------------------------------------------------------*/
FoamFile
{
    version     2.0;
    format      ascii;
    arch        "LSB;label=32;scalar=64";
    class       surfaceScalarField;
    location    "5.6";
    object      phi;
}
// * * * * * * * * * * * * * * * * * * * * * * * * * * * * * * * * * * * * * //

dimensions      [1 0 -1 0 0 0 0];

oriented        oriented;

internalField   nonuniform List<scalar> 
370
(
-0.000121332
-3.66669e-05
-7.01981e-05
-5.11491e-05
-1.45917e-05
-5.56298e-05
5.14085e-05
-6.60271e-05
0.000127291
-7.59107e-05
0.000214144
-8.6882e-05
0.000314299
-0.000100183
0.000430957
-0.000116688
0.000568309
-0.000137382
0.000731719
-0.00016344
0.00092767
-0.000195983
0.00116313
-0.00023549
0.00144366
-0.000280567
0.00176861
-0.000324975
0.00212106
-0.00035246
0.00244771
-0.000326553
0.00261815
-0.000170011
0.00239173
0.000227758
0.00146261
0.000931883
0.00146532
-1.90668e-05
-1.75808e-05
-5.91153e-06
-6.42814e-05
4.35567e-05
-0.000105091
0.000119243
-0.000141718
0.000218705
-0.000175381
0.000340603
-0.000208791
0.000484847
-0.000244438
0.000652443
-0.000284296
0.000845162
-0.000330114
0.00106503
-0.00038332
0.00131332
-0.000444283
0.00158855
-0.000510739
0.0018828
-0.000574831
0.00217554
-0.000617717
0.00242332
-0.000600231
0.00254506
-0.000448168
0.00241404
-3.85058e-05
0.00186119
0.00078212
0.000842564
0.00195367
0.00231094
-8.12249e-06
-9.41251e-06
3.21599e-06
-7.55592e-05
4.39072e-05
-0.00014575
0.000110243
-0.000208045
0.000198712
-0.00026385
0.000307339
-0.000317421
0.000435068
-0.000372172
0.000581302
-0.000430534
0.000745429
-0.000494246
0.000926147
-0.000564043
0.00112033
-0.000638475
0.00132121
-0.000711623
0.00151554
-0.000769167
0.00167969
-0.000781861
0.00177489
-0.000695407
0.00174416
-0.000417282
0.00151693
0.000189347
0.00104941
0.00125153
0.000420044
0.00258692
0.00273459
-9.29297e-06
-4.85799e-08
-4.74456e-06
-8.00122e-05
2.08452e-05
-0.000171288
6.54361e-05
-0.000252618
0.000126057
-0.000324468
0.000200581
-0.000391945
0.000287659
-0.000459252
0.000386293
-0.00052917
0.000495362
-0.000603317
0.00061304
-0.000681724
0.000735968
-0.000761404
0.000858034
-0.000833691
0.000968738
-0.000879872
0.00105123
-0.000864348
0.00108071
-0.000724852
0.00102514
-0.000361525
0.000853118
0.000362109
0.00055746
0.00154943
0.000205897
0.00294304
0.00294459
-1.44311e-05
1.44779e-05
-2.3541e-05
-7.07732e-05
-1.87443e-05
-0.000176014
-1.61267e-06
-0.000269724
2.47522e-05
-0.000350826
5.81458e-05
-0.000425337
9.742e-05
-0.000498526
0.000142134
-0.000573884
0.000192151
-0.000653334
0.00024722
-0.000736794
0.000306451
-0.000820634
0.000367566
-0.000894806
0.00042586
-0.000938165
0.000472896
-0.000911376
0.000495387
-0.0007473
0.000475637
-0.000341561
0.000396483
0.000442106
0.000254665
0.00169379
8.93446e-05
0.00311344
0.00303841
-2.10682e-05
3.56656e-05
-4.52294e-05
-4.645e-05
-6.27577e-05
-0.000158396
-7.52709e-05
-0.000257178
-8.61162e-05
-0.00033997
-9.74348e-05
-0.000414015
-0.000109848
-0.00048611
-0.000122761
-0.000560968
-0.000134656
-0.000641437
-0.000143285
-0.000728162
-0.000145863
-0.000818054
-0.000139414
-0.000901254
-0.000121534
-0.000956042
-9.18344e-05
-0.000941064
-5.40516e-05
-0.000785028
-1.7728e-05
-0.000377635
4.0002e-06
0.000421326
6.17844e-06
0.00169441
-6.25767e-07
0.00312575
0.00304256
-2.47616e-05
6.05705e-05
-5.94353e-05
-1.15818e-05
-9.59254e-05
-0.000121797
-0.000136952
-0.000216111
-0.000186065
-0.000290845
-0.000244997
-0.000355077
-0.00031368
-0.000417424
-0.000390626
-0.000484018
-0.000473073
-0.000558985
-0.000556808
-0.000644423
-0.000635747
-0.00073911
-0.000701524
-0.000835472
-0.000743485
-0.000914073
-0.0007498
-0.000934726
-0.000710417
-0.00082431
-0.000621493
-0.000466169
-0.000487306
0.000288403
-0.000317401
0.00152778
-0.000127856
0.00294214
0.00291965
-1.85821e-05
7.93201e-05
-5.01379e-05
2.02011e-05
-9.625e-05
-7.55584e-05
-0.000161018
-0.000151295
-0.000246546
-0.000205301
-0.000352863
-0.000248753
-0.000479078
-0.000291203
-0.000623876
-0.000339213
-0.000785354
-0.0003975
-0.000960273
-0.000469496
-0.00114274
-0.000556637
-0.00132232
-0.000655877
-0.00148189
-0.000754482
-0.00159585
-0.000820711
-0.00163033
-0.000789615
-0.00154751
-0.000548281
-0.00131066
5.34703e-05
-0.000905772
0.00112704
-0.000378998
0.00242195
0.00254579
1.13559e-05
6.81597e-05
6.66186e-06
2.51618e-05
-3.54777e-05
-3.32675e-05
-0.000115402
-7.13094e-05
-0.000227033
-9.36464e-05
-0.000365885
-0.000109887
-0.000530472
-0.000126604
-0.000721883
-0.000147789
-0.000942866
-0.000176503
-0.00119677
-0.00021558
-0.00148578
-0.000267606
-0.00180796
-0.000333669
-0.00215217
-0.000410228
-0.00248957
-0.00048317
-0.0027619
-0.000516805
-0.00286937
-0.000439415
-0.00268112
-0.000131516
-0.00201676
0.000468491
-0.000906873
0.00131971
0.00164436
6.83855e-05
9.38666e-05
6.07968e-05
-1.04189e-05
-0.000104016
-0.000213866
-0.000340436
-0.00048819
-0.000664658
-0.000880201
-0.00114777
-0.00148139
-0.00189154
-0.0023745
-0.00289059
-0.00332793
-0.00345481
-0.00297875
-0.00165023
)
;

boundaryField
{
    leftWall
    {
        type            calculated;
        value           nonuniform List<scalar> 10(-5.29396e-23 0 0 0 0 0 0 0 0 0);
    }
    rightWall
    {
        type            calculated;
        value           nonuniform List<scalar> 10(0 0 0 0 8.67362e-19 0 0 1.73472e-18 0 0);
    }
    topWall
    {
        type            calculated;
        value           uniform 0;
    }
    bottomWall
    {
        type            calculated;
        value           uniform 0;
    }
    frontAndBackPlanes
    {
        type            empty;
    }
}


// ************************************************************************* //
