/*--------------------------------*- C++ -*----------------------------------*\
| =========                 |                                                 |
| \\      /  F ield         | OpenFOAM: The Open Source CFD Toolbox           |
|  \\    /   O peration     | Version:  2506                                  |
|   \\  /    A nd           | Website:  www.openfoam.com                      |
|    \\/     M anipulation  |                                                 |
\*---------------------------------------------------------------------------*/
FoamFile
{
    version     2.0;
    format      ascii;
    arch        "LSB;label=32;scalar=64";
    class       volVectorField;
    location    "5.6";
    object      U;
}
// * * * * * * * * * * * * * * * * * * * * * * * * * * * * * * * * * * * * * //

dimensions      [0 1 -1 0 0 0 0];

internalField   nonuniform List<vector> 
200
(
(-0.000334882 -0.000215678 0)
(-0.000456537 -0.0002681 0)
(-0.000227437 -0.000205397 0)
(8.0708e-05 -0.000201084 0)
(0.000366622 -0.000212333 0)
(0.000700321 -0.000229613 0)
(0.00108764 -0.000257661 0)
(0.00153675 -0.00029941 0)
(0.00206229 -0.000358183 0)
(0.00268431 -0.000438904 0)
(0.00342805 -0.000547832 0)
(0.00432288 -0.000691236 0)
(0.00539823 -0.000871964 0)
(0.00667235 -0.00108111 0)
(0.00812604 -0.00127854 0)
(0.00963699 -0.00134864 0)
(0.0108289 -0.00100294 0)
(0.0108769 0.000357995 0)
(0.00858733 0.00334591 0)
(0.00282677 0.0059756 0)
(-4.48661e-05 -0.000265757 0)
(-9.68379e-05 -0.000547749 0)
(4.93351e-05 -0.000722631 0)
(0.00031658 -0.00090251 0)
(0.000682679 -0.00107119 0)
(0.0011441 -0.00124837 0)
(0.00169827 -0.00145008 0)
(0.00234691 -0.00168922 0)
(0.003096 -0.00197899 0)
(0.00395417 -0.002333 0)
(0.00492965 -0.00276128 0)
(0.00602453 -0.00326085 0)
(0.00722368 -0.00379677 0)
(0.0084752 -0.00426526 0)
(0.0096568 -0.00442453 0)
(0.0105212 -0.00377538 0)
(0.0106284 -0.00139938 0)
(0.00929047 0.00401458 0)
(0.00605681 0.0125563 0)
(0.00118289 0.0163496 0)
(-1.55655e-05 -9.50051e-05 0)
(-3.98136e-05 -0.00056391 0)
(7.00437e-05 -0.00105097 0)
(0.000297795 -0.00147993 0)
(0.000622983 -0.00186518 0)
(0.0010352 -0.00223929 0)
(0.00152858 -0.00262808 0)
(0.00210003 -0.00305074 0)
(0.00274755 -0.00352271 0)
(0.00346797 -0.0040538 0)
(0.00425338 -0.00463989 0)
(0.00508522 -0.00524602 0)
(0.00592487 -0.00577633 0)
(0.00669973 -0.00602201 0)
(0.00728395 -0.00557669 0)
(0.00747517 -0.00371741 0)
(0.00698085 0.000680095 0)
(0.00554051 0.00877036 0)
(0.00321116 0.0194535 0)
(0.000503259 0.0215183 0)
(-1.80481e-05 -4.63683e-05 0)
(-4.88792e-05 -0.000669503 0)
(1.37706e-05 -0.00135681 0)
(0.000162564 -0.00196824 0)
(0.000384209 -0.00251302 0)
(0.000667565 -0.00303062 0)
(0.00100549 -0.00355251 0)
(0.00139347 -0.00409999 0)
(0.00182758 -0.00468656 0)
(0.0023023 -0.00531465 0)
(0.00280775 -0.00596437 0)
(0.00332542 -0.00657244 0)
(0.00382239 -0.006997 0)
(0.00424374 -0.0069613 0)
(0.00450363 -0.00597045 0)
(0.00447792 -0.00321223 0)
(0.00401276 0.00245753 0)
(0.00302518 0.0119763 0)
(0.00163306 0.0234573 0)
(0.000225845 0.0240308 0)
(-2.15033e-05 4.935e-05 0)
(-9.17037e-05 -0.000654385 0)
(-0.000100501 -0.00148701 0)
(-5.26798e-05 -0.00222967 0)
(4.03092e-05 -0.00288074 0)
(0.000166562 -0.0034861 0)
(0.000318869 -0.0040844 0)
(0.000494213 -0.0047008 0)
(0.000691785 -0.00534892 0)
(0.000911199 -0.00602707 0)
(0.00115059 -0.00670567 0)
(0.00140405 -0.00730404 0)
(0.00165813 -0.00765271 0)
(0.00188692 -0.00743598 0)
(0.00204604 -0.00611218 0)
(0.00206716 -0.00283112 0)
(0.00186505 0.00353604 0)
(0.00139329 0.0137797 0)
(0.000732656 0.0255609 0)
(9.42868e-05 0.0252296 0)
(-2.83583e-05 0.000200297 0)
(-0.000144694 -0.00051272 0)
(-0.000229987 -0.0014325 0)
(-0.000290117 -0.00225 0)
(-0.000336465 -0.00294882 0)
(-0.000381181 -0.00358349 0)
(-0.000430373 -0.00420332 0)
(-0.000483952 -0.00484155 0)
(-0.000537261 -0.00551689 0)
(-0.000582297 -0.00623011 0)
(-0.000608442 -0.00695096 0)
(-0.000603377 -0.00759346 0)
(-0.00055506 -0.00797554 0)
(-0.000456019 -0.00775797 0)
(-0.000311184 -0.00636257 0)
(-0.000146991 -0.00289638 0)
(-1.1453e-05 0.00378657 0)
(3.58771e-05 0.0143961 0)
(1.76475e-05 0.0263408 0)
(-8.91623e-06 0.0256407 0)
(-3.22412e-05 0.000400221 0)
(-0.000175691 -0.000252424 0)
(-0.000319753 -0.00119543 0)
(-0.000478047 -0.00202098 0)
(-0.000663722 -0.00269869 0)
(-0.000887867 -0.003295 0)
(-0.00115416 -0.00387389 0)
(-0.00145924 -0.00448074 0)
(-0.00179424 -0.00514453 0)
(-0.00214488 -0.00587574 0)
(-0.00249023 -0.00665409 0)
(-0.00280063 -0.00740263 0)
(-0.00303629 -0.00794343 0)
(-0.00314916 -0.00792868 0)
(-0.0030916 -0.00674884 0)
(-0.00283099 -0.00345384 0)
(-0.00235919 0.00315783 0)
(-0.00171318 0.013774 0)
(-0.000919639 0.0257422 0)
(-0.000141435 0.0252233 0)
(-2.39034e-05 0.000601462 0)
(-0.000133658 5.73843e-05 0)
(-0.000288157 -0.000826574 0)
(-0.000516128 -0.00156354 0)
(-0.000828655 -0.00212406 0)
(-0.00122858 -0.00259214 0)
(-0.00171371 -0.00304643 0)
(-0.00227944 -0.00354301 0)
(-0.00291938 -0.00412123 0)
(-0.00362371 -0.00480555 0)
(-0.00437492 -0.00559652 0)
(-0.00514096 -0.00644645 0)
(-0.00586647 -0.0072127 0)
(-0.00646479 -0.00757934 0)
(-0.00681532 -0.00694525 0)
(-0.00676516 -0.00432055 0)
(-0.00612081 0.00158658 0)
(-0.0047674 0.011537 0)
(-0.00274227 0.0230932 0)
(-0.000454353 0.0233549 0)
(1.94957e-05 0.000671005 0)
(6.86568e-05 0.000250805 0)
(-2.32135e-05 -0.000442713 0)
(-0.00028141 -0.000954075 0)
(-0.000685344 -0.00128854 0)
(-0.00120972 -0.00154239 0)
(-0.00184185 -0.00179365 0)
(-0.00258154 -0.0020947 0)
(-0.00343756 -0.00248437 0)
(-0.00442379 -0.00299495 0)
(-0.00555389 -0.00364941 0)
(-0.00683205 -0.00444467 0)
(-0.00823711 -0.00531219 0)
(-0.0096962 -0.00604226 0)
(-0.0110447 -0.0061639 0)
(-0.0119693 -0.00481376 0)
(-0.0119418 -0.000759071 0)
(-0.0101803 0.00696318 0)
(-0.00640593 0.0166932 0)
(-0.00122744 0.0183844 0)
(0.000140796 0.00030639 0)
(0.000377446 0.000135473 0)
(0.000360572 -8.66349e-05 0)
(0.000134525 -0.000213072 0)
(-0.000218398 -0.000272463 0)
(-0.000646041 -0.000308147 0)
(-0.00113737 -0.000347008 0)
(-0.00170419 -0.000404597 0)
(-0.00237235 -0.000492553 0)
(-0.00317954 -0.000622824 0)
(-0.00417528 -0.000808821 0)
(-0.00541851 -0.00106267 0)
(-0.00696811 -0.00138439 0)
(-0.00885761 -0.00173586 0)
(-0.0110297 -0.00199203 0)
(-0.0131849 -0.00187078 0)
(-0.0145581 -0.000883632 0)
(-0.0139106 0.00153735 0)
(-0.0101103 0.00522817 0)
(-0.0031252 0.00694438 0)
)
;

boundaryField
{
    leftWall
    {
        type            fixedValue;
        value           uniform (0 0 0);
    }
    rightWall
    {
        type            fixedValue;
        value           uniform (0 0 0);
    }
    topWall
    {
        type            fixedValue;
        value           uniform (0 0 0);
    }
    bottomWall
    {
        type            fixedValue;
        value           uniform (0 0 0);
    }
    frontAndBackPlanes
    {
        type            empty;
    }
}


// ************************************************************************* //
