/*--------------------------------*- C++ -*----------------------------------*\
| =========                 |                                                 |
| \\      /  F ield         | OpenFOAM: The Open Source CFD Toolbox           |
|  \\    /   O peration     | Version:  2506                                  |
|   \\  /    A nd           | Website:  www.openfoam.com                      |
|    \\/     M anipulation  |                                                 |
\*---------------------------------------------------------------------------*/
FoamFile
{
    version     2.0;
    format      ascii;
    arch        "LSB;label=32;scalar=64";
    class       volVectorField;
    location    "90.2";
    object      U;
}
// * * * * * * * * * * * * * * * * * * * * * * * * * * * * * * * * * * * * * //

dimensions      [0 1 -1 0 0 0 0];

internalField   nonuniform List<vector> 
200
(
(0.000265615 -0.000849828 0)
(0.00166654 -0.0011254 0)
(0.00329213 -0.000869456 0)
(0.00467358 -0.000522066 0)
(0.00560674 -0.000246066 0)
(0.00618114 -8.49641e-05 0)
(0.00653941 -3.24955e-05 0)
(0.00681676 -6.39512e-05 0)
(0.00712081 -0.00015459 0)
(0.0075304 -0.000288047 0)
(0.00810179 -0.000457876 0)
(0.00887512 -0.000663985 0)
(0.00987434 -0.000903437 0)
(0.0110924 -0.00115327 0)
(0.0124467 -0.00134049 0)
(0.0136787 -0.0012886 0)
(0.0141987 -0.00063129 0)
(0.0130875 0.00119548 0)
(0.00940156 0.0042948 0)
(0.00284203 0.0060245 0)
(0.000404312 -0.00355606 0)
(0.00268646 -0.00575125 0)
(0.00528837 -0.00540258 0)
(0.00762219 -0.00412819 0)
(0.00939482 -0.00280175 0)
(0.0106351 -0.00181422 0)
(0.011496 -0.00126786 0)
(0.0121441 -0.00112263 0)
(0.0127173 -0.00128881 0)
(0.0133126 -0.00167592 0)
(0.0139871 -0.00220904 0)
(0.0147583 -0.00281855 0)
(0.0155976 -0.00340442 0)
(0.0164063 -0.003772 0)
(0.0169734 -0.0035388 0)
(0.0169204 -0.00202885 0)
(0.0156416 0.00174622 0)
(0.0124456 0.0085358 0)
(0.00727156 0.0168394 0)
(0.0012472 0.0172885 0)
(0.00043095 -0.0066266 0)
(0.00281502 -0.0110427 0)
(0.005443 -0.0107038 0)
(0.00778812 -0.00850287 0)
(0.00957844 -0.00607673 0)
(0.0108449 -0.00416422 0)
(0.0117277 -0.00297589 0)
(0.0123704 -0.00245874 0)
(0.0128831 -0.00245886 0)
(0.0133359 -0.00280655 0)
(0.0137616 -0.00334484 0)
(0.0141571 -0.003913 0)
(0.014476 -0.00428999 0)
(0.0146089 -0.00410283 0)
(0.0143548 -0.00272067 0)
(0.0133846 0.00079434 0)
(0.0113568 0.00739986 0)
(0.00810413 0.0171921 0)
(0.00405315 0.0268355 0)
(0.000479679 0.0233635 0)
(0.000411105 -0.00966329 0)
(0.00257566 -0.0160383 0)
(0.00480345 -0.0155013 0)
(0.00667514 -0.0123161 0)
(0.00801599 -0.00883629 0)
(0.00890641 -0.00608239 0)
(0.00949059 -0.00431656 0)
(0.00988733 -0.00343917 0)
(0.0101711 -0.00322271 0)
(0.0103799 -0.00342802 0)
(0.0105273 -0.00383779 0)
(0.0106064 -0.00422767 0)
(0.0105831 -0.00428757 0)
(0.0103778 -0.00351204 0)
(0.00984474 -0.00111115 0)
(0.0087605 0.00392886 0)
(0.00698404 0.0123691 0)
(0.00452407 0.0236804 0)
(0.00186466 0.0331422 0)
(9.8051e-05 0.0262158 0)
(0.000369443 -0.0123513 0)
(0.00209906 -0.0200969 0)
(0.00363637 -0.0190543 0)
(0.00474396 -0.0148609 0)
(0.00539775 -0.010484 0)
(0.00574064 -0.00710743 0)
(0.00591308 -0.00495799 0)
(0.00599812 -0.00384699 0)
(0.00602978 -0.00347079 0)
(0.00601745 -0.00354438 0)
(0.00596276 -0.00382458 0)
(0.00586243 -0.00405781 0)
(0.00569778 -0.00387645 0)
(0.00541631 -0.00267734 0)
(0.00491009 0.000435284 0)
(0.00407022 0.0064525 0)
(0.00285809 0.0159271 0)
(0.00140942 0.0277502 0)
(0.000140586 0.0363442 0)
(-0.000168621 0.0269838 0)
(0.000295494 -0.014457 0)
(0.00133641 -0.022738 0)
(0.00188662 -0.0208688 0)
(0.00198835 -0.0157585 0)
(0.00180882 -0.0107792 0)
(0.00153204 -0.00710634 0)
(0.00125982 -0.00483836 0)
(0.00101852 -0.00367591 0)
(0.000799709 -0.00325987 0)
(0.000591252 -0.00329291 0)
(0.000386951 -0.00353232 0)
(0.000179974 -0.00370877 0)
(-4.94004e-05 -0.0034069 0)
(-0.000338994 -0.0019543 0)
(-0.000740688 0.00157991 0)
(-0.00123273 0.00808352 0)
(-0.00169655 0.0178218 0)
(-0.00188201 0.0292207 0)
(-0.00150996 0.0364995 0)
(-0.000367171 0.0259737 0)
(0.000165052 -0.0155738 0)
(0.000102903 -0.023276 0)
(-0.000730152 -0.0203322 0)
(-0.00187473 -0.0146049 0)
(-0.00299367 -0.0095115 0)
(-0.00393085 -0.00598271 0)
(-0.00466763 -0.0039111 0)
(-0.00524711 -0.00290554 0)
(-0.00571917 -0.00259595 0)
(-0.00611928 -0.00270207 0)
(-0.00647034 -0.00298872 0)
(-0.00679207 -0.00317237 0)
(-0.00710254 -0.00281979 0)
(-0.00739848 -0.00128299 0)
(-0.00761285 0.00224827 0)
(-0.00755607 0.00846029 0)
(-0.00695682 0.017403 0)
(-0.00554582 0.0274358 0)
(-0.00332809 0.0332852 0)
(-0.000616188 0.0230761 0)
(-0.000139585 -0.0149547 0)
(-0.00193666 -0.0206335 0)
(-0.00452323 -0.0167152 0)
(-0.00704319 -0.0110836 0)
(-0.00906876 -0.00658855 0)
(-0.0105595 -0.00372508 0)
(-0.0116311 -0.0021919 0)
(-0.0124199 -0.00156646 0)
(-0.013035 -0.00151033 0)
(-0.0135528 -0.00178125 0)
(-0.0140224 -0.00217249 0)
(-0.0144657 -0.00242977 0)
(-0.0148642 -0.00218289 0)
(-0.0151272 -0.00091875 0)
(-0.0150389 0.00196118 0)
(-0.0142692 0.006954 0)
(-0.0124431 0.0140474 0)
(-0.00932506 0.0218957 0)
(-0.00521066 0.0263494 0)
(-0.000888406 0.0181717 0)
(-0.000746722 -0.011479 0)
(-0.00486873 -0.013877 0)
(-0.00916472 -0.0097996 0)
(-0.0125881 -0.00543657 0)
(-0.0148547 -0.00245891 0)
(-0.0162256 -0.000849153 0)
(-0.0170466 -0.000192424 0)
(-0.0175861 -0.00011042 0)
(-0.0180144 -0.000351397 0)
(-0.018437 -0.000757952 0)
(-0.0189111 -0.00120583 0)
(-0.0194404 -0.0015474 0)
(-0.0199588 -0.00156864 0)
(-0.0203 -0.000971662 0)
(-0.0201571 0.000607802 0)
(-0.0190644 0.00352739 0)
(-0.016533 0.00785293 0)
(-0.0122869 0.0128246 0)
(-0.00677272 0.0159276 0)
(-0.00115457 0.0113392 0)
(-0.00182512 -0.00390553 0)
(-0.00659462 -0.00361345 0)
(-0.0102167 -0.00185124 0)
(-0.0123113 -0.000531614 0)
(-0.0131912 0.000140429 0)
(-0.0134127 0.000379708 0)
(-0.013368 0.000385205 0)
(-0.0132733 0.00028364 0)
(-0.0132493 0.000137037 0)
(-0.0133593 -2.97648e-05 0)
(-0.0136312 -0.000203581 0)
(-0.0140626 -0.000369736 0)
(-0.0146013 -0.000498129 0)
(-0.0151182 -0.000532297 0)
(-0.0153711 -0.000376542 0)
(-0.0149987 0.000119975 0)
(-0.0135116 0.00109085 0)
(-0.0105014 0.00248761 0)
(-0.00617702 0.00373471 0)
(-0.00148036 0.00318238 0)
)
;

boundaryField
{
    leftWall
    {
        type            fixedValue;
        value           uniform (0 0 0);
    }
    rightWall
    {
        type            fixedValue;
        value           uniform (0 0 0);
    }
    topWall
    {
        type            fixedValue;
        value           uniform (0 0 0);
    }
    bottomWall
    {
        type            fixedValue;
        value           uniform (0 0 0);
    }
    frontAndBackPlanes
    {
        type            empty;
    }
}


// ************************************************************************* //
