/*--------------------------------*- C++ -*----------------------------------*\
| =========                 |                                                 |
| \\      /  F ield         | OpenFOAM: The Open Source CFD Toolbox           |
|  \\    /   O peration     | Version:  2506                                  |
|   \\  /    A nd           | Website:  www.openfoam.com                      |
|    \\/     M anipulation  |                                                 |
\*---------------------------------------------------------------------------*/
FoamFile
{
    version     2.0;
    format      ascii;
    arch        "LSB;label=32;scalar=64";
    class       surfaceScalarField;
    location    "87.8";
    object      phi;
}
// * * * * * * * * * * * * * * * * * * * * * * * * * * * * * * * * * * * * * //

dimensions      [1 0 -1 0 0 0 0];

oriented        oriented;

internalField   nonuniform List<scalar> 
370
(
0.00019612
-0.000248028
0.000583044
-0.000386843
0.000938752
-0.000355589
0.00120497
-0.00026607
0.00138149
-0.000176358
0.00149356
-0.000111898
0.00157237
-7.86257e-05
0.0016457
-7.3143e-05
0.00173512
-8.92242e-05
0.00185636
-0.000121033
0.00202074
-0.000164174
0.0022358
-0.000214844
0.00250334
-0.000267321
0.00281267
-0.000309099
0.00312619
-0.000313286
0.00335354
-0.000227119
0.00330843
4.53501e-05
0.00277251
0.000536156
0.00152075
0.00125197
0.00152087
0.000340457
-0.000588443
0.000935028
-0.000981296
0.00152724
-0.000947638
0.00201011
-0.000748739
0.00236577
-0.000531805
0.00261748
-0.00036339
0.00280152
-0.000262441
0.00295268
-0.000224076
0.00309809
-0.000234409
0.00325568
-0.000278388
0.00343415
-0.00034241
0.00363227
-0.000412721
0.00383513
-0.000469935
0.00400604
-0.000479755
0.00407387
-0.000380859
0.00392319
-7.61751e-05
0.00341247
0.000556335
0.00238506
0.00156383
0.000972611
0.00266464
0.00249359
0.000365119
-0.000953503
0.000976724
-0.00159274
0.00157779
-0.00154849
0.00206682
-0.00123751
0.0024289
-0.000893611
0.00268659
-0.000620803
0.00287217
-0.000447741
0.00301453
-0.000366154
0.00313445
-0.00035405
0.00324389
-0.000387546
0.0033463
-0.000444537
0.00343585
-0.000501994
0.00349411
-0.000527901
0.00348393
-0.00046928
0.00334398
-0.000240615
0.0029914
0.000276704
0.00236144
0.00118659
0.00146086
0.00246469
0.000502481
0.00362325
0.00299618
0.000341393
-0.00129483
0.000881826
-0.00213299
0.00138136
-0.00204775
0.00176268
-0.00161852
0.00202776
-0.00115837
0.00220534
-0.000798061
0.00232532
-0.000567391
0.00240955
-0.00045007
0.002471
-0.000415175
0.00251569
-0.000431916
0.00254449
-0.000473026
0.00255281
-0.00050999
0.00252739
-0.000502156
0.00244127
-0.000382838
0.00225175
-5.0766e-05
0.00191222
0.00061656
0.0014016
0.00169754
0.000771607
0.00309499
0.00020766
0.00418745
0.00320395
0.000288796
-0.00158354
0.000694646
-0.00253863
0.00102061
-0.00237342
0.00123019
-0.00182776
0.00134906
-0.00127689
0.00141233
-0.000860982
0.00144515
-0.000599862
0.0014605
-0.000465085
0.00146338
-0.00041772
0.00145527
-0.000423471
0.0014363
-0.000453715
0.00140424
-0.000477594
0.00135104
-0.000448614
0.00125875
-0.000290207
0.00109953
0.000108814
0.000852934
0.000863505
0.000526502
0.00202432
0.000192857
0.00342895
-9.52307e-06
0.00439008
0.00319453
0.000201269
-0.00178473
0.000401826
-0.00273895
0.000485919
-0.00245719
0.000476455
-0.00181795
0.000422767
-0.00122284
0.000358806
-0.000796667
0.00029836
-0.000539069
0.000243055
-0.000409439
0.000190689
-0.000365016
0.000139614
-0.000372059
8.88784e-05
-0.000402642
3.57577e-05
-0.000424134
-2.67147e-05
-0.000385799
-0.000108803
-0.000207766
-0.00021648
0.000216854
-0.000336891
0.000984281
-0.000427471
0.00211525
-0.000412748
0.00341455
-0.00023435
0.00421192
0.00296028
4.71046e-05
-0.00183174
-5.86267e-05
-0.00263296
-0.00029166
-0.00222383
-0.000560817
-0.00154844
-0.000805071
-0.000978236
-0.00100437
-0.000597021
-0.00116242
-0.000380682
-0.00129014
-0.000281391
-0.00139707
-0.000257756
-0.00148949
-0.000279314
-0.00157184
-0.000319959
-0.00164824
-0.000347402
-0.00172089
-0.000312811
-0.00178333
-0.000144988
-0.00180709
0.000240963
-0.00174063
0.00091817
-0.00151494
0.0018899
-0.00107493
0.00297483
-0.000465017
0.00360224
0.00249535
-0.000216604
-0.00161503
-0.000754963
-0.00209434
-0.00137105
-0.00160741
-0.00191143
-0.00100771
-0.00232967
-0.000559661
-0.00263657
-0.00028978
-0.00286148
-0.000155456
-0.00303261
-0.00010994
-0.00317147
-0.000118582
-0.00329261
-0.00015787
-0.00340418
-0.00020808
-0.0035065
-0.000244777
-0.00358668
-0.000232326
-0.00361016
-0.000121198
-0.00351532
0.000146434
-0.00321917
0.000622327
-0.00264122
0.00131224
-0.00175606
0.00208994
-0.000706679
0.00255305
0.00178875
-0.000623138
-0.000991767
-0.00166852
-0.00104869
-0.00260441
-0.000671177
-0.00327541
-0.000336371
-0.00370703
-0.000127712
-0.00397078
-2.57096e-05
-0.00413746
1.15274e-05
-0.00425717
1.00696e-05
-0.00436241
-1.30643e-05
-0.00447283
-4.71812e-05
-0.0045953
-8.53464e-05
-0.00472282
-0.000116999
-0.00482739
-0.000127503
-0.00485245
-9.58858e-05
-0.0047148
9.02567e-06
-0.00429705
0.000204815
-0.00350051
0.000515929
-0.00230382
0.000893448
-0.000909055
0.00115845
0.00087976
-0.000991637
-0.00204004
-0.00271089
-0.00304693
-0.00317432
-0.00319972
-0.00318791
-0.00317757
-0.00319038
-0.00323732
-0.00332244
-0.00343922
-0.00356652
-0.00366222
-0.00365302
-0.00344803
-0.00293194
-0.00203836
-0.000879806
)
;

boundaryField
{
    leftWall
    {
        type            calculated;
        value           uniform 0;
    }
    rightWall
    {
        type            calculated;
        value           nonuniform List<scalar> 10(0 0 0 0 0 -4.33681e-19 0 4.33681e-19 0 0);
    }
    topWall
    {
        type            calculated;
        value           uniform 0;
    }
    bottomWall
    {
        type            calculated;
        value           uniform 0;
    }
    frontAndBackPlanes
    {
        type            empty;
    }
}


// ************************************************************************* //
