/*--------------------------------*- C++ -*----------------------------------*\
| =========                 |                                                 |
| \\      /  F ield         | OpenFOAM: The Open Source CFD Toolbox           |
|  \\    /   O peration     | Version:  2506                                  |
|   \\  /    A nd           | Website:  www.openfoam.com                      |
|    \\/     M anipulation  |                                                 |
\*---------------------------------------------------------------------------*/
FoamFile
{
    version     2.0;
    format      ascii;
    arch        "LSB;label=32;scalar=64";
    class       volVectorField;
    location    "87.8";
    object      U;
}
// * * * * * * * * * * * * * * * * * * * * * * * * * * * * * * * * * * * * * //

dimensions      [0 1 -1 0 0 0 0];

internalField   nonuniform List<vector> 
200
(
(0.000245407 -0.000815942 0)
(0.00159383 -0.00108619 0)
(0.00317674 -0.000844802 0)
(0.00453289 -0.000514277 0)
(0.00545904 -0.000250255 0)
(0.00604021 -9.54836e-05 0)
(0.00641298 -4.51528e-05 0)
(0.00670795 -7.63268e-05 0)
(0.00703004 -0.000165736 0)
(0.0074569 -0.000298007 0)
(0.0080447 -0.000467219 0)
(0.00883405 -0.000673434 0)
(0.00984951 -0.00091359 0)
(0.0110843 -0.00116437 0)
(0.0124558 -0.00135229 0)
(0.0137043 -0.00130044 0)
(0.0142373 -0.000641679 0)
(0.0131324 0.0011917 0)
(0.00944075 0.00430611 0)
(0.00285557 0.00605202 0)
(0.00039224 -0.00343669 0)
(0.002619 -0.00558925 0)
(0.00517126 -0.00528329 0)
(0.00747232 -0.00407169 0)
(0.00923256 -0.00279875 0)
(0.010477 -0.001847 0)
(0.0113526 -0.00131987 0)
(0.012021 -0.00118201 0)
(0.0126166 -0.00134884 0)
(0.0132348 -0.00173408 0)
(0.0139317 -0.00226546 0)
(0.014725 -0.00287453 0)
(0.0155862 -0.003461 0)
(0.0164162 -0.00382889 0)
(0.0170032 -0.00359359 0)
(0.0169666 -0.00207657 0)
(0.0156984 0.00171482 0)
(0.0125011 0.00853729 0)
(0.00731015 0.0168907 0)
(0.00125528 0.0173692 0)
(0.000423443 -0.00644436 0)
(0.0027733 -0.0107909 0)
(0.00537332 -0.0105153 0)
(0.0077025 -0.00841065 0)
(0.00948994 -0.00606843 0)
(0.0107634 -0.00421378 0)
(0.0116592 -0.0030583 0)
(0.0123176 -0.00255561 0)
(0.012847 -0.00255925 0)
(0.0133165 -0.00290568 0)
(0.0137586 -0.00344193 0)
(0.0141703 -0.00400905 0)
(0.014505 -0.00438564 0)
(0.0146531 -0.0041964 0)
(0.0144125 -0.00280647 0)
(0.0134523 0.000727275 0)
(0.0114253 0.00737108 0)
(0.00816178 0.0172233 0)
(0.00408813 0.0269392 0)
(0.000485707 0.0234875 0)
(0.000407276 -0.00944725 0)
(0.00255947 -0.0157471 0)
(0.00478392 -0.015292 0)
(0.00666046 -0.012224 0)
(0.0080116 -0.00884307 0)
(0.00891427 -0.00615511 0)
(0.00951025 -0.00442515 0)
(0.00991729 -0.00356241 0)
(0.0102098 -0.00334852 0)
(0.0104263 -0.00355146 0)
(0.0105806 -0.00395833 0)
(0.0106663 -0.00434654 0)
(0.0106495 -0.00440533 0)
(0.0104505 -0.00362597 0)
(0.00992268 -0.00121218 0)
(0.00883981 0.00385974 0)
(0.00705695 0.0123577 0)
(0.00458036 0.023752 0)
(0.00189546 0.0333008 0)
(0.000102468 0.0263766 0)
(0.000368827 -0.0121273 0)
(0.00210469 -0.0198125 0)
(0.00365913 -0.0188688 0)
(0.0047878 -0.0148008 0)
(0.00546073 -0.0105221 0)
(0.00581769 -0.00720559 0)
(0.00599861 -0.00508473 0)
(0.00608756 -0.00398213 0)
(0.00612015 -0.00360426 0)
(0.00610716 -0.00367309 0)
(0.00605116 -0.00394928 0)
(0.00594937 -0.00418048 0)
(0.00578336 -0.00399795 0)
(0.00550062 -0.00279459 0)
(0.00499343 0.000334294 0)
(0.00414785 0.00639436 0)
(0.00292489 0.0159428 0)
(0.00145711 0.0278662 0)
(0.000160496 0.0365549 0)
(-0.000169202 0.0271759 0)
(0.000297207 -0.0142453 0)
(0.00135809 -0.0224957 0)
(0.0019388 -0.0207372 0)
(0.00206932 -0.0157474 0)
(0.00190993 -0.0108526 0)
(0.00164341 -0.00722424 0)
(0.00137355 -0.00497203 0)
(0.00112954 -0.00380935 0)
(0.000905314 -0.00338682 0)
(0.000690308 -0.00341298 0)
(0.000479197 -0.00364792 0)
(0.00026557 -0.00382272 0)
(3.0079e-05 -0.00352042 0)
(-0.000266283 -0.00206301 0)
(-0.000676701 0.00149192 0)
(-0.00117986 0.0080465 0)
(-0.00165697 0.0178702 0)
(-0.00185795 0.0293787 0)
(-0.00150182 0.0367497 0)
(-0.000367673 0.0261846 0)
(0.00016737 -0.0153896 0)
(0.000133319 -0.0230958 0)
(-0.000664387 -0.0202672 0)
(-0.00178296 -0.0146426 0)
(-0.0028883 -0.00960971 0)
(-0.00382295 -0.00610568 0)
(-0.00456458 -0.0040371 0)
(-0.00515289 -0.00302451 0)
(-0.00563555 -0.00270556 0)
(-0.00604675 -0.00280419 0)
(-0.00640878 -0.00308673 0)
(-0.00674121 -0.00326899 0)
(-0.00706247 -0.00291464 0)
(-0.00737019 -0.00136974 0)
(-0.00759812 0.00218682 0)
(-0.00755454 0.00845157 0)
(-0.00696545 0.0174781 0)
(-0.0055593 0.0276149 0)
(-0.00334019 0.0335457 0)
(-0.000619465 0.0232829 0)
(-0.000134349 -0.0148062 0)
(-0.00190045 -0.0205186 0)
(-0.00445861 -0.0167056 0)
(-0.00696307 -0.0111511 0)
(-0.00898704 -0.00669208 0)
(-0.0104861 -0.00383642 0)
(-0.0115712 -0.00229706 0)
(-0.0123757 -0.00166006 0)
(-0.0130071 -0.00159279 0)
(-0.0135411 -0.00185618 0)
(-0.0140263 -0.0022437 0)
(-0.0144847 -0.00249952 0)
(-0.0148984 -0.0022499 0)
(-0.0151767 -0.000975972 0)
(-0.0151024 0.00192828 0)
(-0.0143413 0.00696614 0)
(-0.0125149 0.0141286 0)
(-0.00938476 0.0220615 0)
(-0.00524756 0.0265791 0)
(-0.000895685 0.0183492 0)
(-0.000737883 -0.0113748 0)
(-0.004825 -0.013822 0)
(-0.00910314 -0.00982484 0)
(-0.0125287 -0.00550785 0)
(-0.0148123 -0.00254335 0)
(-0.0162073 -0.000928119 0)
(-0.0170522 -0.000258653 0)
(-0.0176125 -0.000164361 0)
(-0.0180606 -0.000396267 0)
(-0.018502 -0.000797241 0)
(-0.0189936 -0.00124277 0)
(-0.0195396 -0.00158385 0)
(-0.0200743 -0.00160385 0)
(-0.0204304 -0.00100128 0)
(-0.0202989 0.000592418 0)
(-0.0192086 0.00353912 0)
(-0.0166659 0.00790798 0)
(-0.0123914 0.0129345 0)
(-0.00683408 0.0160806 0)
(-0.00116606 0.0114594 0)
(-0.00180676 -0.00386752 0)
(-0.00654305 -0.00360117 0)
(-0.0101639 -0.0018649 0)
(-0.0122782 -0.000555412 0)
(-0.013185 0.00011695 0)
(-0.0134316 0.00036132 0)
(-0.0134093 0.000373499 0)
(-0.0133345 0.00027603 0)
(-0.0133251 0.000131119 0)
(-0.013446 -3.47475e-05 0)
(-0.0137281 -0.000208481 0)
(-0.0141698 -0.000375372 0)
(-0.0147191 -0.000504858 0)
(-0.0152463 -0.000539728 0)
(-0.0155071 -0.000383111 0)
(-0.015137 0.000117759 0)
(-0.0136417 0.00109882 0)
(-0.0106073 0.00251183 0)
(-0.00624294 0.00377525 0)
(-0.00149747 0.00321958 0)
)
;

boundaryField
{
    leftWall
    {
        type            fixedValue;
        value           uniform (0 0 0);
    }
    rightWall
    {
        type            fixedValue;
        value           uniform (0 0 0);
    }
    topWall
    {
        type            fixedValue;
        value           uniform (0 0 0);
    }
    bottomWall
    {
        type            fixedValue;
        value           uniform (0 0 0);
    }
    frontAndBackPlanes
    {
        type            empty;
    }
}


// ************************************************************************* //
