/*--------------------------------*- C++ -*----------------------------------*\
| =========                 |                                                 |
| \\      /  F ield         | OpenFOAM: The Open Source CFD Toolbox           |
|  \\    /   O peration     | Version:  2506                                  |
|   \\  /    A nd           | Website:  www.openfoam.com                      |
|    \\/     M anipulation  |                                                 |
\*---------------------------------------------------------------------------*/
FoamFile
{
    version     2.0;
    format      ascii;
    arch        "LSB;label=32;scalar=64";
    class       surfaceScalarField;
    location    "0.4";
    object      phi;
}
// * * * * * * * * * * * * * * * * * * * * * * * * * * * * * * * * * * * * * //

dimensions      [1 0 -1 0 0 0 0];

oriented        oriented;

internalField   nonuniform List<scalar> 
370
(
-0.000648497
0.000470859
-0.000841447
0.00019288
-0.000741242
-0.000100301
-0.000592412
-0.000148953
-0.000463564
-0.000128992
-0.000356512
-0.000107212
-0.000265766
-9.09195e-05
-0.000185874
-8.00768e-05
-0.000112269
-7.38001e-05
-4.12286e-05
-7.12439e-05
3.02031e-05
-7.16431e-05
0.000104561
-7.45762e-05
0.000185044
-8.07071e-05
0.000276206
-9.13915e-05
0.000383843
-0.000107871
0.000512969
-0.000129365
0.000656777
-0.000144049
0.000756229
-9.96807e-05
0.000597977
0.000158628
0.000616389
-0.000304834
0.000775804
-0.000443389
0.000331354
-0.000445755
-9.80345e-05
-0.000385703
-0.000209122
-0.00031397
-0.000200858
-0.000246465
-0.000174864
-0.00018452
-0.000153024
-0.000126883
-0.000137884
-7.19749e-05
-0.000128888
-1.81451e-05
-0.000125263
3.59589e-05
-0.000125944
9.11733e-05
-0.000129994
0.000148586
-0.00013833
0.000209904
-0.000152924
0.000276491
-0.000174678
0.000347838
-0.000200935
0.000413547
-0.000209984
0.000410273
-9.6618e-05
0.000241722
0.000327587
0.000876859
-0.00010959
0.000885704
-0.000177278
0.000398948
-0.000201155
-7.42826e-05
-0.000201427
-0.000208984
-0.000184108
-0.00021832
-0.000156417
-0.000202708
-0.000122554
-0.00018705
-8.51331e-05
-0.000175477
-4.58206e-05
-0.00016838
-5.73002e-06
-0.00016554
3.44858e-05
-0.000166354
7.41336e-05
-0.000169842
0.000111356
-0.000175757
0.000140634
-0.00018241
0.000163626
-0.000197882
0.000175369
-0.000212894
0.000167574
-0.000202409
0.000136471
-6.57186e-05
5.66609e-05
0.000407838
0.000952565
-4.4497e-05
0.000930721
-7.92158e-05
0.000433561
-0.000100736
-5.29134e-05
-0.000106845
-0.000203032
-0.000101676
-0.000223651
-8.9459e-05
-0.000215094
-7.31513e-05
-0.000203534
-5.46194e-05
-0.000194191
-3.51791e-05
-0.000188009
-1.57889e-05
-0.000185124
3.05581e-06
-0.000185397
2.14278e-05
-0.000188417
3.95258e-05
-0.000194063
5.93542e-05
-0.00020245
7.47556e-05
-0.000213498
8.34006e-05
-0.000221757
8.17302e-05
-0.000200958
6.51507e-05
-4.9344e-05
2.34515e-05
0.000449995
0.000995298
-1.81548e-05
0.000949612
-3.19713e-05
0.000447267
-3.89628e-05
-4.60931e-05
-4.10078e-05
-0.000201163
-3.97557e-05
-0.000225082
-3.62075e-05
-0.000218826
-3.11754e-05
-0.000208754
-2.5289e-05
-0.00020027
-1.90989e-05
-0.000194396
-1.30729e-05
-0.000191352
-7.49271e-06
-0.000191183
-2.2641e-06
-0.000193856
2.72584e-06
-0.000199266
7.38427e-06
-0.000207325
1.07649e-05
-0.000217098
1.21194e-05
-0.000223333
1.06693e-05
-0.000199731
3.7068e-06
-4.25892e-05
-7.63172e-06
0.000461808
0.00100718
-1.47093e-06
0.000952042
3.83755e-06
0.000441849
9.55217e-06
-5.19937e-05
1.19591e-05
-0.000203759
1.13889e-05
-0.000224704
8.52649e-06
-0.000216158
4.07387e-06
-0.000204499
-1.37159e-06
-0.000195025
-7.25978e-06
-0.000188712
-1.34519e-05
-0.000185368
-1.99453e-05
-0.000184901
-2.66159e-05
-0.000187399
-3.27712e-05
-0.000193328
-3.77647e-05
-0.000202552
-4.09734e-05
-0.000214112
-4.1808e-05
-0.000222723
-3.99115e-05
-0.000201854
-3.36271e-05
-4.90831e-05
-2.44096e-05
0.000453085
0.00100251
2.50624e-05
0.000928166
5.7063e-05
0.000409746
7.58773e-05
-7.1004e-05
8.0649e-05
-0.00020873
7.53856e-05
-0.000219641
6.34213e-05
-0.000204396
4.7207e-05
-0.000188488
2.85931e-05
-0.000176618
8.78097e-06
-0.000169109
-1.13849e-05
-0.000165414
-3.20336e-05
-0.000164466
-5.37405e-05
-0.000165909
-7.50511e-05
-0.000172236
-9.34004e-05
-0.000184423
-0.000107248
-0.000200487
-0.000113966
-0.00021623
-0.000110376
-0.000205671
-9.31694e-05
-6.64992e-05
-5.30948e-05
0.00041353
0.000969381
6.25232e-05
0.000867059
0.000138373
0.000333804
0.000165825
-9.86604e-05
0.000172652
-0.000215764
0.000159279
-0.000206476
0.000132551
-0.000177876
9.78858e-05
-0.000154032
5.87883e-05
-0.000137731
1.76295e-05
-0.000128163
-2.39832e-05
-0.000124015
-6.49907e-05
-0.000123675
-0.000103693
-0.000127425
-0.000139315
-0.000136835
-0.000170812
-0.000153149
-0.00019422
-0.000177305
-0.000204067
-0.00020661
-0.000192514
-0.000217454
-0.000159121
-0.000100103
-8.30581e-05
0.000338009
0.000906513
0.000243545
0.00062516
0.000406528
0.000170745
0.000411179
-0.000103526
0.000347153
-0.000151957
0.000275982
-0.000135526
0.000209334
-0.00011145
0.000147922
-9.28458e-05
9.05069e-05
-8.05432e-05
3.55081e-05
-7.33937e-05
-1.85118e-05
-7.02267e-05
-7.24389e-05
-6.99813e-05
-0.00012733
-7.27683e-05
-0.000184639
-7.97622e-05
-0.000245859
-9.21662e-05
-0.000312293
-0.000111109
-0.000383388
-0.000135753
-0.00044805
-0.000153031
-0.0004429
-0.000105465
-0.000275748
0.00017148
0.00065118
0.00062712
0.000797898
0.000694227
0.000542116
0.000406432
0.000294821
0.000201812
0.000121103
4.7541e-05
-2.2856e-05
-9.30092e-05
-0.000165951
-0.000245887
-0.000338228
-0.000449511
-0.000585437
-0.00073864
-0.000844237
-0.000671901
)
;

boundaryField
{
    leftWall
    {
        type            calculated;
        value           uniform 0;
    }
    rightWall
    {
        type            calculated;
        value           nonuniform List<scalar> 10(0 4.33681e-19 0 0 0 0 0 0 0 0);
    }
    topWall
    {
        type            calculated;
        value           uniform 0;
    }
    bottomWall
    {
        type            calculated;
        value           uniform 0;
    }
    frontAndBackPlanes
    {
        type            empty;
    }
}


// ************************************************************************* //
