/*--------------------------------*- C++ -*----------------------------------*\
| =========                 |                                                 |
| \\      /  F ield         | OpenFOAM: The Open Source CFD Toolbox           |
|  \\    /   O peration     | Version:  2506                                  |
|   \\  /    A nd           | Website:  www.openfoam.com                      |
|    \\/     M anipulation  |                                                 |
\*---------------------------------------------------------------------------*/
FoamFile
{
    version     2.0;
    format      ascii;
    arch        "LSB;label=32;scalar=64";
    class       surfaceScalarField;
    location    "5.2";
    object      phi;
}
// * * * * * * * * * * * * * * * * * * * * * * * * * * * * * * * * * * * * * //

dimensions      [1 0 -1 0 0 0 0];

oriented        oriented;

internalField   nonuniform List<scalar> 
370
(
-0.000127071
-3.7724e-05
-7.63814e-05
-5.07065e-05
-2.34099e-05
-5.29956e-05
3.82982e-05
-6.17354e-05
0.000108645
-7.03748e-05
0.000188888
-8.02726e-05
0.000281232
-9.23727e-05
0.000388557
-0.000107356
0.000514665
-0.000126137
0.000664551
-0.000149918
0.000844466
-0.000179946
0.00106144
-0.000217005
0.00132172
-0.000260312
0.00162643
-0.000304745
0.0019624
-0.000335974
0.00228286
-0.000320382
0.00246806
-0.000184773
0.00228348
0.000185994
0.00142098
0.000865644
0.00142427
-2.16248e-05
-1.6077e-05
-1.37635e-05
-5.85435e-05
2.80748e-05
-9.48269e-05
9.42733e-05
-0.000127938
0.000182819
-0.00015893
0.000292466
-0.000189929
0.00042291
-0.000222827
0.000574775
-0.000259232
0.000749454
-0.000300829
0.000948767
-0.000349243
0.00117414
-0.000405326
0.00142485
-0.000467735
0.00169478
-0.000530251
0.00196679
-0.00057676
0.00220305
-0.000572229
0.00233057
-0.000447791
0.00223018
-8.38982e-05
0.00174121
0.000676566
0.000799339
0.00181112
0.00222733
-1.06353e-05
-5.38983e-06
-4.55792e-06
-6.45569e-05
2.86792e-05
-0.000128033
8.56013e-05
-0.000184852
0.000163142
-0.000236471
0.000259532
-0.000286322
0.000373647
-0.000336946
0.000504696
-0.000390286
0.000651923
-0.00044806
0.000814081
-0.000511406
0.000988477
-0.000579727
0.00116935
-0.000648617
0.00134538
-0.000706284
0.00149608
-0.000727454
0.00158733
-0.000663457
0.00156798
-0.000428307
0.00137355
0.000111135
0.000958902
0.00109318
0.000388914
0.00238547
0.00262058
-1.03642e-05
5.05464e-06
-9.03292e-06
-6.57879e-05
1.14156e-05
-0.00014843
4.91908e-05
-0.000222611
0.000101667
-0.000288944
0.000166937
-0.000351592
0.000243689
-0.000413699
0.000330869
-0.000477467
0.000427317
-0.000544511
0.000531314
-0.000615405
0.000639877
-0.000688291
0.000747718
-0.00075646
0.000845815
-0.000804381
0.000919671
-0.000801306
0.000947813
-0.00069157
0.000902163
-0.000382495
0.000754548
0.000259445
0.000496899
0.00135311
0.000186164
0.0027012
0.0028116
-1.46511e-05
1.98138e-05
-2.43858e-05
-5.59173e-05
-2.13063e-05
-0.00015144
-7.03789e-06
-0.000236856
1.54926e-05
-0.000311469
4.42394e-05
-0.000380338
7.81069e-05
-0.000447566
0.000116609
-0.000515969
0.000159528
-0.00058743
0.00020657
-0.000662446
0.000256942
-0.000738663
0.000308751
-0.000808269
0.000358155
-0.000853784
0.000398275
-0.000841421
0.000418196
-0.000711456
0.000403102
-0.000367218
0.000338062
0.000325264
0.000219477
0.00147423
7.86309e-05
0.00284752
0.00289543
-2.01803e-05
4.01297e-05
-4.24334e-05
-3.34934e-05
-5.80644e-05
-0.000135721
-6.90675e-05
-0.000225823
-7.87876e-05
-0.00030174
-8.93068e-05
-0.000369816
-0.00010125
-0.000435621
-0.000114137
-0.00050308
-0.000126675
-0.00057489
-0.000136932
-0.000652187
-0.000142462
-0.000733131
-0.00014052
-0.000810209
-0.000128601
-0.0008657
-0.000105544
-0.00086447
-7.33338e-05
-0.000743624
-3.89306e-05
-0.000401411
-1.33583e-05
0.000300556
-3.60287e-06
0.00146722
-3.01604e-06
0.00285278
0.00289791
-2.29369e-05
6.32294e-05
-5.33525e-05
-2.87233e-06
-8.45384e-05
-0.000104429
-0.000119705
-0.000190619
-0.00016254
-0.000258894
-0.000214788
-0.000317563
-0.000276411
-0.000373996
-0.000346055
-0.000433432
-0.000421277
-0.000499664
-0.000498416
-0.000575044
-0.000572207
-0.000659336
-0.000635296
-0.000747115
-0.00067802
-0.00082297
-0.000689055
-0.00085342
-0.000657752
-0.000774853
-0.000578432
-0.000480415
-0.000453766
0.000177015
-0.00029418
0.00131081
-0.000117823
0.00268266
0.00278573
-1.63143e-05
7.97344e-05
-4.25228e-05
2.3576e-05
-8.09759e-05
-6.58505e-05
-0.000136444
-0.000135107
-0.000211204
-0.000184121
-0.000305355
-0.000223407
-0.000417968
-0.000261378
-0.000547682
-0.000303712
-0.000692698
-0.000354641
-0.000850219
-0.000417516
-0.0010153
-0.000494244
-0.00117916
-0.000583252
-0.001327
-0.000675117
-0.00143604
-0.000744337
-0.001475
-0.000735739
-0.00140732
-0.000547546
-0.00119834
-3.03006e-05
-0.000831789
0.000948241
-0.00035056
0.0022083
0.00244099
1.26112e-05
6.73451e-05
1.18662e-05
2.46022e-05
-2.33824e-05
-3.04526e-05
-9.32697e-05
-6.51638e-05
-0.000192202
-8.51675e-05
-0.00031608
-9.95161e-05
-0.000463266
-0.000114181
-0.000634363
-0.000132603
-0.000831532
-0.000157459
-0.00105768
-0.000191349
-0.00131509
-0.000236823
-0.00160287
-0.000295446
-0.0019127
-0.000365253
-0.00222121
-0.000435738
-0.00247885
-0.000477766
-0.0025971
-0.000428215
-0.00245065
-0.000173944
-0.0018711
0.000374236
-0.000855207
0.00120037
0.00159191
6.76012e-05
9.25406e-05
6.22841e-05
-2.79021e-06
-8.79101e-05
-0.00018739
-0.000301537
-0.000434105
-0.000591529
-0.000782841
-0.00101963
-0.00131503
-0.00168022
-0.00211582
-0.00259308
-0.00301968
-0.0031896
-0.00280807
-0.00159847
)
;

boundaryField
{
    leftWall
    {
        type            calculated;
        value           nonuniform List<scalar> 10(0 0 0 1.35525e-20 0 0 0 -5.42101e-20 0 0);
    }
    rightWall
    {
        type            calculated;
        value           nonuniform List<scalar> 10(-1.0842e-19 0 0 0 0 0 0 0 0 -1.73472e-18);
    }
    topWall
    {
        type            calculated;
        value           uniform 0;
    }
    bottomWall
    {
        type            calculated;
        value           uniform 0;
    }
    frontAndBackPlanes
    {
        type            empty;
    }
}


// ************************************************************************* //
