/*--------------------------------*- C++ -*----------------------------------*\
| =========                 |                                                 |
| \\      /  F ield         | OpenFOAM: The Open Source CFD Toolbox           |
|  \\    /   O peration     | Version:  2506                                  |
|   \\  /    A nd           | Website:  www.openfoam.com                      |
|    \\/     M anipulation  |                                                 |
\*---------------------------------------------------------------------------*/
FoamFile
{
    version     2.0;
    format      ascii;
    arch        "LSB;label=32;scalar=64";
    class       surfaceScalarField;
    location    "36.4";
    object      phi;
}
// * * * * * * * * * * * * * * * * * * * * * * * * * * * * * * * * * * * * * //

dimensions      [1 0 -1 0 0 0 0];

oriented        oriented;

internalField   nonuniform List<scalar> 
370
(
-4.08983e-05
-5.72671e-05
0.000105945
-0.000146834
0.000322609
-0.000216646
0.00058333
-0.000260699
0.000859875
-0.000276516
0.00113221
-0.0002723
0.00139075
-0.000258517
0.00163504
-0.000244254
0.00187126
-0.000236187
0.00210964
-0.000238352
0.00236175
-0.000252079
0.00263739
-0.000275608
0.00293972
-0.000302301
0.00325802
-0.000318268
0.00355458
-0.000296541
0.00373941
-0.000184799
0.00363843
0.000101021
0.00302285
0.000615624
0.00165991
0.001363
0.00165994
0.000120598
-0.000177854
0.000447517
-0.000473719
0.000906889
-0.000675959
0.0014274
-0.000781129
0.00195638
-0.0008054
0.00246031
-0.00077612
0.00292301
-0.000721103
0.00334148
-0.000662609
0.00372067
-0.000615259
0.00406825
-0.000585823
0.00438947
-0.000573192
0.00468145
-0.000567477
0.00492675
-0.000547504
0.00508475
-0.000476183
0.00508142
-0.000293123
0.00480266
9.40374e-05
0.00410437
0.000799397
0.00284376
0.00187634
0.00116399
0.00304288
0.00282401
0.000206114
-0.00038394
0.000672468
-0.000939982
0.00127085
-0.00127418
0.00190056
-0.00141063
0.00249747
-0.00140207
0.00302954
-0.00130791
0.0034876
-0.00117889
0.00387592
-0.00105066
0.00420419
-0.000943271
0.00448126
-0.000862638
0.00470978
-0.000801474
0.00488101
-0.000738474
0.00496913
-0.000635417
0.0049258
-0.000432651
0.00467829
-4.54427e-05
0.00413985
0.000632634
0.00324765
0.00169175
0.00202277
0.00310141
0.000723085
0.00434276
0.0035472
0.000256793
-0.000640673
0.000794663
-0.00147766
0.00142983
-0.00190903
0.00204072
-0.00202109
0.0025645
-0.00192537
0.0029826
-0.00172552
0.00330284
-0.00149865
0.00354454
-0.00129189
0.00372828
-0.00112658
0.00386959
-0.00100352
0.00397449
-0.000905975
0.00403563
-0.000799243
0.00402829
-0.000627738
0.0039079
-0.000311949
0.00361313
0.00024959
0.00308723
0.00115878
0.00230541
0.00247381
0.00133564
0.00407144
0.000421195
0.00525746
0.00396854
0.000277679
-0.000918242
0.000802169
-0.0020018
0.00135659
-0.00246289
0.00181986
-0.00248366
0.00214816
-0.00225292
0.00234889
-0.0019255
0.00245353
-0.0016026
0.00249854
-0.00133625
0.00251471
-0.00114216
0.00252249
-0.00101075
0.00252979
-0.000912749
0.00253032
-0.000799273
0.00250175
-0.000598706
0.00240517
-0.000214948
0.00218913
0.000465981
0.00181377
0.00153447
0.00127666
0.00301123
0.000657019
0.00469141
0.000155096
0.00575969
0.00412379
0.000246345
-0.00116441
0.000637143
-0.00239205
0.000965846
-0.00279074
0.00114652
-0.00266332
0.00117449
-0.00227987
0.00109223
-0.00184231
0.000953
-0.00146254
0.000802177
-0.00118469
0.000670332
-0.00100963
0.000572841
-0.000912612
0.000511656
-0.000850929
0.000476916
-0.000763906
0.000448217
-0.000569401
0.000396952
-0.00016313
0.000296065
0.000567336
0.000137483
0.00169348
-4.82141e-05
0.00319736
-0.000180438
0.00482405
-0.000156226
0.00573582
0.0039677
0.000127253
-0.0012914
0.000216308
-0.00248031
0.000147842
-0.00272111
-8.015e-05
-0.00243405
-0.000413666
-0.00194516
-0.000786576
-0.00146838
-0.00114528
-0.00110297
-0.00145761
-0.000871582
-0.00171046
-0.000756051
-0.00190365
-0.000718669
-0.00204412
-0.00070968
-0.00214098
-0.000666243
-0.00220066
-0.000508921
-0.0022216
-0.000141422
-0.00217787
0.000524266
-0.00203278
0.001549
-0.00172905
0.00289418
-0.00121116
0.00430664
-0.000524147
0.00504915
0.00344369
-0.000125189
-0.00116584
-0.000531286
-0.00207317
-0.00113617
-0.0021148
-0.00182208
-0.00174668
-0.00248944
-0.00127653
-0.00308319
-0.000873589
-0.00358495
-0.000600325
-0.00399936
-0.000456356
-0.00434143
-0.000413159
-0.00462682
-0.000432441
-0.00486446
-0.00047117
-0.00505003
-0.000479785
-0.00515892
-0.000399137
-0.00513964
-0.000159854
-0.0049178
0.000303214
-0.00440865
0.00104055
-0.00354282
0.00202896
-0.00231566
0.00307997
-0.000920855
0.00365469
0.00252297
-0.000489627
-0.000675726
-0.00148419
-0.00107733
-0.00259821
-0.000999141
-0.00360417
-0.000739127
-0.00441128
-0.000468066
-0.00502051
-0.000263251
-0.00547687
-0.000143043
-0.00583637
-9.60401e-05
-0.00614734
-0.00010143
-0.00644053
-0.000138511
-0.00672447
-0.000186497
-0.0069809
-0.000222639
-0.00715836
-0.000220957
-0.00716759
-0.000149901
-0.00689571
3.20387e-05
-0.00619875
0.000344229
-0.00497509
0.000805862
-0.00323125
0.00133658
-0.00126153
0.00168529
0.00126157
-0.000675158
-0.00175104
-0.00274833
-0.00348562
-0.00395208
-0.00421399
-0.00435596
-0.00445112
-0.00455181
-0.00468969
-0.00487561
-0.00509773
-0.00531818
-0.00546759
-0.00543506
-0.00509038
-0.00428412
-0.0029472
-0.00126167
)
;

boundaryField
{
    leftWall
    {
        type            calculated;
        value           nonuniform List<scalar> 10(0 0 0 3.38813e-21 -6.77626e-21 0 0 5.42101e-20 0 0);
    }
    rightWall
    {
        type            calculated;
        value           uniform 0;
    }
    topWall
    {
        type            calculated;
        value           uniform 0;
    }
    bottomWall
    {
        type            calculated;
        value           uniform 0;
    }
    frontAndBackPlanes
    {
        type            empty;
    }
}


// ************************************************************************* //
