/*--------------------------------*- C++ -*----------------------------------*\
| =========                 |                                                 |
| \\      /  F ield         | OpenFOAM: The Open Source CFD Toolbox           |
|  \\    /   O peration     | Version:  2506                                  |
|   \\  /    A nd           | Website:  www.openfoam.com                      |
|    \\/     M anipulation  |                                                 |
\*---------------------------------------------------------------------------*/
FoamFile
{
    version     2.0;
    format      ascii;
    arch        "LSB;label=32;scalar=64";
    class       surfaceScalarField;
    location    "130.2";
    object      phi;
}
// * * * * * * * * * * * * * * * * * * * * * * * * * * * * * * * * * * * * * //

dimensions      [1 0 -1 0 0 0 0];

oriented        oriented;

internalField   nonuniform List<scalar> 
370
(
0.000353864
-0.000384412
0.000915815
-0.000561897
0.00139781
-0.000481919
0.00172377
-0.000325859
0.00190526
-0.000181384
0.00198652
-8.11453e-05
0.00201556
-2.89146e-05
0.00203149
-1.57897e-05
0.00206211
-3.04779e-05
0.00212597
-6.37114e-05
0.00223422
-0.000108083
0.00239274
-0.000158356
0.00260161
-0.000208706
0.00284925
-0.000247466
0.00309885
-0.000249416
0.0032629
-0.000163863
0.00317443
8.865e-05
0.00262278
0.000551834
0.00141622
0.00120673
0.00141631
0.000468666
-0.00085305
0.00124908
-0.00134223
0.00198684
-0.00121958
0.00254912
-0.000888013
0.00292385
-0.000555976
0.00315079
-0.000307946
0.00328307
-0.000161054
0.00336886
-0.000101428
0.00344381
-0.000105277
0.00352968
-0.00014942
0.00363643
-0.00021468
0.00376269
-0.00028445
0.0038932
-0.000339039
0.00399216
-0.000346256
0.00399246
-0.000249542
0.00378882
3.99689e-05
0.00324618
0.000631474
0.0022392
0.001559
0.000900934
0.00254515
0.00231732
0.000441642
-0.00129466
0.00115644
-0.00205693
0.00182985
-0.00189285
0.00234845
-0.00140645
0.00270471
-0.000912071
0.00293331
-0.000536372
0.00307708
-0.000304652
0.00317212
-0.000196289
0.00324319
-0.000176176
0.00330393
-0.000209983
0.00335808
-0.000268654
0.00339954
-0.000325733
0.00340983
-0.000349145
0.00335316
-0.000289404
0.00317258
-6.87839e-05
0.00279712
0.000415626
0.0021763
0.00125248
0.00132458
0.0024109
0.000445027
0.00342486
0.00276242
0.000370475
-0.00166509
0.000930289
-0.00261663
0.00142125
-0.00238365
0.00177274
-0.00175777
0.00199917
-0.0011383
0.00213878
-0.00067579
0.00222608
-0.000391766
0.00228371
-0.000253724
0.00232335
-0.000215624
0.00234928
-0.000235726
0.00236086
-0.000280043
0.00235232
-0.000317009
0.00230995
-0.000306583
0.00220823
-0.000187485
0.00200976
0.000129875
0.00167976
0.000745825
0.00120506
0.00172738
0.000641081
0.00297507
0.000158966
0.00390713
0.00292145
0.000279012
-0.00194405
0.000636483
-0.00297398
0.000891965
-0.00263896
0.00103126
-0.00189687
0.00109439
-0.00120123
0.00112142
-0.000702615
0.00113577
-0.000405913
0.00114545
-0.000263212
0.00115043
-0.000220406
0.00114846
-0.000233564
0.00113733
-0.000268723
0.0011134
-0.000292883
0.00106799
-0.000260982
0.000984578
-0.000103879
0.00084116
0.000273492
0.000623856
0.00096333
0.000347499
0.00200393
8.35482e-05
0.00323921
-4.85075e-05
0.00403933
0.002873
0.000164796
-0.0021088
0.000271026
-0.00308007
0.000252169
-0.00261992
0.000161612
-0.00180611
5.87878e-05
-0.00109821
-2.58811e-05
-0.000617748
-8.68692e-05
-0.000344731
-0.000130293
-0.000219596
-0.000164148
-0.000186362
-0.000193711
-0.000203812
-0.000221982
-0.000240265
-0.000252423
-0.000262254
-0.000291221
-0.000221994
-0.000346448
-4.84572e-05
-0.000419221
0.000346465
-0.000496088
0.0010404
-0.000534516
0.00204256
-0.000464863
0.00316974
-0.000243299
0.00381791
0.00262976
-1.0424e-05
-0.00209832
-0.00022216
-0.00286819
-0.000555854
-0.00228604
-0.000889908
-0.00147186
-0.00116095
-0.000826974
-0.00135878
-0.000419725
-0.00149832
-0.000205007
-0.00159857
-0.000119162
-0.00167384
-0.000110909
-0.0017332
-0.000144278
-0.00178229
-0.000190993
-0.00182481
-0.000219548
-0.0018609
-0.000185725
-0.00188193
-2.72382e-05
-0.00185907
0.000323795
-0.00174824
0.000929763
-0.00148939
0.0017839
-0.00103666
0.00271718
-0.000439752
0.00322113
0.00219006
-0.000279477
-0.00181878
-0.000918607
-0.00222892
-0.00160727
-0.0015972
-0.00217582
-0.000903123
-0.00258574
-0.000416874
-0.00286207
-0.000143214
-0.00304484
-2.2057e-05
-0.00316878
4.95495e-06
-0.00325946
-2.0054e-05
-0.00333321
-7.03584e-05
-0.00339841
-0.00012563
-0.00345431
-0.000163482
-0.00348716
-0.000152712
-0.00346313
-5.11e-05
-0.00332821
0.000189043
-0.0030104
0.000612125
-0.00244187
0.00121553
-0.00160598
0.00188144
-0.000638918
0.00225417
0.00155118
-0.000704107
-0.00111461
-0.00183739
-0.00109549
-0.00279825
-0.000636159
-0.00343877
-0.000262418
-0.00380622
-4.92537e-05
-0.00400032
5.10602e-05
-0.00409887
7.66535e-05
-0.00415494
6.11873e-05
-0.00420191
2.70657e-05
-0.00425832
-1.37945e-05
-0.00432977
-5.40332e-05
-0.00440742
-8.56949e-05
-0.0044641
-9.59011e-05
-0.00444815
-6.69168e-05
-0.00428471
2.57362e-05
-0.00387333
0.000200871
-0.00312988
0.000472201
-0.00204275
0.000794416
-0.000798702
0.00101021
0.000752516
-0.00111454
-0.00220988
-0.00284587
-0.00310811
-0.00315719
-0.00310597
-0.00302916
-0.00296783
-0.00294062
-0.00295429
-0.00300819
-0.00309377
-0.00318956
-0.00325638
-0.00323054
-0.00302958
-0.00255729
-0.0017628
-0.00075254
)
;

boundaryField
{
    leftWall
    {
        type            calculated;
        value           nonuniform List<scalar> 10(0 2.71051e-20 0 1.0842e-19 0 0 0 0 0 8.67362e-19);
    }
    rightWall
    {
        type            calculated;
        value           uniform 0;
    }
    topWall
    {
        type            calculated;
        value           uniform 0;
    }
    bottomWall
    {
        type            calculated;
        value           uniform 0;
    }
    frontAndBackPlanes
    {
        type            empty;
    }
}


// ************************************************************************* //
