/*--------------------------------*- C++ -*----------------------------------*\
| =========                 |                                                 |
| \\      /  F ield         | OpenFOAM: The Open Source CFD Toolbox           |
|  \\    /   O peration     | Version:  2506                                  |
|   \\  /    A nd           | Website:  www.openfoam.com                      |
|    \\/     M anipulation  |                                                 |
\*---------------------------------------------------------------------------*/
FoamFile
{
    version     2.0;
    format      ascii;
    arch        "LSB;label=32;scalar=64";
    class       surfaceScalarField;
    location    "40.8";
    object      phi;
}
// * * * * * * * * * * * * * * * * * * * * * * * * * * * * * * * * * * * * * //

dimensions      [1 0 -1 0 0 0 0];

oriented        oriented;

internalField   nonuniform List<scalar> 
370
(
-2.4527e-05
-6.82198e-05
0.000131217
-0.000155726
0.000342454
-0.000211207
0.000579769
-0.000237275
0.000818587
-0.000238771
0.00104604
-0.000227402
0.00126007
-0.000213978
0.0014663
-0.000206177
0.00167505
-0.00020869
0.00189878
-0.000223676
0.00214979
-0.000250952
0.00243741
-0.000287567
0.00276336
-0.000325888
0.00311421
-0.000350799
0.00344843
-0.00033416
0.00367213
-0.000223641
0.00360017
7.20147e-05
0.00300592
0.000594315
0.00165411
0.00135189
0.00165415
0.000132723
-0.000200925
0.000463005
-0.000485954
0.00089873
-0.000646845
0.00136717
-0.000705604
0.00182406
-0.000695527
0.00224781
-0.000651019
0.0026336
-0.00059962
0.00298714
-0.000559572
0.00331908
-0.000540489
0.0036402
-0.000544648
0.00395686
-0.000567463
0.00426585
-0.000596403
0.00454802
-0.000607914
0.00475951
-0.000562151
0.00482085
-0.000395369
0.00461239
-1.50574e-05
0.00398239
0.000702143
0.00277765
0.00179919
0.0011408
0.00298888
0.00279503
0.000214731
-0.000415613
0.000669078
-0.00094017
0.00122102
-0.00119858
0.00177519
-0.00125951
0.00228148
-0.00120153
0.00272229
-0.00109153
0.00309942
-0.000976451
0.0034238
-0.000883655
0.00370828
-0.000824673
0.00396262
-0.000798689
0.00418934
-0.000793897
0.00437929
-0.000786065
0.00450605
-0.000734396
0.00452
-0.000575842
0.00434574
-0.000220873
0.00388704
0.000443867
0.00307666
0.00151274
0.00192673
0.00294935
0.000688886
0.00422695
0.00348405
0.00025971
-0.000675238
0.000768404
-0.00144861
0.00133672
-0.00176651
0.00185761
-0.00177994
0.00228771
-0.00163113
0.00262342
-0.00142674
0.0028804
-0.00123295
0.00307976
-0.00108255
0.00324032
-0.000984776
0.00337462
-0.000932544
0.00348641
-0.000905243
0.00356772
-0.000866945
0.00359484
-0.000761103
0.00352411
-0.000504729
0.00329508
8.49986e-06
0.00284066
0.000898603
0.00213395
0.00221975
0.00123761
0.00384601
0.000386606
0.00507824
0.00387081
0.000273892
-0.000948989
0.000756302
-0.00193061
0.00123593
-0.00224555
0.0016145
-0.00215783
0.00187019
-0.00188612
0.00202204
-0.00157793
0.0021027
-0.00131297
0.00214307
-0.00112232
0.00216611
-0.00100724
0.00218537
-0.000951235
0.00220489
-0.000924192
0.00221823
-0.000879724
0.0022062
-0.000748524
0.00213457
-0.000432582
0.00195331
0.000190208
0.00162411
0.00122822
0.00113825
0.002706
0.000575513
0.00440914
0.000126934
0.00552717
0.00399791
0.000239202
-0.00118799
0.000589045
-0.00227988
0.000858508
-0.00251421
0.000988131
-0.00228658
0.000992567
-0.00188971
0.000916841
-0.00150142
0.000805325
-0.00120074
0.000690198
-0.00100651
0.000590221
-0.000906595
0.000513339
-0.000873681
0.000459098
-0.000869258
0.000419491
-0.000839405
0.000378889
-0.000707207
0.000315258
-0.000368269
0.000206946
0.000299115
5.06611e-05
0.00138504
-0.000120513
0.0028777
-0.000226268
0.00451537
-0.000172445
0.00547373
0.00382562
0.000125143
-0.00131286
0.00019434
-0.00234834
0.000110925
-0.00242981
-0.000105245
-0.0020694
-0.000395719
-0.00159833
-0.000704373
-0.00119196
-0.00099422
-0.000910151
-0.00124761
-0.000752397
-0.00146018
-0.000693284
-0.00163479
-0.000698294
-0.00177751
-0.000725705
-0.00189487
-0.000721192
-0.00199011
-0.000611094
-0.00205688
-0.000300664
-0.00206657
0.000309569
-0.00196862
0.00128778
-0.00169687
0.00260657
-0.00119813
0.00401716
-0.000520217
0.00479619
0.00330555
-0.000115972
-0.00119654
-0.000500885
-0.00196253
-0.0010558
-0.00187378
-0.00165839
-0.00146575
-0.00222411
-0.00103169
-0.00271741
-0.000697858
-0.00313417
-0.000492635
-0.00348606
-0.000399758
-0.00378943
-0.000389134
-0.00405853
-0.000428395
-0.00430073
-0.000482671
-0.00451144
-0.000509629
-0.00466695
-0.000454727
-0.00471639
-0.00025038
-0.00458028
0.000174258
-0.00416173
0.000869954
-0.00338106
0.00182654
-0.00222805
0.00286468
-0.000891261
0.00345977
0.00241444
-0.000479033
-0.000717075
-0.00141599
-0.00102453
-0.00241777
-0.000870794
-0.00328286
-0.000599557
-0.00395504
-0.000358576
-0.00445622
-0.000195885
-0.00483692
-0.00011122
-0.00514924
-8.67687e-05
-0.00543444
-0.000103291
-0.00571797
-0.000144221
-0.00600681
-0.000193188
-0.00628449
-0.000231296
-0.00650353
-0.000235021
-0.00657854
-0.000174704
-0.0063968
-6.80322e-06
-0.00580796
0.00028174
-0.00470286
0.000721988
-0.00307692
0.0012392
-0.00120859
0.00159177
0.00120599
-0.000716569
-0.00173994
-0.00260938
-0.00320768
-0.0035652
-0.00376021
-0.00387071
-0.00395687
-0.00405962
-0.00420335
-0.00439607
-0.00462692
-0.00486151
-0.00503578
-0.00504215
-0.00475999
-0.00403762
-0.0027981
-0.00120609
)
;

boundaryField
{
    leftWall
    {
        type            calculated;
        value           nonuniform List<scalar> 10(0 0 0 0 0 0 0 -1.0842e-19 0 -2.1684e-19);
    }
    rightWall
    {
        type            calculated;
        value           uniform 0;
    }
    topWall
    {
        type            calculated;
        value           uniform 0;
    }
    bottomWall
    {
        type            calculated;
        value           uniform 0;
    }
    frontAndBackPlanes
    {
        type            empty;
    }
}


// ************************************************************************* //
