/*--------------------------------*- C++ -*----------------------------------*\
| =========                 |                                                 |
| \\      /  F ield         | OpenFOAM: The Open Source CFD Toolbox           |
|  \\    /   O peration     | Version:  2506                                  |
|   \\  /    A nd           | Website:  www.openfoam.com                      |
|    \\/     M anipulation  |                                                 |
\*---------------------------------------------------------------------------*/
FoamFile
{
    version     2.0;
    format      ascii;
    arch        "LSB;label=32;scalar=64";
    class       volVectorField;
    location    "40.8";
    object      U;
}
// * * * * * * * * * * * * * * * * * * * * * * * * * * * * * * * * * * * * * //

dimensions      [0 1 -1 0 0 0 0];

internalField   nonuniform List<vector> 
200
(
(-0.000192393 -0.000172657 0)
(9.954e-05 -0.000326235 0)
(0.000913565 -0.00039118 0)
(0.00191259 -0.000431202 0)
(0.00291898 -0.000429453 0)
(0.00389474 -0.000404329 0)
(0.00481364 -0.000383481 0)
(0.00568344 -0.000387211 0)
(0.00653905 -0.000428651 0)
(0.00743041 -0.000515985 0)
(0.00841195 -0.000653452 0)
(0.00953249 -0.000840091 0)
(0.0108212 -0.00106472 0)
(0.0122653 -0.00129415 0)
(0.0137671 -0.00145002 0)
(0.0150527 -0.00135946 0)
(0.0155266 -0.000659392 0)
(0.0142551 0.00125012 0)
(0.0102435 0.00455132 0)
(0.00309251 0.00651777 0)
(0.000100355 -0.00100828 0)
(0.00111593 -0.00241878 0)
(0.00276611 -0.00327216 0)
(0.00470599 -0.00364559 0)
(0.00666888 -0.00365836 0)
(0.00851791 -0.00348222 0)
(0.010205 -0.00326836 0)
(0.0117381 -0.00312444 0)
(0.0131564 -0.00311419 0)
(0.0145091 -0.00326244 0)
(0.0158364 -0.00355671 0)
(0.0171506 -0.00393993 0)
(0.0184116 -0.0042899 0)
(0.0194968 -0.0043796 0)
(0.0201621 -0.00381195 0)
(0.0199984 -0.00192554 0)
(0.0183667 0.0022683 0)
(0.0145525 0.00956405 0)
(0.00852007 0.0185093 0)
(0.00148251 0.0191123 0)
(0.000205172 -0.00248534 0)
(0.00172474 -0.00577917 0)
(0.00388379 -0.00755861 0)
(0.00625584 -0.00813495 0)
(0.0085045 -0.00793462 0)
(0.0104892 -0.00736013 0)
(0.0121889 -0.00671581 0)
(0.0136398 -0.00619402 0)
(0.0148976 -0.00588878 0)
(0.0160139 -0.00581234 0)
(0.0170186 -0.00590119 0)
(0.0179025 -0.0060048 0)
(0.0185973 -0.00585465 0)
(0.018951 -0.00501536 0)
(0.0187059 -0.00282725 0)
(0.0174625 0.00162493 0)
(0.0148438 0.00924339 0)
(0.0106726 0.0201091 0)
(0.00547206 0.0307113 0)
(0.000713196 0.0267621 0)
(0.000265121 -0.0045235 0)
(0.00205558 -0.00995818 0)
(0.00437299 -0.0124477 0)
(0.00671117 -0.0128598 0)
(0.0087244 -0.0120789 0)
(0.0103201 -0.0108155 0)
(0.01154 -0.00954235 0)
(0.0124725 -0.00851861 0)
(0.013207 -0.00784024 0)
(0.0138126 -0.00748146 0)
(0.014326 -0.00731099 0)
(0.0147418 -0.00707854 0)
(0.0149978 -0.00637589 0)
(0.014959 -0.00458848 0)
(0.0144053 -0.000876399 0)
(0.0130143 0.00572354 0)
(0.0105876 0.0158683 0)
(0.00712819 0.0288675 0)
(0.00325457 0.0395211 0)
(0.000313863 0.0312283 0)
(0.000308406 -0.00681999 0)
(0.00211821 -0.0142656 0)
(0.00419237 -0.0170385 0)
(0.00603414 -0.0168275 0)
(0.00736891 -0.0151194 0)
(0.00820133 -0.0129775 0)
(0.00865835 -0.0110248 0)
(0.00888471 -0.00954461 0)
(0.00899795 -0.00859354 0)
(0.00907582 -0.00808058 0)
(0.00915569 -0.00779612 0)
(0.00923392 -0.00739452 0)
(0.00926038 -0.00634449 0)
(0.00912756 -0.00388051 0)
(0.00864043 0.00097434 0)
(0.00759911 0.00914499 0)
(0.00587717 0.0210062 0)
(0.00358057 0.0351279 0)
(0.00127199 0.0450915 0)
(2.3606e-06 0.0333976 0)
(0.000310516 -0.0090617 0)
(0.00177741 -0.017964 0)
(0.00311014 -0.0204175 0)
(0.00396016 -0.0191613 0)
(0.0042249 -0.0163476 0)
(0.00404284 -0.013362 0)
(0.00361774 -0.0109027 0)
(0.00311908 -0.00920423 0)
(0.00265534 -0.00823439 0)
(0.00228072 -0.00781308 0)
(0.00200863 -0.0076496 0)
(0.00181976 -0.00731535 0)
(0.00166473 -0.0061821 0)
(0.00146729 -0.0033758 0)
(0.00111612 0.00215882 0)
(0.000557008 0.0112803 0)
(-0.00015598 0.0240362 0)
(-0.00079622 0.0383017 0)
(-0.000996895 0.0470259 0)
(-0.000317077 0.0333021 0)
(0.000229275 -0.0107163 0)
(0.000799469 -0.0199836 0)
(0.000762201 -0.0214577 0)
(0.000101425 -0.018958 0)
(-0.00100401 -0.0151829 0)
(-0.0022929 -0.0117042 0)
(-0.00356708 -0.00914759 0)
(-0.00471277 -0.00759985 0)
(-0.0056875 -0.00689651 0)
(-0.00649278 -0.00676472 0)
(-0.00715196 -0.00685088 0)
(-0.0076965 -0.00667903 0)
(-0.00815285 -0.00558957 0)
(-0.00851789 -0.00271927 0)
(-0.00872086 0.00287919 0)
(-0.00856872 0.011843 0)
(-0.00780003 0.0239295 0)
(-0.00616994 0.0369128 0)
(-0.00371261 0.0441555 0)
(-0.000709485 0.0304823 0)
(-1.10522e-05 -0.0108813 0)
(-0.00109497 -0.0188409 0)
(-0.00316073 -0.0188323 0)
(-0.0056717 -0.0154239 0)
(-0.00816293 -0.0114109 0)
(-0.0103915 -0.00813777 0)
(-0.0122887 -0.00599768 0)
(-0.0138816 -0.0049112 0)
(-0.0152367 -0.00462398 0)
(-0.016424 -0.00483064 0)
(-0.0174947 -0.00518378 0)
(-0.0184621 -0.00525039 0)
(-0.0192767 -0.00446672 0)
(-0.0197902 -0.00213906 0)
(-0.0196956 0.00245146 0)
(-0.0185793 0.00978309 0)
(-0.0160475 0.0196138 0)
(-0.0119095 0.0300652 0)
(-0.00661668 0.0357563 0)
(-0.0011404 0.0245627 0)
(-0.000506037 -0.00845569 0)
(-0.00382484 -0.0132697 0)
(-0.00803033 -0.0120533 0)
(-0.0120502 -0.00883308 0)
(-0.0152946 -0.00569532 0)
(-0.0177208 -0.00344427 0)
(-0.0195196 -0.00218693 0)
(-0.0209273 -0.00174412 0)
(-0.0221481 -0.0018687 0)
(-0.0233265 -0.00232033 0)
(-0.0245348 -0.00285984 0)
(-0.0257592 -0.00321272 0)
(-0.0268735 -0.00303623 0)
(-0.0276104 -0.00191262 0)
(-0.0275259 0.000620035 0)
(-0.0259805 0.0049693 0)
(-0.0224073 0.0111031 0)
(-0.016551 0.0179063 0)
(-0.00908958 0.0220104 0)
(-0.00155885 0.0156096 0)
(-0.0012303 -0.00271002 0)
(-0.00514769 -0.00348466 0)
(-0.00917948 -0.00261671 0)
(-0.0123315 -0.00148491 0)
(-0.014326 -0.000612629 0)
(-0.0154316 -9.57734e-05 0)
(-0.0160173 0.000122332 0)
(-0.016388 0.000129516 0)
(-0.0167582 7.37687e-07 0)
(-0.0172649 -0.000209883 0)
(-0.0179777 -0.000461034 0)
(-0.0188953 -0.000709333 0)
(-0.0199295 -0.000894724 0)
(-0.0208736 -0.000927791 0)
(-0.0213598 -0.000669675 0)
(-0.0208832 9.43831e-05 0)
(-0.0187871 0.00153669 0)
(-0.0145624 0.00354534 0)
(-0.00855443 0.00528262 0)
(-0.00206271 0.00446288 0)
)
;

boundaryField
{
    leftWall
    {
        type            fixedValue;
        value           uniform (0 0 0);
    }
    rightWall
    {
        type            fixedValue;
        value           uniform (0 0 0);
    }
    topWall
    {
        type            fixedValue;
        value           uniform (0 0 0);
    }
    bottomWall
    {
        type            fixedValue;
        value           uniform (0 0 0);
    }
    frontAndBackPlanes
    {
        type            empty;
    }
}


// ************************************************************************* //
