/*--------------------------------*- C++ -*----------------------------------*\
| =========                 |                                                 |
| \\      /  F ield         | OpenFOAM: The Open Source CFD Toolbox           |
|  \\    /   O peration     | Version:  2506                                  |
|   \\  /    A nd           | Website:  www.openfoam.com                      |
|    \\/     M anipulation  |                                                 |
\*---------------------------------------------------------------------------*/
FoamFile
{
    version     2.0;
    format      ascii;
    arch        "LSB;label=32;scalar=64";
    class       volVectorField;
    location    "28.6";
    object      U;
}
// * * * * * * * * * * * * * * * * * * * * * * * * * * * * * * * * * * * * * //

dimensions      [0 1 -1 0 0 0 0];

internalField   nonuniform List<vector> 
200
(
(-0.000248083 -8.62861e-05 0)
(-0.000126944 -0.000223457 0)
(0.000569696 -0.000348841 0)
(0.00162333 -0.000494948 0)
(0.00287362 -0.000599814 0)
(0.00425501 -0.000648019 0)
(0.00567296 -0.00065224 0)
(0.00705429 -0.000633528 0)
(0.00836006 -0.000615185 0)
(0.00958402 -0.000618903 0)
(0.0107453 -0.000661929 0)
(0.0118778 -0.000754799 0)
(0.0130144 -0.00089745 0)
(0.0141635 -0.00106886 0)
(0.015264 -0.0012029 0)
(0.0160915 -0.00113189 0)
(0.0161487 -0.00048534 0)
(0.0145596 0.00133503 0)
(0.0103503 0.00455865 0)
(0.00309747 0.00651598 0)
(3.80556e-05 -0.000615468 0)
(0.000801414 -0.00194151 0)
(0.00234413 -0.00318955 0)
(0.00446104 -0.00419953 0)
(0.00692578 -0.00484336 0)
(0.00953531 -0.00511579 0)
(0.0121196 -0.00508414 0)
(0.0145547 -0.00485136 0)
(0.0167654 -0.00452597 0)
(0.018716 -0.00419927 0)
(0.0203933 -0.00392873 0)
(0.0217841 -0.00372365 0)
(0.0228491 -0.00352538 0)
(0.0234918 -0.00317035 0)
(0.0235182 -0.00232053 0)
(0.0225886 -0.000352331 0)
(0.0201536 0.00368405 0)
(0.0156051 0.0106204 0)
(0.00899138 0.0191623 0)
(0.00154695 0.0194265 0)
(0.000129928 -0.00170089 0)
(0.00138962 -0.00492376 0)
(0.00353852 -0.00763698 0)
(0.00628375 -0.00957415 0)
(0.00928606 -0.0106444 0)
(0.0122806 -0.010916 0)
(0.0150794 -0.0105627 0)
(0.0175662 -0.00979979 0)
(0.0196846 -0.00882789 0)
(0.0214166 -0.0077932 0)
(0.0227573 -0.00676141 0)
(0.0236862 -0.0056966 0)
(0.0241404 -0.00443543 0)
(0.0239889 -0.00264691 0)
(0.0229962 0.000228753 0)
(0.0208571 0.00497289 0)
(0.0172844 0.01242 0)
(0.0121823 0.0227423 0)
(0.00617608 0.0326184 0)
(0.000811354 0.0277577 0)
(0.000179202 -0.0033295 0)
(0.00174812 -0.0088866 0)
(0.00421995 -0.0130718 0)
(0.00717782 -0.0157112 0)
(0.010196 -0.0168417 0)
(0.0129815 -0.0166992 0)
(0.0153654 -0.0156399 0)
(0.0172813 -0.0140373 0)
(0.0187361 -0.0122 0)
(0.0197745 -0.0103215 0)
(0.0204428 -0.00845341 0)
(0.0207568 -0.00648664 0)
(0.0206761 -0.00413124 0)
(0.0200836 -0.000896628 0)
(0.018744 0.00389487 0)
(0.0164749 0.0109905 0)
(0.013104 0.0210005 0)
(0.00870977 0.033334 0)
(0.00399857 0.0429602 0)
(0.000413799 0.0330526 0)
(0.000221796 -0.00525289 0)
(0.00188755 -0.0132423 0)
(0.00429547 -0.0186695 0)
(0.00695605 -0.0215908 0)
(0.00941993 -0.0222898 0)
(0.0114203 -0.0212761 0)
(0.0128552 -0.0191697 0)
(0.0137502 -0.0165452 0)
(0.0142085 -0.0138256 0)
(0.0143595 -0.0112329 0)
(0.0143133 -0.00877147 0)
(0.0141283 -0.00622228 0)
(0.0137871 -0.00313974 0)
(0.0131517 0.0011286 0)
(0.0120683 0.0073135 0)
(0.010363 0.0161252 0)
(0.00793116 0.0278807 0)
(0.00490645 0.0412714 0)
(0.00190392 0.0499839 0)
(8.45644e-05 0.0359923 0)
(0.000231417 -0.00719058 0)
(0.00162313 -0.0172448 0)
(0.00337496 -0.0233659 0)
(0.00503875 -0.0259962 0)
(0.00625325 -0.0257668 0)
(0.00685628 -0.0235432 0)
(0.00686809 -0.0202635 0)
(0.00643659 -0.0167142 0)
(0.00576538 -0.0134071 0)
(0.00504816 -0.0105435 0)
(0.00442161 -0.00802345 0)
(0.00394149 -0.00546627 0)
(0.00357828 -0.00223927 0)
(0.00319979 0.00246698 0)
(0.00269156 0.00944275 0)
(0.00194887 0.0192905 0)
(0.000979971 0.0319948 0)
(-1.82699e-05 0.0456211 0)
(-0.000629417 0.0530331 0)
(-0.000278812 0.0364581 0)
(0.000159226 -0.00856768 0)
(0.000667924 -0.0196157 0)
(0.000936823 -0.0255694 0)
(0.000735646 -0.0273143 0)
(-5.23424e-05 -0.0258465 0)
(-0.00138147 -0.0223933 0)
(-0.00305973 -0.0182151 0)
(-0.0048475 -0.0142501 0)
(-0.00651999 -0.0109935 0)
(-0.00791536 -0.00851361 0)
(-0.00895529 -0.00652769 0)
(-0.00963406 -0.00447629 0)
(-0.00998657 -0.00159563 0)
(-0.0100459 0.00296607 0)
(-0.009803 0.00993805 0)
(-0.00920003 0.0197359 0)
(-0.00808586 0.0320311 0)
(-0.00626719 0.0445885 0)
(-0.00374855 0.0505735 0)
(-0.000725395 0.0338587 0)
(-7.15594e-05 -0.00845196 0)
(-0.00121176 -0.0185847 0)
(-0.00330901 -0.0232987 0)
(-0.00613536 -0.0237695 0)
(-0.00936277 -0.0212884 0)
(-0.0126803 -0.0173103 0)
(-0.0158179 -0.0131441 0)
(-0.0185848 -0.00964719 0)
(-0.0208822 -0.00715272 0)
(-0.02269 -0.00555923 0)
(-0.0240295 -0.00446357 0)
(-0.0249173 -0.00326812 0)
(-0.0253174 -0.00125963 0)
(-0.0250763 0.002303 0)
(-0.0239936 0.00804252 0)
(-0.0218089 0.0162549 0)
(-0.018247 0.0265358 0)
(-0.0132126 0.0368637 0)
(-0.00721332 0.0415605 0)
(-0.00123384 0.0276291 0)
(-0.000427631 -0.00600725 0)
(-0.00350823 -0.0128551 0)
(-0.00814791 -0.0155853 0)
(-0.0134557 -0.0151515 0)
(-0.0186088 -0.0126903 0)
(-0.0231119 -0.00943734 0)
(-0.0267595 -0.00640205 0)
(-0.0295699 -0.00415742 0)
(-0.0316957 -0.00284515 0)
(-0.033326 -0.0022966 0)
(-0.0346026 -0.0021616 0)
(-0.0355595 -0.00199648 0)
(-0.0360876 -0.00130986 0)
(-0.035908 0.000415179 0)
(-0.0345716 0.00368057 0)
(-0.0315814 0.00876556 0)
(-0.0264545 0.0154398 0)
(-0.0190686 0.0223894 0)
(-0.0102639 0.0259635 0)
(-0.00173326 0.0177401 0)
(-0.000633365 -0.00156995 0)
(-0.00368825 -0.00310763 0)
(-0.00824358 -0.00355757 0)
(-0.0131093 -0.00320144 0)
(-0.0173615 -0.00237572 0)
(-0.0205712 -0.00143915 0)
(-0.0227146 -0.000662604 0)
(-0.0240174 -0.000176072 0)
(-0.0248005 8.05892e-06 0)
(-0.0253622 -5.31497e-05 0)
(-0.02591 -0.000270278 0)
(-0.0265282 -0.000540333 0)
(-0.0271563 -0.000748801 0)
(-0.0275619 -0.000753459 0)
(-0.0273531 -0.000353404 0)
(-0.0259488 0.00065765 0)
(-0.0226802 0.00237518 0)
(-0.0171278 0.00459012 0)
(-0.00983038 0.00632863 0)
(-0.00233107 0.00509346 0)
)
;

boundaryField
{
    leftWall
    {
        type            fixedValue;
        value           uniform (0 0 0);
    }
    rightWall
    {
        type            fixedValue;
        value           uniform (0 0 0);
    }
    topWall
    {
        type            fixedValue;
        value           uniform (0 0 0);
    }
    bottomWall
    {
        type            fixedValue;
        value           uniform (0 0 0);
    }
    frontAndBackPlanes
    {
        type            empty;
    }
}


// ************************************************************************* //
