/*--------------------------------*- C++ -*----------------------------------*\
| =========                 |                                                 |
| \\      /  F ield         | OpenFOAM: The Open Source CFD Toolbox           |
|  \\    /   O peration     | Version:  2506                                  |
|   \\  /    A nd           | Website:  www.openfoam.com                      |
|    \\/     M anipulation  |                                                 |
\*---------------------------------------------------------------------------*/
FoamFile
{
    version     2.0;
    format      ascii;
    arch        "LSB;label=32;scalar=64";
    class       surfaceScalarField;
    location    "113.4";
    object      phi;
}
// * * * * * * * * * * * * * * * * * * * * * * * * * * * * * * * * * * * * * //

dimensions      [1 0 -1 0 0 0 0];

oriented        oriented;

internalField   nonuniform List<scalar> 
370
(
0.000299904
-0.000337644
0.000801799
-0.000501829
0.00123987
-0.000437972
0.00154404
-0.000304052
0.00172208
-0.000177911
0.00181204
-8.98151e-05
0.00185639
-4.41907e-05
0.00189057
-3.40151e-05
0.00194045
-4.97087e-05
0.00202347
-8.2845e-05
0.00215075
-0.000127088
0.00232866
-0.000177714
0.00255788
-0.000229021
0.00282727
-0.000269186
0.00310005
-0.000272575
0.00328818
-0.000187918
0.0032173
7.11004e-05
0.0026736
0.000543911
0.00145278
0.00122101
0.00145288
0.000425576
-0.000763186
0.00114331
-0.00121947
0.00183155
-0.00112608
0.00236604
-0.000838385
0.00273284
-0.000544551
0.0029664
-0.000323199
0.00311444
-0.000192051
0.00322074
-0.00014014
0.00331807
-0.000146847
0.00342697
-0.000191564
0.00355702
-0.000256936
0.00370687
-0.000327366
0.00386147
-0.000383421
0.00398489
-0.000392399
0.00400867
-0.000296147
0.00382626
-5.28807e-06
0.00329652
0.000601055
0.00228518
0.00155547
0.000923951
0.00258243
0.00237693
0.000416615
-0.00117976
0.00109766
-0.0019004
0.00174742
-0.00177568
0.00225624
-0.001347
0.00261408
-0.000902188
0.00285165
-0.000560562
0.00300839
-0.000348578
0.0031181
-0.000249635
0.00320431
-0.000232842
0.00328015
-0.000267199
0.00334933
-0.000325902
0.0034059
-0.000383711
0.00343145
-0.000408757
0.00338995
-0.000350673
0.00322342
-0.000129393
0.00285441
0.000363949
0.00223218
0.00122352
0.00136615
0.00242172
0.000462485
0.00348628
0.0028395
0.000361734
-0.00154144
0.00091647
-0.002455
0.00141143
-0.00227044
0.00177357
-0.00170892
0.0020131
-0.00114149
0.00216519
-0.000712413
0.00226289
-0.000446042
0.0023287
-0.000315205
0.00237482
-0.000278731
0.00240618
-0.000298326
0.00242266
-0.000342153
0.00241891
-0.000379722
0.00238135
-0.000370961
0.00228393
-0.000253023
0.00208747
6.73144e-05
0.00175363
0.00069803
0.00126709
0.00171031
0.00068198
0.00300706
0.000174013
0.00399443
0.00301359
0.000283354
-0.00182474
0.000658365
-0.00282985
0.000938267
-0.00255013
0.00110145
-0.00187185
0.00118332
-0.00122311
0.00122241
-0.00075125
0.0012427
-0.000466092
0.00125401
-0.000326263
0.00125802
-0.000282508
0.00125371
-0.000293778
0.00123961
-0.000327816
0.00121253
-0.000352403
0.00116393
-0.000322113
0.00107669
-0.00016554
0.000926772
0.000217477
0.000698907
0.000926145
0.000405407
0.00200406
0.000118176
0.00329452
-3.68069e-05
0.0041496
0.00297686
0.000178257
-0.00200293
0.00031647
-0.0029679
0.000332068
-0.0025655
0.000268337
-0.00180788
0.000181696
-0.00113622
0.000104022
-0.000673328
4.36087e-05
-0.000405436
-3.32053e-06
-0.000279095
-4.29662e-05
-0.000242626
-7.94311e-05
-0.000257078
-0.000115063
-0.000291948
-0.00015308
-0.000314152
-0.000199911
-0.000275043
-0.000264284
-0.000100924
-0.000349061
0.000302504
-0.00044121
0.00101855
-0.000498001
0.0020611
-0.000447439
0.00324419
-0.000240381
0.00394272
0.00273655
8.51655e-06
-0.00201138
-0.000167302
-0.0027919
-0.000467751
-0.00226483
-0.000780527
-0.00149486
-0.00104255
-0.000873956
-0.00124033
-0.000475309
-0.00138514
-0.000260397
-0.00149347
-0.000170528
-0.00157835
-0.000157521
-0.00164799
-0.000187214
-0.00170764
-0.000232068
-0.00176113
-0.000260433
-0.00180925
-0.000226696
-0.0018439
-6.6035e-05
-0.00183673
0.00029557
-0.00174138
0.000923445
-0.00149489
0.00181484
-0.00104792
0.00279742
-0.000447795
0.00334275
0.00228881
-0.000258379
-0.00175293
-0.000864767
-0.00218533
-0.00152971
-0.00159965
-0.00208875
-0.000935581
-0.00250074
-0.000461734
-0.00278606
-0.000189762
-0.00298163
-6.46045e-05
-0.00312016
-3.17854e-05
-0.00322578
-5.16845e-05
-0.00331437
-9.84151e-05
-0.00339421
-0.000152017
-0.00346491
-0.000189521
-0.00351303
-0.00017837
-0.00350479
-7.40655e-05
-0.00338343
0.000174427
-0.00307378
0.000614003
-0.00250376
0.00124502
-0.00165345
0.0019473
-0.000660695
0.00235013
0.00162817
-0.000677738
-0.00107511
-0.00178249
-0.00108039
-0.00273503
-0.000646889
-0.00338492
-0.00028546
-0.00377303
-7.34021e-05
-0.00398767
2.51033e-05
-0.00410842
5.63501e-05
-0.00418498
4.49795e-05
-0.00425009
1.36127e-05
-0.00432367
-2.46441e-05
-0.0044113
-6.42082e-05
-0.00450483
-9.58118e-05
-0.00457693
-0.000106104
-0.00457448
-7.63468e-05
-0.00441988
1.99984e-05
-0.00400745
0.000201734
-0.00324807
0.000485791
-0.0021266
0.00082597
-0.000834382
0.00105801
0.000793835
-0.00107502
-0.00215521
-0.00280188
-0.00308712
-0.0031603
-0.003135
-0.00307845
-0.00303329
-0.0030195
-0.00304398
-0.00310803
-0.0032037
-0.00330966
-0.00338588
-0.00336576
-0.00316391
-0.00267801
-0.00185195
-0.000793865
)
;

boundaryField
{
    leftWall
    {
        type            calculated;
        value           nonuniform List<scalar> 10(-3.38813e-21 0 -5.42101e-20 0 0 2.1684e-19 0 0 0 0);
    }
    rightWall
    {
        type            calculated;
        value           nonuniform List<scalar> 10(0 0 0 0 0 0 4.33681e-19 0 0 0);
    }
    topWall
    {
        type            calculated;
        value           uniform 0;
    }
    bottomWall
    {
        type            calculated;
        value           uniform 0;
    }
    frontAndBackPlanes
    {
        type            empty;
    }
}


// ************************************************************************* //
