/*--------------------------------*- C++ -*----------------------------------*\
| =========                 |                                                 |
| \\      /  F ield         | OpenFOAM: The Open Source CFD Toolbox           |
|  \\    /   O peration     | Version:  2506                                  |
|   \\  /    A nd           | Website:  www.openfoam.com                      |
|    \\/     M anipulation  |                                                 |
\*---------------------------------------------------------------------------*/
FoamFile
{
    version     2.0;
    format      ascii;
    arch        "LSB;label=32;scalar=64";
    class       volVectorField;
    location    "57.8";
    object      U;
}
// * * * * * * * * * * * * * * * * * * * * * * * * * * * * * * * * * * * * * //

dimensions      [0 1 -1 0 0 0 0];

internalField   nonuniform List<vector> 
200
(
(-3.69335e-05 -0.000379914 0)
(0.000598455 -0.000571863 0)
(0.00161872 -0.000523948 0)
(0.00264577 -0.000422989 0)
(0.00350024 -0.000320511 0)
(0.00420279 -0.000247791 0)
(0.004801 -0.000221061 0)
(0.00535858 -0.000243395 0)
(0.00594297 -0.000313131 0)
(0.00661825 -0.000429287 0)
(0.0074425 -0.000592948 0)
(0.0084652 -0.000804612 0)
(0.00971804 -0.00105629 0)
(0.0111928 -0.00131586 0)
(0.0127941 -0.00150062 0)
(0.0142386 -0.00142926 0)
(0.0148953 -0.00073225 0)
(0.0138082 0.00118982 0)
(0.00997952 0.0044788 0)
(0.00302932 0.00640099 0)
(0.000209235 -0.00180516 0)
(0.00161421 -0.00336444 0)
(0.00344952 -0.00367461 0)
(0.00530097 -0.00336954 0)
(0.00692634 -0.00286195 0)
(0.00828487 -0.0024088 0)
(0.00942921 -0.00213454 0)
(0.0104422 -0.00207906 0)
(0.0114072 -0.00223856 0)
(0.0123943 -0.00259005 0)
(0.0134521 -0.00309814 0)
(0.0145988 -0.00370339 0)
(0.0158047 -0.00428974 0)
(0.0169604 -0.00462806 0)
(0.017829 -0.00429666 0)
(0.0179924 -0.00259131 0)
(0.0168 0.0015046 0)
(0.0134836 0.00879599 0)
(0.0079524 0.0177548 0)
(0.00138541 0.0184962 0)
(0.000295383 -0.00381589 0)
(0.00207243 -0.00717618 0)
(0.00421891 -0.00787643 0)
(0.0063088 -0.00723392 0)
(0.00808354 -0.00615263 0)
(0.00951233 -0.00514721 0)
(0.0106618 -0.00445163 0)
(0.0116188 -0.00413004 0)
(0.0124592 -0.00415825 0)
(0.0132372 -0.0044702 0)
(0.0139811 -0.00497067 0)
(0.0146873 -0.00551523 0)
(0.015306 -0.00585695 0)
(0.0157155 -0.00556476 0)
(0.0156869 -0.00393594 0)
(0.0148494 2.99532e-05 0)
(0.0127745 0.00735958 0)
(0.00925637 0.0181163 0)
(0.00473735 0.0287668 0)
(0.000597978 0.0253773 0)
(0.000329984 -0.00619869 0)
(0.00221003 -0.0114013 0)
(0.00432082 -0.0122613 0)
(0.00624308 -0.0110442 0)
(0.00775665 -0.00921024 0)
(0.00887645 -0.0075336 0)
(0.00969825 -0.00633127 0)
(0.0103173 -0.00566191 0)
(0.0108032 -0.00546091 0)
(0.0111986 -0.00561282 0)
(0.0115233 -0.00596963 0)
(0.0117748 -0.00632022 0)
(0.0119183 -0.00631589 0)
(0.0118658 -0.00536927 0)
(0.0114489 -0.0025793 0)
(0.0103874 0.00319057 0)
(0.00846848 0.0127452 0)
(0.00566498 0.0254474 0)
(0.00250225 0.0361719 0)
(0.000200696 0.0289847 0)
(0.000340489 -0.00863312 0)
(0.00208664 -0.0154023 0)
(0.00383711 -0.0160902 0)
(0.00525454 -0.0140688 0)
(0.00621438 -0.0113835 0)
(0.00680006 -0.00902909 0)
(0.00713711 -0.00735212 0)
(0.00732184 -0.00636595 0)
(0.00741178 -0.00594837 0)
(0.00743756 -0.00593847 0)
(0.00741465 -0.00615377 0)
(0.00734588 -0.00634262 0)
(0.00721282 -0.00608615 0)
(0.00695956 -0.00468081 0)
(0.006475 -0.00108128 0)
(0.00556702 0.00590749 0)
(0.00416222 0.0168365 0)
(0.00236304 0.0304021 0)
(0.000642591 0.0404149 0)
(-9.23758e-05 0.0303806 0)
(0.000310901 -0.0108317 0)
(0.00161331 -0.0185824 0)
(0.00261605 -0.0186998 0)
(0.0031712 -0.0157326 0)
(0.00331499 -0.012253 0)
(0.00320565 -0.00937139 0)
(0.00297528 -0.00738412 0)
(0.00269762 -0.00622145 0)
(0.0024047 -0.00569994 0)
(0.0021101 -0.00562699 0)
(0.00182024 -0.00580138 0)
(0.00153161 -0.00594181 0)
(0.00122144 -0.00557121 0)
(0.000845309 -0.00390107 0)
(0.000346809 0.000189053 0)
(-0.000305104 0.00784685 0)
(-0.000978512 0.0192909 0)
(-0.0014161 0.0326524 0)
(-0.00130992 0.0413549 0)
(-0.000353166 0.0297531 0)
(0.000206855 -0.0123279 0)
(0.000578494 -0.0200621 0)
(0.000314262 -0.01922 0)
(-0.000399126 -0.0153672 0)
(-0.00131065 -0.011384 0)
(-0.00222864 -0.00831635 0)
(-0.00307168 -0.00631494 0)
(-0.00382226 -0.00520481 0)
(-0.00448939 -0.00475439 0)
(-0.00508724 -0.00475419 0)
(-0.0056311 -0.00498663 0)
(-0.00614149 -0.00513912 0)
(-0.00664283 -0.00469993 0)
(-0.00714075 -0.00288898 0)
(-0.00757421 0.00128139 0)
(-0.00771123 0.00865084 0)
(-0.0072306 0.0192529 0)
(-0.00583784 0.0311589 0)
(-0.00354617 0.0382904 0)
(-0.000671783 0.0268328 0)
(-4.94506e-05 -0.0122905 0)
(-0.00130805 -0.0185332 0)
(-0.0033997 -0.0165325 0)
(-0.00566342 -0.0123186 0)
(-0.00768854 -0.00849134 0)
(-0.0093591 -0.00578243 0)
(-0.0107079 -0.0041532 0)
(-0.0118127 -0.00335451 0)
(-0.0127504 -0.00314265 0)
(-0.0135839 -0.00331453 0)
(-0.0143603 -0.00365992 0)
(-0.0151048 -0.00388501 0)
(-0.0158002 -0.00354264 0)
(-0.0163463 -0.00200779 0)
(-0.0164959 0.00144493 0)
(-0.0158316 0.00739895 0)
(-0.0139199 0.0158473 0)
(-0.010494 0.0252264 0)
(-0.00589921 0.0307088 0)
(-0.00101932 0.0213991 0)
(-0.000587553 -0.00960346 0)
(-0.00407705 -0.0128585 0)
(-0.00804438 -0.0102294 0)
(-0.0115074 -0.00670234 0)
(-0.0140811 -0.00396672 0)
(-0.0158848 -0.00227504 0)
(-0.0171636 -0.00142242 0)
(-0.0181352 -0.00114767 0)
(-0.018962 -0.00124878 0)
(-0.0197568 -0.00157897 0)
(-0.020587 -0.0020007 0)
(-0.0214645 -0.0023322 0)
(-0.022317 -0.00230616 0)
(-0.0229501 -0.00155655 0)
(-0.0230024 0.000352725 0)
(-0.0219073 0.00383924 0)
(-0.019101 0.00900701 0)
(-0.014261 0.0149771 0)
(-0.00790353 0.0187956 0)
(-0.00136136 0.0135169 0)
(-0.00149426 -0.00322597 0)
(-0.00566177 -0.00338586 0)
(-0.00925639 -0.00209018 0)
(-0.0117023 -0.00095096 0)
(-0.0130684 -0.00027235 0)
(-0.0137545 4.47468e-05 0)
(-0.0141017 0.000139214 0)
(-0.0143295 0.000107896 0)
(-0.0145725 5.03643e-06 0)
(-0.0149164 -0.000142468 0)
(-0.0154115 -0.000318229 0)
(-0.0160675 -0.000500048 0)
(-0.0168334 -0.000646225 0)
(-0.017563 -0.000684762 0)
(-0.017972 -0.000499649 0)
(-0.0176323 8.82323e-05 0)
(-0.015961 0.00125793 0)
(-0.0124658 0.00295655 0)
(-0.00737816 0.00448844 0)
(-0.00178753 0.00385286 0)
)
;

boundaryField
{
    leftWall
    {
        type            fixedValue;
        value           uniform (0 0 0);
    }
    rightWall
    {
        type            fixedValue;
        value           uniform (0 0 0);
    }
    topWall
    {
        type            fixedValue;
        value           uniform (0 0 0);
    }
    bottomWall
    {
        type            fixedValue;
        value           uniform (0 0 0);
    }
    frontAndBackPlanes
    {
        type            empty;
    }
}


// ************************************************************************* //
