/*--------------------------------*- C++ -*----------------------------------*\
| =========                 |                                                 |
| \\      /  F ield         | OpenFOAM: The Open Source CFD Toolbox           |
|  \\    /   O peration     | Version:  2506                                  |
|   \\  /    A nd           | Website:  www.openfoam.com                      |
|    \\/     M anipulation  |                                                 |
\*---------------------------------------------------------------------------*/
FoamFile
{
    version     2.0;
    format      ascii;
    arch        "LSB;label=32;scalar=64";
    class       volVectorField;
    location    "41.4";
    object      U;
}
// * * * * * * * * * * * * * * * * * * * * * * * * * * * * * * * * * * * * * //

dimensions      [0 1 -1 0 0 0 0];

internalField   nonuniform List<vector> 
200
(
(-0.000189089 -0.000179317 0)
(0.000112003 -0.000332474 0)
(0.000929794 -0.000392567 0)
(0.00192117 -0.000426573 0)
(0.00291118 -0.000420234 0)
(0.00386523 -0.000393037 0)
(0.00476111 -0.000372465 0)
(0.00560999 -0.000378134 0)
(0.00644914 -0.000422446 0)
(0.00732984 -0.000513038 0)
(0.00830706 -0.000653813 0)
(0.00942966 -0.000843611 0)
(0.0107265 -0.00107103 0)
(0.0121839 -0.0013025 0)
(0.0137029 -0.0014591 0)
(0.0150075 -0.00136763 0)
(0.0154984 -0.000665512 0)
(0.0142399 0.00124737 0)
(0.0102371 0.00455097 0)
(0.00309169 0.00651678 0)
(0.000103487 -0.00103047 0)
(0.00112682 -0.00243555 0)
(0.00277186 -0.0032598 0)
(0.00469107 -0.00359994 0)
(0.00662071 -0.00358818 0)
(0.00843 -0.00340108 0)
(0.010077 -0.00318925 0)
(0.0115746 -0.00305728 0)
(0.0129651 -0.00306532 0)
(0.0142994 -0.00323518 0)
(0.0156186 -0.00355217 0)
(0.0169351 -0.0039577 0)
(0.0182086 -0.00432809 0)
(0.0193156 -0.00443445 0)
(0.0200102 -0.00387721 0)
(0.0198795 -0.00199276 0)
(0.0182829 0.00220769 0)
(0.0145017 0.00951797 0)
(0.00849626 0.0184782 0)
(0.00147896 0.0190941 0)
(0.0002081 -0.00251925 0)
(0.00172947 -0.00579096 0)
(0.0038721 -0.00750799 0)
(0.00621129 -0.00802146 0)
(0.00841703 -0.00777942 0)
(0.0103563 -0.00719027 0)
(0.0120143 -0.00655514 0)
(0.0134306 -0.00605968 0)
(0.0146627 -0.00579119 0)
(0.0157627 -0.00575668 0)
(0.0167604 -0.00588922 0)
(0.0176467 -0.00603617 0)
(0.0183529 -0.00592715 0)
(0.0187277 -0.00512401 0)
(0.0185129 -0.0029628 0)
(0.0173093 0.00147638 0)
(0.0147326 0.00910293 0)
(0.0106024 0.0199907 0)
(0.00543833 0.0306208 0)
(0.0007083 0.02671 0)
(0.000267338 -0.00456244 0)
(0.00205261 -0.00994523 0)
(0.00434391 -0.0123356 0)
(0.00664208 -0.0126606 0)
(0.0086111 -0.011831 0)
(0.0101665 -0.0105599 0)
(0.0113545 -0.00931085 0)
(0.0122645 -0.00833146 0)
(0.012985 -0.00770779 0)
(0.0135832 -0.00740759 0)
(0.0140946 -0.00729642 0)
(0.0145131 -0.00712307 0)
(0.0147774 -0.00647863 0)
(0.0147542 -0.00474586 0)
(0.0142255 -0.00107866 0)
(0.012866 0.00549846 0)
(0.0104765 0.0156457 0)
(0.00705624 0.0286685 0)
(0.00321969 0.0393604 0)
(0.000308984 0.0311367 0)
(0.00030937 -0.00685606 0)
(0.00210822 -0.0142121 0)
(0.00415248 -0.0168531 0)
(0.00595685 -0.0165434 0)
(0.0072581 -0.0147948 0)
(0.00806758 -0.012664 0)
(0.00851333 -0.0107565 0)
(0.00873735 -0.00933806 0)
(0.00885301 -0.00845354 0)
(0.00893428 -0.00800593 0)
(0.00901623 -0.00778489 0)
(0.00909489 -0.00744712 0)
(0.00912156 -0.00646356 0)
(0.00899107 -0.00406729 0)
(0.00851434 0.000726805 0)
(0.0074888 0.00886156 0)
(0.00578944 0.0207169 0)
(0.00352104 0.0348579 0)
(0.00124259 0.0448653 0)
(-1.70226e-06 0.0332701 0)
(0.000310239 -0.0090891 0)
(0.00176514 -0.0178656 0)
(0.00307414 -0.0201678 0)
(0.00390199 -0.0188191 0)
(0.00415632 -0.0159881 0)
(0.00397826 -0.0130401 0)
(0.00356771 -0.0106457 0)
(0.00308754 -0.00901815 0)
(0.00264005 -0.00811369 0)
(0.00227546 -0.00774976 0)
(0.00200576 -0.00763947 0)
(0.00181228 -0.00736094 0)
(0.0016477 -0.00629169 0)
(0.00143844 -0.00355814 0)
(0.0010774 0.00190442 0)
(0.000512893 0.0109759 0)
(-0.000198066 0.023714 0)
(-0.000827927 0.0379839 0)
(-0.00101283 0.0467506 0)
(-0.00031888 0.0331489 0)
(0.00022849 -0.0107362 0)
(0.000792621 -0.0198549 0)
(0.00074871 -0.0211782 0)
(9.22618e-05 -0.0186092 0)
(-0.0009931 -0.0148484 0)
(-0.00225058 -0.0114307 0)
(-0.00348993 -0.00894668 0)
(-0.00460472 -0.00746301 0)
(-0.00555709 -0.00680902 0)
(-0.00635019 -0.00671525 0)
(-0.007007 -0.00683627 0)
(-0.00755786 -0.00670521 0)
(-0.00802813 -0.00566904 0)
(-0.00841388 -0.00286543 0)
(-0.00864375 0.0026611 0)
(-0.00851917 0.0115651 0)
(-0.00777278 0.0236153 0)
(-0.00615717 0.0365899 0)
(-0.00370738 0.043868 0)
(-0.000708285 0.0303218 0)
(-1.08322e-05 -0.0109029 0)
(-0.00108938 -0.0187148 0)
(-0.00313723 -0.018578 0)
(-0.00561336 -0.0151334 0)
(-0.0080584 -0.0111575 0)
(-0.0102386 -0.00795071 0)
(-0.0120928 -0.00587366 0)
(-0.0136519 -0.00483287 0)
(-0.0149833 -0.00457385 0)
(-0.0161563 -0.00479822 0)
(-0.0172212 -0.00516778 0)
(-0.0181914 -0.00525779 0)
(-0.0190183 -0.00450982 0)
(-0.0195552 -0.00223123 0)
(-0.0194972 0.0023012 0)
(-0.0184241 0.00957523 0)
(-0.0159378 0.0193615 0)
(-0.0118424 0.0297925 0)
(-0.00658507 0.0355059 0)
(-0.00113539 0.0244215 0)
(-0.000506758 -0.00848749 0)
(-0.00381329 -0.0131838 0)
(-0.00797733 -0.011878 0)
(-0.0119374 -0.00864762 0)
(-0.0151198 -0.00555097 0)
(-0.0174937 -0.00335366 0)
(-0.0192539 -0.00213929 0)
(-0.0206351 -0.00172162 0)
(-0.0218382 -0.00185628 0)
(-0.0230046 -0.00230963 0)
(-0.0242057 -0.00284958 0)
(-0.0254287 -0.00320725 0)
(-0.02655 -0.00304349 0)
(-0.0273047 -0.00194209 0)
(-0.0272507 0.000558301 0)
(-0.0257495 0.00486623 0)
(-0.0222327 0.0109612 0)
(-0.0164379 0.01774 0)
(-0.00903462 0.0218498 0)
(-0.00155025 0.0155161 0)
(-0.00124257 -0.00273234 0)
(-0.00515958 -0.00346676 0)
(-0.00914578 -0.00257257 0)
(-0.0122368 -0.00144229 0)
(-0.0141791 -0.000585514 0)
(-0.015251 -8.49233e-05 0)
(-0.0158197 0.000122245 0)
(-0.0161841 0.000124773 0)
(-0.0165526 -3.77632e-06 0)
(-0.0170582 -0.000211341 0)
(-0.0177688 -0.000458492 0)
(-0.0186833 -0.000703252 0)
(-0.0197151 -0.000886427 0)
(-0.0206609 -0.000919222 0)
(-0.0211579 -0.000664588 0)
(-0.0207027 8.82945e-05 0)
(-0.0186398 0.00151616 0)
(-0.0144599 0.0035117 0)
(-0.00850074 0.00524353 0)
(-0.00205103 0.00443644 0)
)
;

boundaryField
{
    leftWall
    {
        type            fixedValue;
        value           uniform (0 0 0);
    }
    rightWall
    {
        type            fixedValue;
        value           uniform (0 0 0);
    }
    topWall
    {
        type            fixedValue;
        value           uniform (0 0 0);
    }
    bottomWall
    {
        type            fixedValue;
        value           uniform (0 0 0);
    }
    frontAndBackPlanes
    {
        type            empty;
    }
}


// ************************************************************************* //
