/*--------------------------------*- C++ -*----------------------------------*\
| =========                 |                                                 |
| \\      /  F ield         | OpenFOAM: The Open Source CFD Toolbox           |
|  \\    /   O peration     | Version:  2506                                  |
|   \\  /    A nd           | Website:  www.openfoam.com                      |
|    \\/     M anipulation  |                                                 |
\*---------------------------------------------------------------------------*/
FoamFile
{
    version     2.0;
    format      ascii;
    arch        "LSB;label=32;scalar=64";
    class       volVectorField;
    location    "101";
    object      U;
}
// * * * * * * * * * * * * * * * * * * * * * * * * * * * * * * * * * * * * * //

dimensions      [0 1 -1 0 0 0 0];

internalField   nonuniform List<vector> 
200
(
(0.000351129 -0.000994976 0)
(0.00197527 -0.00129376 0)
(0.00378406 -0.000976564 0)
(0.00527593 -0.000557927 0)
(0.00624272 -0.000230878 0)
(0.00679246 -4.22018e-05 0)
(0.00709274 2.02935e-05 0)
(0.00729782 -1.14462e-05 0)
(0.00752677 -0.000106632 0)
(0.00786363 -0.000244777 0)
(0.00836548 -0.000417205 0)
(0.00907069 -0.00062304 0)
(0.0100008 -0.000859645 0)
(0.011147 -0.00110529 0)
(0.012427 -0.00128875 0)
(0.0135855 -0.00123543 0)
(0.0140449 -0.000582975 0)
(0.0129007 0.0012155 0)
(0.00923467 0.00424794 0)
(0.00278339 0.00590491 0)
(0.000454483 -0.00406225 0)
(0.00296792 -0.00643994 0)
(0.00577866 -0.00591489 0)
(0.00825254 -0.00437907 0)
(0.0100815 -0.00282829 0)
(0.0113097 -0.00168882 0)
(0.0121139 -0.00105865 0)
(0.0126816 -0.000878992 0)
(0.0131646 -0.00103933 0)
(0.0136676 -0.00143216 0)
(0.0142503 -0.0019713 0)
(0.0149307 -0.00258188 0)
(0.0156795 -0.00316395 0)
(0.0163986 -0.00352757 0)
(0.0168805 -0.00329854 0)
(0.016755 -0.00181228 0)
(0.0154255 0.00189877 0)
(0.0122271 0.00854904 0)
(0.0071163 0.0166339 0)
(0.00121439 0.0169462 0)
(0.000461429 -0.00739182 0)
(0.00298471 -0.0121029 0)
(0.00572716 -0.0115047 0)
(0.00813872 -0.0089069 0)
(0.00994303 -0.00613296 0)
(0.0111839 -0.00397856 0)
(0.0120173 -0.00265039 0)
(0.0125991 -0.00206899 0)
(0.0130471 -0.00205045 0)
(0.0134348 -0.00240014 0)
(0.0137962 -0.00294437 0)
(0.0141282 -0.00351442 0)
(0.0143839 -0.00388961 0)
(0.0144549 -0.00370531 0)
(0.0141442 -0.00234654 0)
(0.0131296 0.00110078 0)
(0.0110937 0.00755399 0)
(0.00787994 0.0170961 0)
(0.00391617 0.0264254 0)
(0.000456149 0.0228504 0)
(0.000426066 -0.0105633 0)
(0.00263753 -0.0172549 0)
(0.00487556 -0.0163839 0)
(0.00672536 -0.0127189 0)
(0.00802374 -0.00883294 0)
(0.00886513 -0.00580654 0)
(0.00940328 -0.00389028 0)
(0.00976083 -0.00294888 0)
(0.0100121 -0.00271796 0)
(0.0101932 -0.00292961 0)
(0.0103156 -0.00334823 0)
(0.0103709 -0.0037413 0)
(0.0103238 -0.00380012 0)
(0.0100945 -0.00303168 0)
(0.00953987 -0.000672088 0)
(0.00845047 0.00424815 0)
(0.00669848 0.0124595 0)
(0.00430323 0.0234291 0)
(0.0017434 0.0325176 0)
(8.0302e-05 0.0255588 0)
(0.000371062 -0.013278 0)
(0.00207053 -0.0212763 0)
(0.00353328 -0.0198321 0)
(0.00455163 -0.0151286 0)
(0.00512583 -0.0103516 0)
(0.00541111 -0.00672942 0)
(0.00554971 -0.00446136 0)
(0.0056201 -0.00331308 0)
(0.00564969 -0.00294056 0)
(0.00564218 -0.00303085 0)
(0.00559542 -0.00332486 0)
(0.00550397 -0.0035626 0)
(0.00534771 -0.00337878 0)
(0.00507371 -0.00218692 0)
(0.00457388 0.00087142 0)
(0.00375827 0.0067267 0)
(0.00259143 0.0159087 0)
(0.00121971 0.0273214 0)
(5.73628e-05 0.0355132 0)
(-0.000170471 0.0262057 0)
(0.000288106 -0.0153277 0)
(0.0012433 -0.0237359 0)
(0.00166446 -0.0214192 0)
(0.00164591 -0.0158216 0)
(0.00138278 -0.0105009 0)
(0.00106316 -0.00664708 0)
(0.000780479 -0.00431367 0)
(0.000549527 -0.00314989 0)
(0.000352376 -0.00275804 0)
(0.000170681 -0.00281742 0)
(-5.36532e-06 -0.00307372 0)
(-0.000184356 -0.00325353 0)
(-0.000386022 -0.00294649 0)
(-0.000645818 -0.00150387 0)
(-0.00101021 0.00195795 0)
(-0.00145437 0.00826725 0)
(-0.00186086 0.0176673 0)
(-0.00198054 0.0286186 0)
(-0.00154342 0.0355085 0)
(-0.000365775 0.0251236 0)
(0.000156586 -0.0163264 0)
(-2.24501e-05 -0.0240127 0)
(-0.00100387 -0.0206055 0)
(-0.00225738 -0.0144658 0)
(-0.00343356 -0.00912911 0)
(-0.00438314 -0.00549973 0)
(-0.00510262 -0.00341419 0)
(-0.00564848 -0.00243522 0)
(-0.00607931 -0.0021624 0)
(-0.00643567 -0.00229845 0)
(-0.00674313 -0.00260143 0)
(-0.00702187 -0.0027888 0)
(-0.007288 -0.00243769 0)
(-0.00753457 -0.00092619 0)
(-0.00769131 0.00251258 0)
(-0.00757717 0.00852163 0)
(-0.00693173 0.0171319 0)
(-0.00549599 0.0267417 0)
(-0.00328034 0.0322491 0)
(-0.00060292 0.022242 0)
(-0.000161083 -0.0155579 0)
(-0.00208558 -0.0211007 0)
(-0.00478915 -0.01676 0)
(-0.0073743 -0.0108199 0)
(-0.00940922 -0.00618035 0)
(-0.0108692 -0.00328492 0)
(-0.0118887 -0.00177546 0)
(-0.0126168 -0.00119554 0)
(-0.0131679 -0.00118397 0)
(-0.0136221 -0.00148549 0)
(-0.0140303 -0.00189191 0)
(-0.0144131 -0.00215409 0)
(-0.0147505 -0.00191517 0)
(-0.0149515 -0.000685341 0)
(-0.0148038 0.00210333 0)
(-0.0139949 0.00692135 0)
(-0.0121646 0.0137398 0)
(-0.00908967 0.0212445 0)
(-0.00506318 0.0254313 0)
(-0.000858999 0.0174549 0)
(-0.000782855 -0.0119004 0)
(-0.00504719 -0.0140978 0)
(-0.00941692 -0.00969852 0)
(-0.0128336 -0.00515053 0)
(-0.0150346 -0.00211858 0)
(-0.0163091 -0.000528611 0)
(-0.0170331 7.79157e-05 0)
(-0.0174889 0.000110148 0)
(-0.0178381 -0.000168715 0)
(-0.0181865 -0.000599846 0)
(-0.0185929 -0.00105882 0)
(-0.0190567 -0.00140308 0)
(-0.0195108 -0.00142863 0)
(-0.0197919 -0.000852155 0)
(-0.0196018 0.000673055 0)
(-0.0184962 0.00348681 0)
(-0.0160056 0.00763984 0)
(-0.0118692 0.0123893 0)
(-0.00652579 0.0153136 0)
(-0.00110806 0.0108528 0)
(-0.00189891 -0.00405851 0)
(-0.00680199 -0.00366168 0)
(-0.0104289 -0.00179499 0)
(-0.0124436 -0.000433901 0)
(-0.0132152 0.000238829 0)
(-0.013337 0.000460255 0)
(-0.0132047 0.000439865 0)
(-0.013032 0.000320844 0)
(-0.0129499 0.00016557 0)
(-0.0130157 -7.22625e-06 0)
(-0.0132462 -0.00018295 0)
(-0.0136366 -0.000347064 0)
(-0.0141333 -0.00047154 0)
(-0.014609 -0.000503021 0)
(-0.0148298 -0.000350525 0)
(-0.0144465 0.000129144 0)
(-0.0129901 0.00105971 0)
(-0.0100748 0.00239102 0)
(-0.00591054 0.00357149 0)
(-0.00141092 0.00303158 0)
)
;

boundaryField
{
    leftWall
    {
        type            fixedValue;
        value           uniform (0 0 0);
    }
    rightWall
    {
        type            fixedValue;
        value           uniform (0 0 0);
    }
    topWall
    {
        type            fixedValue;
        value           uniform (0 0 0);
    }
    bottomWall
    {
        type            fixedValue;
        value           uniform (0 0 0);
    }
    frontAndBackPlanes
    {
        type            empty;
    }
}


// ************************************************************************* //
