/*--------------------------------*- C++ -*----------------------------------*\
| =========                 |                                                 |
| \\      /  F ield         | OpenFOAM: The Open Source CFD Toolbox           |
|  \\    /   O peration     | Version:  2506                                  |
|   \\  /    A nd           | Website:  www.openfoam.com                      |
|    \\/     M anipulation  |                                                 |
\*---------------------------------------------------------------------------*/
FoamFile
{
    version     2.0;
    format      ascii;
    arch        "LSB;label=32;scalar=64";
    class       volVectorField;
    location    "92.8";
    object      U;
}
// * * * * * * * * * * * * * * * * * * * * * * * * * * * * * * * * * * * * * //

dimensions      [0 1 -1 0 0 0 0];

internalField   nonuniform List<vector> 
200
(
(0.000287021 -0.000885915 0)
(0.00174368 -0.0011672 0)
(0.00341476 -0.00089586 0)
(0.00482338 -0.000530612 0)
(0.00576439 -0.000241884 0)
(0.00633204 -7.3993e-05 0)
(0.00667531 -1.91598e-05 0)
(0.00693424 -5.08232e-05 0)
(0.00721933 -0.0001427 0)
(0.00761067 -0.000277383 0)
(0.00816469 -0.000447866 0)
(0.00892101 -0.00065388 0)
(0.00990298 -0.000892596 0)
(0.0111031 -0.00114141 0)
(0.0124391 -0.00132779 0)
(0.0136532 -0.00127573 0)
(0.0141588 -0.000619824 0)
(0.0130402 0.0011999 0)
(0.00935995 0.00428293 0)
(0.00282755 0.00599503 0)
(0.000416999 -0.00368264 0)
(0.0027575 -0.00592321 0)
(0.00541189 -0.00552977 0)
(0.00778061 -0.00418933 0)
(0.00956683 -0.00280642 0)
(0.0108034 -0.00178094 0)
(0.0116493 -0.00121396 0)
(0.0122765 -0.00106059 0)
(0.0128265 -0.00122574 0)
(0.0133982 -0.00161461 0)
(0.0140492 -0.0021494 0)
(0.0147972 -0.00275928 0)
(0.0156136 -0.00334434 0)
(0.0163998 -0.00371128 0)
(0.0169456 -0.0034798 0)
(0.0168749 -0.00197668 0)
(0.0155841 0.00178162 0)
(0.0123886 0.00853632 0)
(0.00723154 0.0167863 0)
(0.00123878 0.0172029 0)
(0.000438762 -0.00681902 0)
(0.00285848 -0.0113089 0)
(0.00551571 -0.0109039 0)
(0.00787769 -0.00860221 0)
(0.00967132 -0.00608796 0)
(0.0109309 -0.00411448 0)
(0.0118006 -0.00289124 0)
(0.0124273 -0.00235843 0)
(0.012923 -0.00235439 0)
(0.0133587 -0.00270302 0)
(0.0137676 -0.00324312 0)
(0.0141465 -0.00381204 0)
(0.014449 -0.00418901 0)
(0.014566 -0.00400336 0)
(0.0142976 -0.0026284 0)
(0.0133166 0.000868026 0)
(0.0112873 0.00743401 0)
(0.00804529 0.0171631 0)
(0.00401732 0.0267288 0)
(0.000473506 0.0232335 0)
(0.000415027 -0.00989064 0)
(0.00259212 -0.0163452 0)
(0.00482306 -0.0157229 0)
(0.00668953 -0.0124154 0)
(0.00801967 -0.00883218 0)
(0.00889749 -0.00600911 0)
(0.00946966 -0.0042054 0)
(0.00985601 -0.00331223 0)
(0.010131 -0.0030926 0)
(0.0103323 -0.00329995 0)
(0.0104728 -0.00371233 0)
(0.0105453 -0.00410346 0)
(0.0105155 -0.00416383 0)
(0.0103038 -0.00339126 0)
(0.00976536 -0.00100253 0)
(0.00867961 0.00400541 0)
(0.00690954 0.0123861 0)
(0.00446646 0.0236106 0)
(0.00183302 0.0329794 0)
(9.34485e-05 0.0260481 0)
(0.000369991 -0.0125863 0)
(0.00209262 -0.0203958 0)
(0.00361157 -0.0192503 0)
(0.00469686 -0.0149265 0)
(0.00533056 -0.0104472 0)
(0.00565878 -0.00700792 0)
(0.0058225 -0.0048284 0)
(0.00590362 -0.00370824 0)
(0.00593451 -0.00333336 0)
(0.0059231 -0.00341153 0)
(0.00587006 -0.00369555 0)
(0.0057716 -0.0039304 0)
(0.0056087 -0.00374938 0)
(0.0053288 -0.00255339 0)
(0.0048237 0.0005438 0)
(0.00398991 0.00651773 0)
(0.00278919 0.0159161 0)
(0.00136027 0.0276345 0)
(0.000119439 0.036128 0)
(-0.000168642 0.0267841 0)
(0.000293659 -0.0146786 0)
(0.0013133 -0.022992 0)
(0.00183121 -0.0210079 0)
(0.0019026 -0.0157725 0)
(0.0017019 -0.0107055 0)
(0.00141429 -0.00698617 0)
(0.0011395 -0.00470158 0)
(0.000900932 -0.00353904 0)
(0.000687695 -0.00312942 0)
(0.000486037 -0.00316933 0)
(0.000288921 -0.00341315 0)
(8.92238e-05 -0.00359089 0)
(-0.000133442 -0.00328873 0)
(-0.000415949 -0.00183992 0)
(-0.000808401 0.00167418 0)
(-0.00128852 0.00812619 0)
(-0.00173812 0.0177766 0)
(-0.00190714 0.029061 0)
(-0.00151851 0.0362422 0)
(-0.00036675 0.025755 0)
(0.0001627 -0.0157662 0)
(7.10112e-05 -0.0234643 0)
(-0.000799343 -0.0204012 0)
(-0.00197142 -0.0145675 0)
(-0.00310479 -0.00941142 0)
(-0.00404489 -0.00585684 0)
(-0.00477693 -0.00378186 0)
(-0.0053475 -0.00278333 0)
(-0.00580875 -0.00248327 0)
(-0.00619746 -0.00259703 0)
(-0.00653719 -0.00288781 0)
(-0.00684776 -0.00307265 0)
(-0.00714693 -0.00272139 0)
(-0.00743048 -0.00119206 0)
(-0.00763041 0.00231416 0)
(-0.00755943 0.00847261 0)
(-0.00694901 0.0173291 0)
(-0.00553238 0.0272535 0)
(-0.00331567 0.0330167 0)
(-0.000612785 0.0228616 0)
(-0.000145067 -0.0151094 0)
(-0.00197459 -0.0207533 0)
(-0.00459095 -0.016726 0)
(-0.00712736 -0.0110147 0)
(-0.009155 -0.00648235 0)
(-0.0106375 -0.00361073 0)
(-0.0116953 -0.00208383 0)
(-0.0124683 -0.00147022 0)
(-0.0130667 -0.00142555 0)
(-0.0135679 -0.00170427 0)
(-0.0140214 -0.00209934 0)
(-0.0144489 -0.00235798 0)
(-0.0148317 -0.00211359 0)
(-0.0150789 -0.000858959 0)
(-0.0149756 0.00199657 0)
(-0.0141964 0.00694347 0)
(-0.01237 0.0139656 0)
(-0.00926378 0.0217258 0)
(-0.00517256 0.0261121 0)
(-0.000880851 0.0179875 0)
(-0.000755953 -0.0115874 0)
(-0.00491438 -0.0139339 0)
(-0.00922914 -0.00977351 0)
(-0.0126505 -0.00536279 0)
(-0.0149 -0.00237136 0)
(-0.016246 -0.000767011 0)
(-0.0170421 -0.000123346 0)
(-0.01756 -5.41313e-05 0)
(-0.0179678 -0.000304697 0)
(-0.0183711 -0.000717262 0)
(-0.0188275 -0.00116773 0)
(-0.0193396 -0.00150989 0)
(-0.0198413 -0.00153232 0)
(-0.020167 -0.000940881 0)
(-0.0200121 0.000624199 0)
(-0.0189165 0.00351608 0)
(-0.0163962 0.00779694 0)
(-0.012179 0.0127116 0)
(-0.00670914 0.0157693 0)
(-0.00114263 0.0112143 0)
(-0.00184414 -0.00394495 0)
(-0.00664809 -0.00362604 0)
(-0.0102714 -0.00183692 0)
(-0.0123455 -0.000506701 0)
(-0.0131975 0.000165227 0)
(-0.013393 0.000399557 0)
(-0.0133255 0.000398291 0)
(-0.0132106 0.000292339 0)
(-0.0131716 0.000143699 0)
(-0.0132701 -2.43378e-05 0)
(-0.0135314 -0.00019841 0)
(-0.0139523 -0.000363902 0)
(-0.0144801 -0.000491214 0)
(-0.0149863 -0.000524665 0)
(-0.015231 -0.000369776 0)
(-0.014856 0.000122314 0)
(-0.0133771 0.00108272 0)
(-0.0103916 0.00246262 0)
(-0.00610857 0.00369269 0)
(-0.00146256 0.0031437 0)
)
;

boundaryField
{
    leftWall
    {
        type            fixedValue;
        value           uniform (0 0 0);
    }
    rightWall
    {
        type            fixedValue;
        value           uniform (0 0 0);
    }
    topWall
    {
        type            fixedValue;
        value           uniform (0 0 0);
    }
    bottomWall
    {
        type            fixedValue;
        value           uniform (0 0 0);
    }
    frontAndBackPlanes
    {
        type            empty;
    }
}


// ************************************************************************* //
