/*--------------------------------*- C++ -*----------------------------------*\
| =========                 |                                                 |
| \\      /  F ield         | OpenFOAM: The Open Source CFD Toolbox           |
|  \\    /   O peration     | Version:  2506                                  |
|   \\  /    A nd           | Website:  www.openfoam.com                      |
|    \\/     M anipulation  |                                                 |
\*---------------------------------------------------------------------------*/
FoamFile
{
    version     2.0;
    format      ascii;
    arch        "LSB;label=32;scalar=64";
    class       volVectorField;
    location    "5.8";
    object      U;
}
// * * * * * * * * * * * * * * * * * * * * * * * * * * * * * * * * * * * * * //

dimensions      [0 1 -1 0 0 0 0];

internalField   nonuniform List<vector> 
200
(
(-0.000328718 -0.000210687 0)
(-0.000445296 -0.000263867 0)
(-0.000212431 -0.000205329 0)
(0.000101873 -0.000203962 0)
(0.000397676 -0.000217061 0)
(0.000744159 -0.000235837 0)
(0.00114673 -0.000265473 0)
(0.0016139 -0.000309187 0)
(0.00216098 -0.000370471 0)
(0.00280878 -0.00045432 0)
(0.00358308 -0.000566944 0)
(0.00451335 -0.000714329 0)
(0.00562817 -0.000898589 0)
(0.00694327 -0.00110933 0)
(0.00843382 -0.00130375 0)
(0.00996657 -0.00136185 0)
(0.0111471 -0.000988733 0)
(0.0111328 0.000419436 0)
(0.00873117 0.00344851 0)
(0.0028572 0.00604013 0)
(-4.38034e-05 -0.000265623 0)
(-8.74022e-05 -0.000557724 0)
(7.1755e-05 -0.000746065 0)
(0.000356669 -0.000937478 0)
(0.000744181 -0.00111521 0)
(0.00123015 -0.00130046 0)
(0.00181205 -0.00151101 0)
(0.00249211 -0.00176092 0)
(0.00327705 -0.00206377 0)
(0.00417605 -0.00243278 0)
(0.00519733 -0.00287668 0)
(0.00634195 -0.00338979 0)
(0.007592 -0.00393223 0)
(0.00889008 -0.00439203 0)
(0.0101045 -0.0045152 0)
(0.0109742 -0.00378671 0)
(0.0110436 -0.00127476 0)
(0.00960447 0.00431839 0)
(0.00622089 0.0129715 0)
(0.00120734 0.0165896 0)
(-1.47771e-05 -0.000107158 0)
(-3.04398e-05 -0.000599482 0)
(9.28162e-05 -0.00110988 0)
(0.000338134 -0.00155856 0)
(0.000685106 -0.00195956 0)
(0.00112222 -0.00234781 0)
(0.00164342 -0.0027519 0)
(0.00224588 -0.00319274 0)
(0.00292793 -0.00368599 0)
(0.00368648 -0.00424015 0)
(0.00451311 -0.004848 0)
(0.0053877 -0.00546903 0)
(0.0062685 -0.0059982 0)
(0.00707756 -0.00621256 0)
(0.0076809 -0.00568618 0)
(0.00786501 -0.00367377 0)
(0.00732146 0.000960665 0)
(0.0057884 0.00932581 0)
(0.00333456 0.0201506 0)
(0.000518221 0.0219088 0)
(-1.77549e-05 -6.56503e-05 0)
(-4.39491e-05 -0.000722703 0)
(2.7639e-05 -0.00144338 0)
(0.000189367 -0.00208297 0)
(0.000427147 -0.00265036 0)
(0.000729372 -0.00318787 0)
(0.00108859 -0.00373066 0)
(0.00150031 -0.00430215 0)
(0.00196071 -0.00491592 0)
(0.00246425 -0.00557229 0)
(0.00300052 -0.0062468 0)
(0.00354975 -0.00686833 0)
(0.00407654 -0.00728249 0)
(0.00452176 -0.00719406 0)
(0.00479331 -0.00608389 0)
(0.00475889 -0.00311474 0)
(0.00425602 0.00286439 0)
(0.00319887 0.0127281 0)
(0.00171547 0.0243642 0)
(0.000234641 0.0245234 0)
(-2.14377e-05 2.64534e-05 0)
(-9.06912e-05 -0.000716705 0)
(-9.68841e-05 -0.00158885 0)
(-4.4139e-05 -0.00236602 0)
(5.62763e-05 -0.00304501 0)
(0.000192065 -0.00367478 0)
(0.000355519 -0.00429818 0)
(0.000543795 -0.00494289 0)
(0.000756276 -0.00562259 0)
(0.000992744 -0.00633306 0)
(0.0012513 -0.00703919 0)
(0.00152554 -0.00765076 0)
(0.0018006 -0.00798329 0)
(0.00204783 -0.00769926 0)
(0.00221824 -0.00622922 0)
(0.00223739 -0.00269605 0)
(0.00201351 0.00403216 0)
(0.0014984 0.0146652 0)
(0.000779902 0.0266054 0)
(9.87214e-05 0.0257829 0)
(-2.8746e-05 0.000178675 0)
(-0.000148159 -0.000572816 0)
(-0.000237472 -0.00153439 0)
(-0.000301175 -0.00238976 0)
(-0.000350188 -0.0031196 0)
(-0.000396732 -0.00378153 0)
(-0.000446988 -0.0044293 0)
(-0.00050069 -0.00509903 0)
(-0.000552759 -0.00580983 0)
(-0.000594557 -0.00655998 0)
(-0.000614718 -0.00731334 0)
(-0.000600295 -0.00797342 0)
(-0.00053917 -0.00834119 0)
(-0.00042505 -0.00805249 0)
(-0.00026586 -0.00649738 0)
(-9.23545e-05 -0.00275306 0)
(3.80445e-05 0.00432707 0)
(6.92248e-05 0.0153568 0)
(2.93528e-05 0.0274589 0)
(-9.12627e-06 0.0262203 0)
(-3.31011e-05 0.000384237 0)
(-0.000183172 -0.000299682 0)
(-0.000337329 -0.0012819 0)
(-0.000507562 -0.00214493 0)
(-0.000706215 -0.00285381 0)
(-0.000944217 -0.00347757 0)
(-0.00122517 -0.00408488 0)
(-0.00154551 -0.00472456 0)
(-0.00189581 -0.00542658 0)
(-0.00226079 -0.00619959 0)
(-0.00261798 -0.00701782 0)
(-0.00293572 -0.00779363 0)
(-0.00317213 -0.00833067 0)
(-0.0032779 -0.00825299 0)
(-0.00320618 -0.00691438 0)
(-0.00292706 -0.00333125 0)
(-0.00243629 0.00369351 0)
(-0.00177072 0.0147398 0)
(-0.000955473 0.0268557 0)
(-0.000147888 0.0257867 0)
(-2.4921e-05 0.000594535 0)
(-0.000142772 3.17987e-05 0)
(-0.000310897 -0.00088385 0)
(-0.00055693 -0.00165333 0)
(-0.000890999 -0.00224084 0)
(-0.00131564 -0.00273247 0)
(-0.00182861 -0.00321156 0)
(-0.00242532 -0.00373804 0)
(-0.00309928 -0.00435312 0)
(-0.00384004 -0.00508075 0)
(-0.00462849 -0.00591768 0)
(-0.00542969 -0.00680703 0)
(-0.00618401 -0.00758836 0)
(-0.00679963 -0.00791584 0)
(-0.00715082 -0.00714673 0)
(-0.00707993 -0.00425154 0)
(-0.00638992 0.00205631 0)
(-0.00496567 0.012413 0)
(-0.00285063 0.0240929 0)
(-0.000472033 0.023839 0)
(1.91277e-05 0.000672821 0)
(6.37261e-05 0.000247924 0)
(-3.93376e-05 -0.00046592 0)
(-0.000315861 -0.000999589 0)
(-0.000744051 -0.0013519 0)
(-0.0012982 -0.00162072 0)
(-0.00196535 -0.00188801 0)
(-0.00274591 -0.00220964 0)
(-0.00364982 -0.00262674 0)
(-0.00469208 -0.00317262 0)
(-0.00588672 -0.00386909 0)
(-0.00723669 -0.00470779 0)
(-0.00871668 -0.00560696 0)
(-0.0102451 -0.00633106 0)
(-0.0116424 -0.00636921 0)
(-0.0125731 -0.00481745 0)
(-0.01248 -0.00044387 0)
(-0.0105698 0.00760288 0)
(-0.00660472 0.0174163 0)
(-0.00125861 0.0187046 0)
(0.000141738 0.000309038 0)
(0.000380142 0.000139667 0)
(0.000361259 -8.74158e-05 0)
(0.000126241 -0.000219345 0)
(-0.000242135 -0.000282559 0)
(-0.000690148 -0.000321105 0)
(-0.00120608 -0.000363087 0)
(-0.00180272 -0.00042507 0)
(-0.00250795 -0.000519537 0)
(-0.00336217 -0.000659141 0)
(-0.00441788 -0.000857735 0)
(-0.00573662 -0.00112701 0)
(-0.00737782 -0.00146425 0)
(-0.00936991 -0.00182395 0)
(-0.0116375 -0.00206726 0)
(-0.013842 -0.00189501 0)
(-0.0151657 -0.000813038 0)
(-0.0143507 0.00171839 0)
(-0.0103238 0.0054466 0)
(-0.00316145 0.00703193 0)
)
;

boundaryField
{
    leftWall
    {
        type            fixedValue;
        value           uniform (0 0 0);
    }
    rightWall
    {
        type            fixedValue;
        value           uniform (0 0 0);
    }
    topWall
    {
        type            fixedValue;
        value           uniform (0 0 0);
    }
    bottomWall
    {
        type            fixedValue;
        value           uniform (0 0 0);
    }
    frontAndBackPlanes
    {
        type            empty;
    }
}


// ************************************************************************* //
