/*--------------------------------*- C++ -*----------------------------------*\
| =========                 |                                                 |
| \\      /  F ield         | OpenFOAM: The Open Source CFD Toolbox           |
|  \\    /   O peration     | Version:  2506                                  |
|   \\  /    A nd           | Website:  www.openfoam.com                      |
|    \\/     M anipulation  |                                                 |
\*---------------------------------------------------------------------------*/
FoamFile
{
    version     2.0;
    format      ascii;
    arch        "LSB;label=32;scalar=64";
    class       surfaceScalarField;
    location    "132.2";
    object      phi;
}
// * * * * * * * * * * * * * * * * * * * * * * * * * * * * * * * * * * * * * //

dimensions      [1 0 -1 0 0 0 0];

oriented        oriented;

internalField   nonuniform List<scalar> 
370
(
0.000359585
-0.000389371
0.00092791
-0.000568272
0.0014146
-0.000486611
0.00174293
-0.000328234
0.00192487
-0.000181837
0.00200531
-8.03224e-05
0.00203283
-2.73972e-05
0.00204692
-1.39601e-05
0.00207557
-2.85054e-05
0.00213744
-6.17279e-05
0.00224369
-0.000106093
0.00240016
-0.000156309
0.00260686
-0.000206537
0.00285215
-0.000245122
0.00309921
-0.000246881
0.00326057
-0.000161174
0.00317007
9.06803e-05
0.00261742
0.000552829
0.0014123
0.00120528
0.00141238
0.000473232
-0.000862575
0.00126029
-0.00135525
0.00200332
-0.00122954
0.00256859
-0.000893383
0.00294423
-0.000557343
0.00317055
-0.000306509
0.00330125
-0.00015795
0.00338492
-9.74877e-05
0.00345757
-0.000101003
0.00354104
-0.000145049
0.00364536
-0.000210261
0.00376914
-0.000279926
0.00389709
-0.000334317
0.00399343
-0.000341294
0.00399118
-0.000244457
0.00378528
4.49017e-05
0.00324116
0.000634992
0.0022345
0.00155966
0.000898559
0.00254138
0.00231102
0.000444285
-0.00130682
0.00116265
-0.00207352
0.00183857
-0.00190532
0.00235821
-0.00141287
0.00271433
-0.000913298
0.00294201
-0.000534019
0.00308444
-0.000300209
0.00317795
-0.000190826
0.00324744
-0.000170327
0.0033066
-0.000204039
0.00335918
-0.000262671
0.00339907
-0.000319636
0.00340776
-0.000342833
0.0033495
-0.000282861
0.00316747
-6.22424e-05
0.00279125
0.000421302
0.00217058
0.00125585
0.00132032
0.0024101
0.000443247
0.00341861
0.00275434
0.000371374
-0.00167816
0.000931705
-0.00263374
0.00142223
-0.00239569
0.0017726
-0.00176306
0.00199764
-0.00113815
0.00213593
-0.000672127
0.00222215
-0.000386237
0.00227891
-0.0002474
0.00231786
-0.000209091
0.00234322
-0.000229213
0.00235428
-0.000273551
0.00234526
-0.000310425
0.0023024
-0.000299788
0.00220024
-0.000180517
0.0020016
0.000136594
0.00167201
0.000751079
0.00119858
0.00172948
0.000636826
0.00297204
0.000157415
0.00389817
0.00291182
0.000278513
-0.00195663
0.000634103
-0.00298921
0.000887001
-0.00264842
0.00102378
-0.00189965
0.00108493
-0.0011991
0.0011107
-0.000697698
0.00112441
-0.000399755
0.0011339
-0.000256704
0.00113896
-0.000213957
0.00113722
-0.000227286
0.0011264
-0.000262543
0.0011028
-0.000286638
0.00105774
-0.000254542
0.000974757
-9.73428e-05
0.000832054
0.000279491
0.0006159
0.000967429
0.000341388
0.00200419
7.99251e-05
0.00323368
-4.9709e-05
0.00402795
0.00286217
0.000163248
-0.00211982
0.000266136
-0.00309197
0.000243666
-0.00262577
0.000150303
-0.00180609
4.57859e-05
-0.00109439
-3.96857e-05
-0.000612034
-0.000100728
-0.000338524
-0.000143805
-0.00021344
-0.00017708
-0.000180497
-0.000205936
-0.000198246
-0.00023344
-0.000234856
-0.000263083
-0.000256811
-0.000301026
-0.000216413
-0.000355293
-4.2887e-05
-0.000426772
0.000351165
-0.000501989
0.00104284
-0.000538431
0.00204082
-0.000466719
0.00316215
-0.000243605
0.00380497
0.00261862
-1.22927e-05
-0.00210748
-0.000227943
-0.00287618
-0.000565183
-0.00228836
-0.000901477
-0.00146961
-0.00117347
-0.000822211
-0.00137129
-0.000414028
-0.00151036
-0.000199275
-0.00160984
-0.000113783
-0.00168412
-0.000106035
-0.00174241
-0.000139788
-0.00179039
-0.000186695
-0.00183176
-0.000215265
-0.00186657
-0.000181424
-0.00188618
-2.30933e-05
-0.00186164
0.000326814
-0.00174914
0.00093053
-0.00148893
0.00178079
-0.00103553
0.00270891
-0.000438917
0.00320848
0.00217975
-0.000281768
-0.00182565
-0.000924323
-0.00223348
-0.00161549
-0.00159701
-0.00218509
-0.000899831
-0.00259483
-0.000412285
-0.00287026
-0.000138421
-0.00305175
-1.76106e-05
-0.00317414
8.77262e-06
-0.00326326
-1.67504e-05
-0.00333546
-6.74172e-05
-0.00339914
-0.000122859
-0.00345349
-0.000160746
-0.00348475
-0.000150011
-0.00345901
-4.86662e-05
-0.00332265
0.000190616
-0.00300395
0.000611989
-0.00243551
0.00121251
-0.00160107
0.00187461
-0.000636649
0.00224417
0.00154314
-0.000706875
-0.00111871
-0.00184315
-0.00109706
-0.00280493
-0.000635064
-0.00344453
-0.000260049
-0.00380985
-4.67938e-05
-0.00400181
5.37025e-05
-0.00409802
7.87618e-05
-0.00415196
6.28659e-05
-0.00419704
2.84797e-05
-0.00425168
-1.26361e-05
-0.00432146
-5.29413e-05
-0.00439745
-8.46171e-05
-0.00445251
-9.48195e-05
-0.00443513
-6.5917e-05
-0.00427074
2.63549e-05
-0.00385942
0.000200798
-0.00311759
0.000470801
-0.00203401
0.000791134
-0.000794977
0.00100522
0.000748196
-0.00111864
-0.00221555
-0.00285045
-0.00311033
-0.00315695
-0.00310309
-0.00302418
-0.00296117
-0.00293256
-0.00294507
-0.00299789
-0.00308239
-0.0031771
-0.00324292
-0.00321647
-0.00301558
-0.0025447
-0.00175349
-0.000748219
)
;

boundaryField
{
    leftWall
    {
        type            calculated;
        value           nonuniform List<scalar> 10(0 0 5.42101e-20 0 0 0 0 0 0 0);
    }
    rightWall
    {
        type            calculated;
        value           nonuniform List<scalar> 10(0 0 0 0 0 4.33681e-19 0 0 0 2.1684e-19);
    }
    topWall
    {
        type            calculated;
        value           uniform 0;
    }
    bottomWall
    {
        type            calculated;
        value           uniform 0;
    }
    frontAndBackPlanes
    {
        type            empty;
    }
}


// ************************************************************************* //
