/*--------------------------------*- C++ -*----------------------------------*\
| =========                 |                                                 |
| \\      /  F ield         | OpenFOAM: The Open Source CFD Toolbox           |
|  \\    /   O peration     | Version:  2506                                  |
|   \\  /    A nd           | Website:  www.openfoam.com                      |
|    \\/     M anipulation  |                                                 |
\*---------------------------------------------------------------------------*/
FoamFile
{
    version     2.0;
    format      ascii;
    arch        "LSB;label=32;scalar=64";
    class       surfaceScalarField;
    location    "19.4";
    object      phi;
}
// * * * * * * * * * * * * * * * * * * * * * * * * * * * * * * * * * * * * * //

dimensions      [1 0 -1 0 0 0 0];

oriented        oriented;

internalField   nonuniform List<scalar> 
370
(
-7.83137e-05
-3.03618e-05
8.44039e-07
-7.91619e-05
0.000138402
-0.000137565
0.000336406
-0.000198015
0.00058808
-0.000251688
0.000883736
-0.000295674
0.00121267
-0.000328957
0.00156406
-0.00035141
0.0019277
-0.000363661
0.00229468
-0.000367006
0.00265778
-0.000363126
0.00301113
-0.000353369
0.0033479
-0.000336784
0.00365393
-0.000306048
0.00389568
-0.000241766
0.00399096
-9.52756e-05
0.00380062
0.000190348
0.0031027
0.000697947
0.00168537
0.00141738
0.00168541
3.91777e-05
-6.95369e-05
0.00019919
-0.000239168
0.000475076
-0.000413443
0.000855028
-0.000577962
0.00132366
-0.000720321
0.00186184
-0.000833851
0.00244796
-0.000915092
0.00305886
-0.000962316
0.0036702
-0.000975014
0.00425681
-0.000953623
0.00479235
-0.000898684
0.00524771
-0.000808738
0.00558728
-0.000676359
0.00576298
-0.000481756
0.00570442
-0.000183228
0.00531547
0.000293659
0.00446263
0.00104316
0.00304626
0.00211428
0.00123394
0.00322968
0.00291935
7.8682e-05
-0.000148211
0.00029681
-0.000457275
0.000640746
-0.00075735
0.00109213
-0.00102932
0.00163115
-0.00125932
0.00223538
-0.00143806
0.00287935
-0.00155905
0.0035345
-0.00161747
0.00416957
-0.00161007
0.00475132
-0.00153536
0.005245
-0.00139235
0.00561325
-0.00117697
0.00581282
-0.000875922
0.00578978
-0.000458706
0.00547621
0.000130335
0.00480244
0.000967404
0.0037268
0.00211873
0.0023019
0.00353909
0.000822492
0.00470899
0.00374179
8.56038e-05
-0.0002338
0.000311385
-0.000683019
0.000653838
-0.00109976
0.00109301
-0.00146845
0.001609
-0.00177527
0.00217965
-0.00200867
0.00277887
-0.00215825
0.00337601
-0.00221457
0.00393686
-0.00217086
0.00442616
-0.00202459
0.00480997
-0.00177607
0.0050555
-0.00142241
0.00512782
-0.000948172
0.00498542
-0.000316262
0.00457965
0.000536123
0.00387387
0.00167317
0.00286962
0.0031229
0.00166386
0.00474471
0.000537561
0.00583515
0.00427927
7.24128e-05
-0.000306193
0.000256526
-0.000867083
0.000531868
-0.00137503
0.000883554
-0.00182007
0.00129685
-0.00218851
0.00175384
-0.0024656
0.00223075
-0.00263507
0.00269726
-0.00268095
0.00311933
-0.00259273
0.00346458
-0.00236959
0.00370695
-0.00201816
0.00382678
-0.00154198
0.00380573
-0.00092692
0.00362105
-0.000131433
0.00323969
0.000917567
0.00264722
0.00226566
0.00186653
0.00390353
0.00100043
0.00561069
0.000274489
0.00656095
0.0045537
3.4857e-05
-0.000341026
0.00012236
-0.000954525
0.000256506
-0.0015091
0.000434496
-0.00199799
0.00065163
-0.00240557
0.000897972
-0.00271182
0.00115531
-0.00289219
0.00139737
-0.00292265
0.00159544
-0.00279025
0.00172703
-0.0025005
0.00178159
-0.00207202
0.0017587
-0.00151848
0.00165954
-0.0008273
0.00147935
4.90641e-05
0.00120631
0.00119085
0.000850864
0.00262123
0.000454078
0.00430035
0.000109133
0.00595561
-5.55062e-05
0.00672558
0.00449816
-3.17711e-05
-0.000309227
-0.000102141
-0.00088409
-0.000192127
-0.00141904
-0.000288904
-0.00190112
-0.000384685
-0.00230965
-0.000478304
-0.00261794
-0.000577522
-0.00279246
-0.000696766
-0.00280252
-0.000848495
-0.00263727
-0.00103364
-0.00231389
-0.0012386
-0.00186562
-0.00144093
-0.00131497
-0.00161776
-0.000649612
-0.00175076
0.000182751
-0.0018012
0.00124182
-0.00173932
0.00255975
-0.00151888
0.00408017
-0.00109241
0.00552931
-0.000485662
0.00611894
0.00401253
-0.000114736
-0.000194465
-0.000379403
-0.00061936
-0.000752621
-0.00104573
-0.00121044
-0.00144317
-0.00173305
-0.00178678
-0.00230295
-0.00204746
-0.00290584
-0.00218843
-0.00352769
-0.00217882
-0.00414806
-0.00201446
-0.00473542
-0.00172387
-0.0052487
-0.00134989
-0.00564186
-0.000919773
-0.00586567
-0.000424238
-0.00586302
0.000181329
-0.00556477
0.000944501
-0.00491983
0.00191556
-0.00389272
0.00305365
-0.00250877
0.00414581
-0.000985125
0.00459559
0.00302753
-0.000145249
-4.91962e-05
-0.000525512
-0.000239044
-0.00111548
-0.000455679
-0.00189468
-0.000663796
-0.00283345
-0.000847586
-0.00389037
-0.000989529
-0.00501228
-0.00106457
-0.00613622
-0.00105184
-0.00719526
-0.000951548
-0.00812641
-0.000788586
-0.00887498
-0.000597456
-0.0093907
-0.000400819
-0.00961507
-0.000197336
-0.00947656
4.47014e-05
-0.00889053
0.000359951
-0.0077716
0.000797824
-0.00606763
0.00135065
-0.00384089
0.00191985
-0.00146072
0.00221599
0.00156708
-4.91784e-05
-0.000288178
-0.000743787
-0.00140744
-0.00225464
-0.00324318
-0.00430571
-0.00535419
-0.00630125
-0.0070848
-0.00767729
-0.00807366
-0.00826726
-0.00821958
-0.00785726
-0.00705755
-0.00570538
-0.00378434
-0.00156749
)
;

boundaryField
{
    leftWall
    {
        type            calculated;
        value           uniform 0;
    }
    rightWall
    {
        type            calculated;
        value           nonuniform List<scalar> 10(0 0 -4.33681e-19 0 0 0 0 0 8.67362e-19 0);
    }
    topWall
    {
        type            calculated;
        value           uniform 0;
    }
    bottomWall
    {
        type            calculated;
        value           uniform 0;
    }
    frontAndBackPlanes
    {
        type            empty;
    }
}


// ************************************************************************* //
