/*--------------------------------*- C++ -*----------------------------------*\
| =========                 |                                                 |
| \\      /  F ield         | OpenFOAM: The Open Source CFD Toolbox           |
|  \\    /   O peration     | Version:  2506                                  |
|   \\  /    A nd           | Website:  www.openfoam.com                      |
|    \\/     M anipulation  |                                                 |
\*---------------------------------------------------------------------------*/
FoamFile
{
    version     2.0;
    format      ascii;
    arch        "LSB;label=32;scalar=64";
    class       surfaceScalarField;
    location    "145.8";
    object      phi;
}
// * * * * * * * * * * * * * * * * * * * * * * * * * * * * * * * * * * * * * //

dimensions      [1 0 -1 0 0 0 0];

oriented        oriented;

internalField   nonuniform List<scalar> 
370
(
0.000394866
-0.000419939
0.00100247
-0.00060756
0.00151812
-0.000515587
0.00186121
-0.000343015
0.00204616
-0.000184858
0.00212178
-7.553e-05
0.00214028
-1.83922e-05
0.00214365
-3.25928e-06
0.0021604
-1.66276e-05
0.00221025
-4.97302e-05
0.00230437
-9.39921e-05
0.00244828
-0.000143774
0.00264157
-0.000193146
0.00287224
-0.00023052
0.00310333
-0.00023094
0.00324754
-0.000144061
0.00314385
0.000103851
0.00258447
0.000559544
0.00138795
0.00119666
0.00138802
0.00050143
-0.000921345
0.0013295
-0.00143556
0.00210508
-0.00129108
0.00268894
-0.00092677
0.0030704
-0.000566206
0.00329319
-0.000298201
0.00341433
-0.00013942
0.00348501
-7.38152e-05
0.0035437
-7.51898e-05
0.00361265
-0.000118548
0.00370214
-0.000183351
0.00381071
-0.000252216
0.00392292
-0.000305213
0.00400302
-0.000310472
0.00398479
-0.000212564
0.00376491
7.59687e-05
0.00321113
0.000657793
0.00220602
0.0015648
0.00088407
0.00251874
0.00227215
0.000460616
-0.00138193
0.001201
-0.00217586
0.00189237
-0.00198234
0.00241849
-0.00145277
0.00277377
-0.000921344
0.00299583
-0.000520119
0.00313002
-0.000273468
0.00321413
-0.000157776
0.00327391
-0.000134833
0.00332338
-0.000167866
0.00336632
-0.00022615
0.00339653
-0.000282282
0.00339544
-0.00030397
0.00332743
-0.000242318
0.00313649
-2.14704e-05
0.00275548
0.000457143
0.00213566
0.00127777
0.00129435
0.00240627
0.00043241
0.00338081
0.00270462
0.000376886
-0.00175878
0.000940344
-0.00273923
0.00142814
-0.00247
0.00177151
-0.00179599
0.00198798
-0.00113765
0.00211816
-0.000650144
0.0021976
-0.000352747
0.00224894
-0.000208959
0.00228355
-0.000169284
0.00230529
-0.000189455
0.00231316
-0.000233857
0.00230109
-0.000270064
0.00225527
-0.000257985
0.00215056
-0.00013745
0.00195085
0.000178394
0.00162399
0.000784166
0.00115852
0.00174341
0.000610617
0.00295432
0.000147922
0.00384363
0.0028526
0.000275355
-0.0020341
0.000619243
-0.00308301
0.000856162
-0.00270678
0.000977356
-0.00191702
0.00102618
-0.0011863
0.00104415
-0.000667947
0.00105392
-0.000362361
0.00106212
-0.000216998
0.00106753
-0.000174532
0.0010671
-0.000188869
0.0010581
-0.000224696
0.00103654
-0.000248346
0.000993665
-0.00021495
0.000913368
-5.69938e-05
0.000775226
0.000316699
0.00056637
0.000993187
0.000303475
0.00200647
5.75795e-05
0.00320037
-5.70441e-05
0.00395838
0.0027956
0.00015369
-0.00218775
0.000235823
-0.00316503
0.000191091
-0.0026619
8.04851e-05
-0.00180625
-3.45006e-05
-0.00107115
-0.000124766
-0.000577521
-0.000186441
-0.000300527
-0.00022764
-0.000175642
-0.00025752
-0.000144497
-0.000282117
-0.000164117
-0.000304941
-0.000201718
-0.000329655
-0.000223478
-0.000362236
-0.000182213
-0.000410845
-8.2257e-06
-0.000474154
0.000380172
-0.000538973
0.00105817
-0.000562922
0.00203058
-0.000478295
0.0031159
-0.000245501
0.0037257
0.00255015
-2.41323e-05
-0.00216357
-0.000263777
-0.00292527
-0.000622711
-0.00230282
-0.000972662
-0.00145614
-0.00125036
-0.0007933
-0.00144851
-0.000379216
-0.0015849
-0.00016399
-0.00167977
-8.06194e-05
-0.0017481
-7.6013e-05
-0.00179986
-0.000112214
-0.00184108
-0.000160353
-0.00187536
-0.000189044
-0.0019023
-0.000155126
-0.00191327
2.90212e-06
-0.00187829
0.00034535
-0.00175534
0.000935373
-0.00148652
0.00176192
-0.00102877
0.00265828
-0.000433816
0.00313085
0.00211637
-0.000295861
-0.00186766
-0.000959627
-0.00226139
-0.00166631
-0.00159599
-0.00224237
-0.000879926
-0.00265112
-0.000384398
-0.00292108
-0.000109108
-0.00309445
9.52496e-06
-0.00320734
3.24234e-05
-0.00328684
3.62074e-06
-0.00334966
-4.92546e-05
-0.0034041
-0.00010578
-0.00344909
-0.000143912
-0.00347068
-0.0001334
-0.00343399
-3.36559e-05
-0.00328886
0.000200352
-0.00296459
0.000611236
-0.00239661
0.00119408
-0.00157093
0.00183272
-0.000622713
0.00218272
0.0014937
-0.000723885
-0.00114372
-0.0018786
-0.00110655
-0.00284606
-0.000628393
-0.00348019
-0.000245648
-0.00383238
-3.20617e-05
-0.00401105
6.9694e-05
-0.004093
9.161e-05
-0.00413369
7.32404e-05
-0.00416722
3.72732e-05
-0.0042109
-5.45006e-06
-0.00427048
-4.60843e-05
-0.00433638
-7.78972e-05
-0.00438156
-8.81132e-05
-0.00435538
-5.97281e-05
-0.00418513
3.0206e-05
-0.00377416
0.000200374
-0.00304219
0.000462205
-0.00198034
0.00077096
-0.000772085
0.000974527
0.000721639
-0.00114366
-0.00225009
-0.00287834
-0.00312385
-0.00315577
-0.00308595
-0.00299421
-0.00292085
-0.00288347
-0.00288881
-0.00293479
-0.00301259
-0.00310061
-0.00316026
-0.00312997
-0.00292952
-0.00246725
-0.00169623
-0.000721658
)
;

boundaryField
{
    leftWall
    {
        type            calculated;
        value           nonuniform List<scalar> 10(0 0 0 0 0 0 -4.33681e-19 0 0 -8.67362e-19);
    }
    rightWall
    {
        type            calculated;
        value           nonuniform List<scalar> 10(0 0 0 0 -4.33681e-19 0 0 0 0 0);
    }
    topWall
    {
        type            calculated;
        value           uniform 0;
    }
    bottomWall
    {
        type            calculated;
        value           uniform 0;
    }
    frontAndBackPlanes
    {
        type            empty;
    }
}


// ************************************************************************* //
