/*--------------------------------*- C++ -*----------------------------------*\
| =========                 |                                                 |
| \\      /  F ield         | OpenFOAM: The Open Source CFD Toolbox           |
|  \\    /   O peration     | Version:  2506                                  |
|   \\  /    A nd           | Website:  www.openfoam.com                      |
|    \\/     M anipulation  |                                                 |
\*---------------------------------------------------------------------------*/
FoamFile
{
    version     2.0;
    format      ascii;
    arch        "LSB;label=32;scalar=64";
    class       volVectorField;
    location    "52.8";
    object      U;
}
// * * * * * * * * * * * * * * * * * * * * * * * * * * * * * * * * * * * * * //

dimensions      [0 1 -1 0 0 0 0];

internalField   nonuniform List<vector> 
200
(
(-9.00526e-05 -0.000315192 0)
(0.000428572 -0.000488698 0)
(0.00136587 -0.000470017 0)
(0.00234264 -0.000406759 0)
(0.00319051 -0.000330737 0)
(0.00391948 -0.000271212 0)
(0.00456111 -0.000248276 0)
(0.00516777 -0.000269674 0)
(0.00580138 -0.000337516 0)
(0.00652478 -0.000453093 0)
(0.00739698 -0.000618114 0)
(0.00846832 -0.000832172 0)
(0.00976955 -0.00108524 0)
(0.0112887 -0.0013429 0)
(0.0129244 -0.00152119 0)
(0.0143877 -0.00143986 0)
(0.0150444 -0.000732356 0)
(0.0139383 0.0012015 0)
(0.0100699 0.00450984 0)
(0.00305496 0.00645112 0)
(0.000174167 -0.00153921 0)
(0.00143231 -0.00299886 0)
(0.00315054 -0.00342015 0)
(0.00493942 -0.00327618 0)
(0.0065619 -0.00290138 0)
(0.00796164 -0.00253121 0)
(0.00917222 -0.00229648 0)
(0.0102622 -0.00225297 0)
(0.0113071 -0.00241239 0)
(0.0123742 -0.00276215 0)
(0.0135115 -0.0032704 0)
(0.0147364 -0.00387469 0)
(0.016016 -0.00445127 0)
(0.0172339 -0.00476265 0)
(0.018144 -0.0043834 0)
(0.0183192 -0.00261409 0)
(0.0171023 0.00155255 0)
(0.0137225 0.00891654 0)
(0.00809519 0.0179462 0)
(0.00141256 0.0186919 0)
(0.000267532 -0.00335561 0)
(0.00193039 -0.00656392 0)
(0.00399997 -0.00746516 0)
(0.00606402 -0.00710146 0)
(0.00786006 -0.00624855 0)
(0.009341 -0.005387 0)
(0.0105581 -0.00476233 0)
(0.0115885 -0.00446524 0)
(0.0125039 -0.00449685 0)
(0.0133578 -0.00480745 0)
(0.0141787 -0.00530657 0)
(0.0149617 -0.00584339 0)
(0.0156527 -0.00615685 0)
(0.0161213 -0.00580076 0)
(0.0161274 -0.00406568 0)
(0.0152883 4.07626e-05 0)
(0.013166 0.00752797 0)
(0.00955292 0.0184392 0)
(0.00490459 0.0292081 0)
(0.000626193 0.0257564 0)
(0.000310219 -0.00560049 0)
(0.00212435 -0.0106448 0)
(0.00421233 -0.011795 0)
(0.00615139 -0.0109464 0)
(0.00770784 -0.00939918 0)
(0.00888059 -0.00789453 0)
(0.00975595 -0.00677246 0)
(0.0104267 -0.00612962 0)
(0.0109643 -0.00593396 0)
(0.0114143 -0.00608877 0)
(0.0117984 -0.00644855 0)
(0.0121128 -0.00678974 0)
(0.0123177 -0.00674132 0)
(0.0123161 -0.00569312 0)
(0.0119276 -0.0027336 0)
(0.0108577 0.00326305 0)
(0.00888215 0.0130743 0)
(0.0059721 0.0260198 0)
(0.00267011 0.036903 0)
(0.000227675 0.0295577 0)
(0.000330029 -0.00796023 0)
(0.00206039 -0.0146104 0)
(0.00383809 -0.0156658 0)
(0.00530521 -0.014061 0)
(0.00631558 -0.0116728 0)
(0.0069398 -0.00948068 0)
(0.00730278 -0.00787158 0)
(0.00750699 -0.00690693 0)
(0.00761739 -0.00649954 0)
(0.00766986 -0.00650426 0)
(0.00768159 -0.00673501 0)
(0.00765358 -0.00692024 0)
(0.00756251 -0.0066111 0)
(0.0073453 -0.00507472 0)
(0.00688217 -0.00125165 0)
(0.00596844 0.00604268 0)
(0.00451723 0.0173254 0)
(0.00262447 0.0312216 0)
(0.000783177 0.041426 0)
(-6.94862e-05 0.0311256 0)
(0.000309678 -0.0101468 0)
(0.00164267 -0.0178539 0)
(0.00271189 -0.018391 0)
(0.00333481 -0.0158397 0)
(0.00352185 -0.0126192 0)
(0.00342496 -0.00985916 0)
(0.003187 -0.00791544 0)
(0.00289528 -0.0067699 0)
(0.00259142 -0.00626888 0)
(0.00229313 -0.00622727 0)
(0.00200667 -0.00643272 0)
(0.00172623 -0.00657874 0)
(0.00142626 -0.00615515 0)
(0.00105865 -0.00434153 0)
(0.000560726 1.42048e-06 0)
(-0.000100771 0.0080193 0)
(-0.000796024 0.0199035 0)
(-0.00128456 0.0336695 0)
(-0.00124531 0.0425802 0)
(-0.000345971 0.030613 0)
(0.000213991 -0.0116907 0)
(0.000656875 -0.0194794 0)
(0.000483406 -0.0190727 0)
(-0.000163765 -0.0155842 0)
(-0.00105399 -0.0117801 0)
(-0.00199035 -0.00877529 0)
(-0.0028727 -0.00679082 0)
(-0.0036687 -0.00569578 0)
(-0.00438012 -0.00527562 0)
(-0.00501954 -0.00531818 0)
(-0.00560318 -0.00558959 0)
(-0.00615245 -0.00575145 0)
(-0.00669089 -0.00526064 0)
(-0.00722127 -0.00330581 0)
(-0.00767898 0.00112356 0)
(-0.00782441 0.00886773 0)
(-0.00733243 0.0199063 0)
(-0.00591432 0.0322193 0)
(-0.00359213 0.039554 0)
(-0.000682742 0.0277047 0)
(-3.22093e-05 -0.0117544 0)
(-0.00118851 -0.0181544 0)
(-0.00318806 -0.0165499 0)
(-0.00541217 -0.0125895 0)
(-0.00745212 -0.00885084 0)
(-0.00917283 -0.00614889 0)
(-0.0105897 -0.00451122 0)
(-0.0117703 -0.00371964 0)
(-0.0127878 -0.00353607 0)
(-0.0137047 -0.00374881 0)
(-0.0145678 -0.00413091 0)
(-0.0154001 -0.00436634 0)
(-0.0161789 -0.00398253 0)
(-0.016794 -0.00232974 0)
(-0.0169844 0.00133472 0)
(-0.0163115 0.00759245 0)
(-0.0143364 0.0164048 0)
(-0.0107984 0.0261338 0)
(-0.00606579 0.0317958 0)
(-0.00104922 0.0221503 0)
(-0.000555253 -0.0092224 0)
(-0.00392048 -0.0126904 0)
(-0.00782896 -0.0103563 0)
(-0.0113066 -0.0069596 0)
(-0.013943 -0.00422756 0)
(-0.0158282 -0.00249611 0)
(-0.017193 -0.00161143 0)
(-0.0182526 -0.00132957 0)
(-0.0191722 -0.00144688 0)
(-0.0200675 -0.00180689 0)
(-0.0210066 -0.00225897 0)
(-0.0219975 -0.00260628 0)
(-0.0229589 -0.00256543 0)
(-0.0236809 -0.00175533 0)
(-0.0237815 0.000270731 0)
(-0.0226683 0.00393317 0)
(-0.0197667 0.0093296 0)
(-0.0147537 0.0155369 0)
(-0.00817446 0.0194946 0)
(-0.00140901 0.0140183 0)
(-0.00142517 -0.00308607 0)
(-0.00547707 -0.00335357 0)
(-0.00908407 -0.00215225 0)
(-0.0116109 -0.00103428 0)
(-0.0130686 -0.000337391 0)
(-0.0138296 4.59424e-06 0)
(-0.0142332 0.000115969 0)
(-0.0145084 9.08593e-05 0)
(-0.0147998 -1.45863e-05 0)
(-0.0152002 -0.000170513 0)
(-0.0157629 -0.000357492 0)
(-0.0164964 -0.000550137 0)
(-0.0173436 -0.000703124 0)
(-0.0181477 -0.000740395 0)
(-0.0186099 -0.000542047 0)
(-0.0182815 7.49105e-05 0)
(-0.0165579 0.00129944 0)
(-0.012934 0.00307268 0)
(-0.00765641 0.00466696 0)
(-0.00185654 0.00400415 0)
)
;

boundaryField
{
    leftWall
    {
        type            fixedValue;
        value           uniform (0 0 0);
    }
    rightWall
    {
        type            fixedValue;
        value           uniform (0 0 0);
    }
    topWall
    {
        type            fixedValue;
        value           uniform (0 0 0);
    }
    bottomWall
    {
        type            fixedValue;
        value           uniform (0 0 0);
    }
    frontAndBackPlanes
    {
        type            empty;
    }
}


// ************************************************************************* //
