/*--------------------------------*- C++ -*----------------------------------*\
| =========                 |                                                 |
| \\      /  F ield         | OpenFOAM: The Open Source CFD Toolbox           |
|  \\    /   O peration     | Version:  2506                                  |
|   \\  /    A nd           | Website:  www.openfoam.com                      |
|    \\/     M anipulation  |                                                 |
\*---------------------------------------------------------------------------*/
FoamFile
{
    version     2.0;
    format      ascii;
    arch        "LSB;label=32;scalar=64";
    class       volVectorField;
    location    "46.2";
    object      U;
}
// * * * * * * * * * * * * * * * * * * * * * * * * * * * * * * * * * * * * * //

dimensions      [0 1 -1 0 0 0 0];

internalField   nonuniform List<vector> 
200
(
(-0.000161759 -0.000236456 0)
(0.000220364 -0.000388113 0)
(0.00108336 -0.000411997 0)
(0.00203731 -0.000402599 0)
(0.00292791 -0.000363986 0)
(0.00374518 -0.000322174 0)
(0.00449403 -0.000302425 0)
(0.00520751 -0.000319066 0)
(0.00593712 -0.000379509 0)
(0.00674166 -0.000488061 0)
(0.00767921 -0.000647072 0)
(0.00879937 -0.000854927 0)
(0.0101304 -0.00109968 0)
(0.0116563 -0.00134593 0)
(0.0132719 -0.00151115 0)
(0.0146894 -0.00141888 0)
(0.0152865 -0.000706642 0)
(0.0141147 0.00122558 0)
(0.0101762 0.00454105 0)
(0.00308095 0.00649963 0)
(0.000129711 -0.00122636 0)
(0.00122924 -0.00261144 0)
(0.00286316 -0.00323004 0)
(0.00466438 -0.00333506 0)
(0.00638949 -0.00315143 0)
(0.00794885 -0.00288564 0)
(0.00934103 -0.00268033 0)
(0.0106094 -0.00261679 0)
(0.0118152 -0.00273078 0)
(0.0130194 -0.00302541 0)
(0.0142676 -0.0034745 0)
(0.015574 -0.00401314 0)
(0.0168995 -0.00451196 0)
(0.0181194 -0.00473187 0)
(0.0189807 -0.00425631 0)
(0.019055 -0.0024043 0)
(0.017688 0.00181652 0)
(0.0141292 0.00919986 0)
(0.00831456 0.0182387 0)
(0.00145064 0.0189366 0)
(0.000231857 -0.00282399 0)
(0.00178469 -0.00597718 0)
(0.00383846 -0.00726459 0)
(0.00598134 -0.00734361 0)
(0.00792503 -0.00681368 0)
(0.00958519 -0.00611725 0)
(0.0109838 -0.00552784 0)
(0.012182 -0.0051833 0)
(0.0132458 -0.00512625 0)
(0.0142286 -0.00533216 0)
(0.0151596 -0.00571727 0)
(0.0160306 -0.00612253 0)
(0.016778 -0.00627287 0)
(0.0172567 -0.00571627 0)
(0.0172118 -0.003759 0)
(0.0162473 0.000555081 0)
(0.0139392 0.00818544 0)
(0.0100895 0.0191722 0)
(0.0051862 0.0299504 0)
(0.000670848 0.0262969 0)
(0.000284574 -0.00492382 0)
(0.0020507 -0.0100036 0)
(0.00419068 -0.011729 0)
(0.00625281 -0.0114669 0)
(0.0079621 -0.0103065 0)
(0.0092826 -0.00896852 0)
(0.0102842 -0.00785068 0)
(0.0110593 -0.00712146 0)
(0.0116874 -0.00680401 0)
(0.0122235 -0.00682911 0)
(0.0126947 -0.00705053 0)
(0.0130945 -0.00722219 0)
(0.0133706 -0.00694279 0)
(0.0134054 -0.00558612 0)
(0.012996 -0.00226309 0)
(0.0118272 0.00408681 0)
(0.00967735 0.0141727 0)
(0.0065279 0.027281 0)
(0.00295867 0.0381768 0)
(0.000271544 0.0304277 0)
(0.000316878 -0.00721572 0)
(0.00205613 -0.0140398 0)
(0.00392784 -0.0158207 0)
(0.00552074 -0.0148629 0)
(0.00664006 -0.0128392 0)
(0.00733287 -0.0107542 0)
(0.00772751 -0.00909342 0)
(0.00794471 -0.00801188 0)
(0.0080702 -0.00748178 0)
(0.00815511 -0.00737666 0)
(0.0082226 -0.00749291 0)
(0.00826961 -0.00751595 0)
(0.00825967 -0.00694644 0)
(0.00810947 -0.00502105 0)
(0.00767495 -0.000703239 0)
(0.00672553 0.00709299 0)
(0.00516588 0.0187986 0)
(0.00308907 0.0329698 0)
(0.00102525 0.0432047 0)
(-3.25348e-05 0.0322932 0)
(0.000308594 -0.00940388 0)
(0.00169235 -0.0174353 0)
(0.00286571 -0.0187757 0)
(0.00357781 -0.0168339 0)
(0.00379443 -0.0138756 0)
(0.00366463 -0.0111259 0)
(0.00335795 -0.00907867 0)
(0.00299434 -0.00781759 0)
(0.00263973 -0.00723586 0)
(0.00232333 -0.00714617 0)
(0.0020518 -0.00729753 0)
(0.00181289 -0.00732317 0)
(0.00157213 -0.00665002 0)
(0.00127175 -0.0044182 0)
(0.000829469 0.000493688 0)
(0.000212478 0.00911836 0)
(-0.000493295 0.0215856 0)
(-0.0010542 0.0357633 0)
(-0.00112805 0.0447361 0)
(-0.000332379 0.0319839 0)
(0.000222392 -0.011002 0)
(0.000741099 -0.0192434 0)
(0.00065429 -0.0196281 0)
(3.18711e-05 -0.016625 0)
(-0.000919393 -0.0129302 0)
(-0.00197626 -0.00983888 0)
(-0.00299929 -0.00772983 0)
(-0.00392524 -0.00655573 0)
(-0.0047407 -0.0061193 0)
(-0.0054556 -0.00618152 0)
(-0.00608936 -0.00645637 0)
(-0.00666616 -0.0065425 0)
(-0.00720773 -0.00583774 0)
(-0.00771013 -0.00349423 0)
(-0.00810224 0.00148976 0)
(-0.00815364 0.00988244 0)
(-0.00755887 0.0215526 0)
(-0.00604947 0.0343426 0)
(-0.00366038 0.0417751 0)
(-0.000697895 0.0291094 0)
(-1.47302e-05 -0.0111561 0)
(-0.00108534 -0.0180892 0)
(-0.00304582 -0.0171663 0)
(-0.00532583 -0.0134999 0)
(-0.00750129 -0.00973135 0)
(-0.00939511 -0.00688359 0)
(-0.0109898 -0.0051259 0)
(-0.0123371 -0.00429202 0)
(-0.0135076 -0.00413608 0)
(-0.0145659 -0.0044086 0)
(-0.0155591 -0.00483253 0)
(-0.0165037 -0.00503959 0)
(-0.0173626 -0.00451132 0)
(-0.0180046 -0.00256858 0)
(-0.0181439 0.00153319 0)
(-0.0173318 0.00833975 0)
(-0.0151417 0.0177215 0)
(-0.0113414 0.0279093 0)
(-0.00634361 0.0336979 0)
(-0.00109637 0.0233634 0)
(-0.000519728 -0.00875787 0)
(-0.00378824 -0.0127369 0)
(-0.00773558 -0.010888 0)
(-0.0113641 -0.00760463 0)
(-0.0141977 -0.00475236 0)
(-0.0162737 -0.00285555 0)
(-0.0178065 -0.00186302 0)
(-0.0190185 -0.00155488 0)
(-0.020089 -0.00170974 0)
(-0.0211433 -0.00213783 0)
(-0.0222498 -0.00265222 0)
(-0.0234052 -0.00302174 0)
(-0.0245061 -0.00293373 0)
(-0.0253119 -0.00198626 0)
(-0.0254052 0.000277181 0)
(-0.0241603 0.00427282 0)
(-0.0209986 0.0100531 0)
(-0.0156186 0.0166037 0)
(-0.00862735 0.0207001 0)
(-0.00148511 0.0148187 0)
(-0.00132654 -0.00289041 0)
(-0.00526594 -0.00336997 0)
(-0.00899562 -0.00231691 0)
(-0.0117387 -0.00120201 0)
(-0.0133895 -0.000440967 0)
(-0.014278 -3.47619e-05 0)
(-0.0147555 0.000113746 0)
(-0.0150806 9.65434e-05 0)
(-0.0154254 -2.26716e-05 0)
(-0.0158995 -0.000204655 0)
(-0.016562 -0.000421408 0)
(-0.0174159 -0.000639953 0)
(-0.0183886 -0.000807917 0)
(-0.0192999 -0.000842433 0)
(-0.0198198 -0.00061614 0)
(-0.0194668 6.40519e-05 0)
(-0.0176054 0.00139076 0)
(-0.0137221 0.00328501 0)
(-0.00810424 0.00496423 0)
(-0.00196246 0.00423801 0)
)
;

boundaryField
{
    leftWall
    {
        type            fixedValue;
        value           uniform (0 0 0);
    }
    rightWall
    {
        type            fixedValue;
        value           uniform (0 0 0);
    }
    topWall
    {
        type            fixedValue;
        value           uniform (0 0 0);
    }
    bottomWall
    {
        type            fixedValue;
        value           uniform (0 0 0);
    }
    frontAndBackPlanes
    {
        type            empty;
    }
}


// ************************************************************************* //
