/*--------------------------------*- C++ -*----------------------------------*\
| =========                 |                                                 |
| \\      /  F ield         | OpenFOAM: The Open Source CFD Toolbox           |
|  \\    /   O peration     | Version:  2506                                  |
|   \\  /    A nd           | Website:  www.openfoam.com                      |
|    \\/     M anipulation  |                                                 |
\*---------------------------------------------------------------------------*/
FoamFile
{
    version     2.0;
    format      ascii;
    arch        "LSB;label=32;scalar=64";
    class       surfaceScalarField;
    location    "21.6";
    object      phi;
}
// * * * * * * * * * * * * * * * * * * * * * * * * * * * * * * * * * * * * * //

dimensions      [1 0 -1 0 0 0 0];

oriented        oriented;

internalField   nonuniform List<scalar> 
370
(
-7.55052e-05
-3.2564e-05
1.37504e-05
-8.92588e-05
0.000168157
-0.000154412
0.000388415
-0.000220266
0.000664372
-0.000275969
0.000982171
-0.000317814
0.00132706
-0.000344909
0.00168509
-0.000358047
0.00204456
-0.000359488
0.00239708
-0.000352539
0.00273783
-0.000340777
0.00306474
-0.000326924
0.00337502
-0.000310297
0.00365838
-0.000283381
0.00388409
-0.000225719
0.0039709
-8.68101e-05
0.00378098
0.000189922
0.00308935
0.00069165
0.00168017
0.00140923
0.0016802
5.06339e-05
-8.31952e-05
0.000240339
-0.000278957
0.000560282
-0.000474346
0.000991915
-0.000651891
0.001513
-0.000797048
0.00209712
-0.000901935
0.00271585
-0.00096364
0.00334094
-0.00098314
0.00394597
-0.000964514
0.00450707
-0.000913645
0.00500227
-0.000835987
0.00540865
-0.000733305
0.00569754
-0.00059919
0.00582697
-0.000412824
0.00573103
-0.00012979
0.00531729
0.00032692
0.0044525
0.00105469
0.00303596
0.00210818
0.00122968
0.00321551
0.00290989
9.92376e-05
-0.000182424
0.000366594
-0.000546291
0.000777796
-0.000885516
0.00130438
-0.00117844
0.00191632
-0.00140896
0.00258108
-0.00156667
0.00326434
-0.00164687
0.00393172
-0.00165049
0.00455077
-0.00158353
0.00509207
-0.00145491
0.00552839
-0.00127228
0.00583138
-0.00103626
0.00596607
-0.000733853
0.0058848
-0.000331531
0.0055238
0.000231209
0.00481718
0.00103352
0.00372402
0.00214782
0.0022949
0.00353725
0.00081906
0.00469131
0.00372894
0.000114912
-0.000297321
0.000407679
-0.000839019
0.000838028
-0.00131581
0.00137166
-0.00171202
0.00197502
-0.00201225
0.00261264
-0.00220423
0.00324722
-0.00228138
0.00384195
-0.00224513
0.00436405
-0.0021055
0.00478704
-0.00187776
0.00509008
-0.00157518
0.00525349
-0.00119954
0.00525198
-0.000732237
0.00504939
-0.000128871
0.00459898
0.000681654
0.00386617
0.00176634
0.00285144
0.00316252
0.00164803
0.0047406
0.000530738
0.00580855
0.00425966
0.000108863
-0.000406164
0.000371694
-0.0011018
0.000746106
-0.00169016
0.00119998
-0.00216582
0.00170223
-0.0025144
0.0022186
-0.00272048
0.00271201
-0.00277459
0.00314696
-0.0026798
0.00349577
-0.00245397
0.00374248
-0.0021241
0.00388122
-0.00171356
0.00390935
-0.00122736
0.00381772
-0.000640366
0.00358497
0.000104048
0.00317769
0.00108904
0.00257962
0.00236446
0.00180904
0.00393309
0.000962878
0.00558672
0.000259878
0.00651152
0.00451953
7.17179e-05
-0.000477857
0.000232969
-0.00126298
0.000455314
-0.00191241
0.000719485
-0.00242988
0.00100409
-0.00279884
0.00128165
-0.00299776
0.00152061
-0.00301308
0.00169316
-0.00285169
0.00178457
-0.00254457
0.00179694
-0.00213565
0.00174462
-0.00166051
0.00164338
-0.00112553
0.00149908
-0.000495641
0.00130034
0.00030311
0.00103873
0.00135088
0.000711674
0.00269165
0.000352904
0.00429192
4.93968e-05
0.00589026
-7.81418e-05
0.00663913
0.00444139
-9.55513e-06
-0.000468272
-4.18516e-05
-0.00123062
-9.1767e-05
-0.00186239
-0.00015568
-0.0023658
-0.000237707
-0.00271648
-0.000350506
-0.00288432
-0.000509628
-0.00285291
-0.000722765
-0.00263714
-0.000981043
-0.00228471
-0.00125922
-0.00185597
-0.00152487
-0.00139363
-0.00174995
-0.000899553
-0.00191691
-0.000328041
-0.00201063
0.000397372
-0.00201131
0.00135197
-0.00189567
0.00257632
-0.00162413
0.00402062
-0.00115174
0.00541804
-0.000505922
0.00599343
0.0039355
-0.000131243
-0.000337002
-0.000437488
-0.0009243
-0.000867338
-0.00143241
-0.00138954
-0.0018433
-0.0019817
-0.00212365
-0.00262576
-0.00223896
-0.0033023
-0.00217437
-0.00398404
-0.00195288
-0.00463435
-0.0016318
-0.00521238
-0.00127564
-0.00567964
-0.000924537
-0.00600155
-0.000576268
-0.00614273
-0.000185826
-0.00605511
0.000310572
-0.00568694
0.000984459
-0.004991
0.00188091
-0.00393067
0.00296072
-0.00252689
0.00401461
-0.00099132
0.00445809
0.00294427
-0.000215066
-0.000121917
-0.000741609
-0.000397695
-0.00151459
-0.000659255
-0.00248104
-0.000876373
-0.00358003
-0.00102353
-0.0047408
-0.00107608
-0.00588782
-0.00102423
-0.00695093
-0.00088601
-0.00787579
-0.000703126
-0.00862809
-0.000519939
-0.0091878
-0.000362054
-0.0095336
-0.000228321
-0.00962342
-9.4389e-05
-0.00939627
8.46589e-05
-0.00876569
0.00035489
-0.00764012
0.000756178
-0.00595875
0.00128005
-0.00377335
0.00182975
-0.00143795
0.00212308
0.0015065
-0.000121907
-0.000519562
-0.00117868
-0.00205463
-0.00307704
-0.00415092
-0.00517172
-0.00605343
-0.00675194
-0.0072675
-0.00762572
-0.00785088
-0.00794274
-0.00785608
-0.00749959
-0.00674212
-0.00546103
-0.00363045
-0.00150678
)
;

boundaryField
{
    leftWall
    {
        type            calculated;
        value           nonuniform List<scalar> 10(0 0 0 0 0 1.35525e-20 0 0 0 0);
    }
    rightWall
    {
        type            calculated;
        value           nonuniform List<scalar> 10(0 0 0 0 0 0 0 -8.67362e-19 0 0);
    }
    topWall
    {
        type            calculated;
        value           uniform 0;
    }
    bottomWall
    {
        type            calculated;
        value           uniform 0;
    }
    frontAndBackPlanes
    {
        type            empty;
    }
}


// ************************************************************************* //
