/*--------------------------------*- C++ -*----------------------------------*\
| =========                 |                                                 |
| \\      /  F ield         | OpenFOAM: The Open Source CFD Toolbox           |
|  \\    /   O peration     | Version:  2506                                  |
|   \\  /    A nd           | Website:  www.openfoam.com                      |
|    \\/     M anipulation  |                                                 |
\*---------------------------------------------------------------------------*/
FoamFile
{
    version     2.0;
    format      ascii;
    arch        "LSB;label=32;scalar=64";
    class       volVectorField;
    location    "86.2";
    object      U;
}
// * * * * * * * * * * * * * * * * * * * * * * * * * * * * * * * * * * * * * //

dimensions      [0 1 -1 0 0 0 0];

internalField   nonuniform List<vector> 
200
(
(0.0002317 -0.00079307 0)
(0.00154458 -0.00105974 0)
(0.00309872 -0.000828237 0)
(0.00443791 -0.000509155 0)
(0.00535954 -0.000253235 0)
(0.00594555 -0.000102713 0)
(0.00632837 -5.37805e-05 0)
(0.00663544 -8.47159e-05 0)
(0.00696985 -0.000173257 0)
(0.00740847 -0.000304707 0)
(0.0080074 -0.000473499 0)
(0.00880761 -0.000679792 0)
(0.00983405 -0.000920424 0)
(0.0110802 -0.00117182 0)
(0.0124631 -0.00136017 0)
(0.0137226 -0.00130828 0)
(0.0142641 -0.000648463 0)
(0.0131631 0.00118936 0)
(0.00946728 0.00431382 0)
(0.00286468 0.00607051 0)
(0.000383995 -0.0033558 0)
(0.00257301 -0.0054796 0)
(0.00509157 -0.00520287 0)
(0.00737053 -0.00403411 0)
(0.00912266 -0.00279759 0)
(0.0103703 -0.00187009 0)
(0.0112562 -0.00135585 0)
(0.0119388 -0.0012228 0)
(0.01255 -0.0013899 0)
(0.0131839 -0.00177372 0)
(0.0138963 -0.00230382 0)
(0.0147047 -0.0029125 0)
(0.0155808 -0.00349927 0)
(0.0164253 -0.00386717 0)
(0.0170256 -0.00363014 0)
(0.017 -0.00210796 0)
(0.0157384 0.00169478 0)
(0.0125398 0.0085395 0)
(0.00733683 0.0169262 0)
(0.00126085 0.017424 0)
(0.000418271 -0.00632041 0)
(0.00274461 -0.0106199 0)
(0.00532547 -0.0103879 0)
(0.00764384 -0.00834912 0)
(0.00942953 -0.00606428 0)
(0.0107081 -0.00424906 0)
(0.011613 -0.0031158 0)
(0.0122826 -0.00262271 0)
(0.0128237 -0.00262848 0)
(0.0133049 -0.00297379 0)
(0.0137585 -0.00350844 0)
(0.0141814 -0.00407463 0)
(0.014527 -0.00445063 0)
(0.0146855 -0.00425953 0)
(0.014454 -0.00286373 0)
(0.0135004 0.000683442 0)
(0.0114735 0.00735376 0)
(0.00820218 0.0172468 0)
(0.00411256 0.0270114 0)
(0.000489913 0.0235723 0)
(0.000404603 -0.00929989 0)
(0.0025481 -0.0155488 0)
(0.0047701 -0.0151502 0)
(0.0066499 -0.0121626 0)
(0.00800816 -0.00884959 0)
(0.00891939 -0.00620676 0)
(0.00952368 -0.00450117 0)
(0.00993803 -0.00364817 0)
(0.0102368 -0.00343574 0)
(0.0104588 -0.00363675 0)
(0.0106181 -0.00404135 0)
(0.0107085 -0.00442811 0)
(0.0106963 -0.00448568 0)
(0.0105017 -0.00370303 0)
(0.00997752 -0.0012796 0)
(0.00889549 0.00381495 0)
(0.00710802 0.012353 0)
(0.00461976 0.0238039 0)
(0.00191714 0.0334114 0)
(0.000105664 0.0264872 0)
(0.000368352 -0.0119741 0)
(0.00210823 -0.0196184 0)
(0.0036742 -0.0187429 0)
(0.00481721 -0.0147613 0)
(0.00550324 -0.0105502 0)
(0.0058699 -0.00727494 0)
(0.00605672 -0.00517354 0)
(0.00614847 -0.00407646 0)
(0.00618182 -0.00369714 0)
(0.0061685 -0.00376241 0)
(0.00611174 -0.00403558 0)
(0.00600912 -0.00426508 0)
(0.00584241 -0.00408124 0)
(0.00555894 -0.00287406 0)
(0.00505111 0.000266916 0)
(0.00420165 0.00635725 0)
(0.00297122 0.015957 0)
(0.00149039 0.0279491 0)
(0.000175139 0.0367017 0)
(-0.000169001 0.0273084 0)
(0.000298357 -0.0141002 0)
(0.00137271 -0.02233 0)
(0.00197413 -0.0206478 0)
(0.00212425 -0.0157414 0)
(0.0019786 -0.0109048 0)
(0.00171907 -0.00730713 0)
(0.00145078 -0.00506562 0)
(0.00120484 -0.00390256 0)
(0.000976854 -0.0034753 0)
(0.000757321 -0.0034965 0)
(0.000541536 -0.00372815 0)
(0.000323454 -0.00390158 0)
(8.411e-05 -0.00359851 0)
(-0.00021679 -0.00213697 0)
(-0.000633259 0.00143309 0)
(-0.00114388 0.00802359 0)
(-0.00162993 0.0179067 0)
(-0.0018414 0.0294906 0)
(-0.001496 0.036924 0)
(-0.000367886 0.0263301 0)
(0.000168986 -0.015263 0)
(0.000154137 -0.0229722 0)
(-0.000619501 -0.0202232 0)
(-0.00172045 -0.0146698 0)
(-0.00281661 -0.0096788 0)
(-0.00374971 -0.0061918 0)
(-0.00449486 -0.00412514 0)
(-0.00508944 -0.00310752 0)
(-0.00557954 -0.00278192 0)
(-0.00599848 -0.00287524 0)
(-0.00636811 -0.00315484 0)
(-0.00670791 -0.00333594 0)
(-0.00703653 -0.00298001 0)
(-0.00735224 -0.00142898 0)
(-0.00758933 0.00214575 0)
(-0.00755455 0.0084476 0)
(-0.00697211 0.0175324 0)
(-0.00556895 0.0277407 0)
(-0.00334861 0.0337268 0)
(-0.000621728 0.0234257 0)
(-0.00013076 -0.0147039 0)
(-0.00187564 -0.0204397 0)
(-0.0044144 -0.0166996 0)
(-0.00690839 -0.0111985 0)
(-0.00893152 -0.00676444 0)
(-0.0104366 -0.00391416 0)
(-0.0115313 -0.00237047 0)
(-0.0123467 -0.00172536 0)
(-0.0129895 -0.00165027 0)
(-0.0135348 -0.00190838 0)
(-0.0140308 -0.00229328 0)
(-0.0144999 -0.00254797 0)
(-0.014924 -0.00229623 0)
(-0.0152127 -0.00101516 0)
(-0.0151478 0.00190639 0)
(-0.0143924 0.00697584 0)
(-0.0125654 0.0141863 0)
(-0.00942643 0.0221775 0)
(-0.00527315 0.0267386 0)
(-0.000900712 0.0184717 0)
(-0.000731817 -0.0113029 0)
(-0.004795 -0.0137842 0)
(-0.00906099 -0.00984236 0)
(-0.0124884 -0.00555719 0)
(-0.0147839 -0.00260168 0)
(-0.0161957 -0.000982501 0)
(-0.0170571 -0.000304084 0)
(-0.0176316 -0.000201343 0)
(-0.0180934 -0.000427127 0)
(-0.0185481 -0.000824388 0)
(-0.0190519 -0.00126839 0)
(-0.0196096 -0.00160915 0)
(-0.0201556 -0.00162824 0)
(-0.0205219 -0.00102166 0)
(-0.0203981 0.000582102 0)
(-0.0193092 0.0035478 0)
(-0.0167584 0.00794673 0)
(-0.0124639 0.0130111 0)
(-0.00687653 0.0161866 0)
(-0.00117399 0.0115423 0)
(-0.00179408 -0.00384126 0)
(-0.00650742 -0.00359258 0)
(-0.0101273 -0.00187421 0)
(-0.0122554 -0.000571683 0)
(-0.0131807 0.000101046 0)
(-0.0134447 0.000349193 0)
(-0.0134382 0.000366203 0)
(-0.0133774 0.000271446 0)
(-0.0133782 0.000127431 0)
(-0.0135066 -3.79982e-05 0)
(-0.0137957 -0.000211792 0)
(-0.0142445 -0.000379256 0)
(-0.0148011 -0.000509531 0)
(-0.0153354 -0.000544897 0)
(-0.0156016 -0.000387667 0)
(-0.015233 0.000116264 0)
(-0.0137319 0.0011044 0)
(-0.0106806 0.00252867 0)
(-0.00628843 0.00380328 0)
(-0.00150926 0.00324521 0)
)
;

boundaryField
{
    leftWall
    {
        type            fixedValue;
        value           uniform (0 0 0);
    }
    rightWall
    {
        type            fixedValue;
        value           uniform (0 0 0);
    }
    topWall
    {
        type            fixedValue;
        value           uniform (0 0 0);
    }
    bottomWall
    {
        type            fixedValue;
        value           uniform (0 0 0);
    }
    frontAndBackPlanes
    {
        type            empty;
    }
}


// ************************************************************************* //
