/*--------------------------------*- C++ -*----------------------------------*\
| =========                 |                                                 |
| \\      /  F ield         | OpenFOAM: The Open Source CFD Toolbox           |
|  \\    /   O peration     | Version:  2506                                  |
|   \\  /    A nd           | Website:  www.openfoam.com                      |
|    \\/     M anipulation  |                                                 |
\*---------------------------------------------------------------------------*/
FoamFile
{
    version     2.0;
    format      ascii;
    arch        "LSB;label=32;scalar=64";
    class       volVectorField;
    location    "85.2";
    object      U;
}
// * * * * * * * * * * * * * * * * * * * * * * * * * * * * * * * * * * * * * //

dimensions      [0 1 -1 0 0 0 0];

internalField   nonuniform List<vector> 
200
(
(0.000223041 -0.000778668 0)
(0.0015135 -0.00104309 0)
(0.00304953 -0.000817839 0)
(0.00437809 -0.000505987 0)
(0.00529698 -0.000255177 0)
(0.00588615 -0.000107324 0)
(0.00627541 -5.92526e-05 0)
(0.00659021 -9.00177e-05 0)
(0.00693245 -0.000177996 0)
(0.00737851 -0.00030892 0)
(0.00798448 -0.000477445 0)
(0.00879155 -0.000683788 0)
(0.00982492 -0.000924719 0)
(0.0110781 -0.0011765 0)
(0.0124683 -0.0013651 0)
(0.0137346 -0.00131314 0)
(0.0142813 -0.000652631 0)
(0.0131826 0.00118799 0)
(0.00948403 0.00431872 0)
(0.0028704 0.00608212 0)
(0.00037876 -0.00330473 0)
(0.00254385 -0.00541042 0)
(0.0050411 -0.00515227 0)
(0.00730617 -0.00401069 0)
(0.00905331 -0.00279725 0)
(0.0103031 -0.00188506 0)
(0.0111958 -0.00137892 0)
(0.0118875 -0.00124883 0)
(0.0125087 -0.00141601 0)
(0.0131527 -0.00179887 0)
(0.0138749 -0.00232811 0)
(0.014693 -0.00293649 0)
(0.0155785 -0.00352339 0)
(0.0164322 -0.0038912 0)
(0.0170409 -0.00365295 0)
(0.017022 -0.00212734 0)
(0.0157645 0.00168268 0)
(0.0125647 0.00854144 0)
(0.00735392 0.016949 0)
(0.00126441 0.0174586 0)
(0.000414967 -0.00624195 0)
(0.0027263 -0.0105118 0)
(0.00529498 -0.0103075 0)
(0.00760653 -0.00831072 0)
(0.00939122 -0.00606234 0)
(0.0106732 -0.00427211 0)
(0.0115841 -0.00315287 0)
(0.0122608 -0.00266576 0)
(0.0128096 -0.00267275 0)
(0.0132984 -0.00301724 0)
(0.0137594 -0.00355076 0)
(0.0141894 -0.00411624 0)
(0.014542 -0.00449173 0)
(0.0147071 -0.00429924 0)
(0.0144814 -0.00289946 0)
(0.0135318 0.000656504 0)
(0.0115049 0.00734381 0)
(0.00822832 0.0172627 0)
(0.00412836 0.0270578 0)
(0.000492635 0.0236262 0)
(0.00040288 -0.00920642 0)
(0.00254074 -0.0154232 0)
(0.00476112 -0.0150606 0)
(0.00664298 -0.0121244 0)
(0.00800581 -0.00885461 0)
(0.00892257 -0.00624046 0)
(0.00953225 -0.0045503 0)
(0.00995137 -0.00370338 0)
(0.0102542 -0.00349171 0)
(0.0104798 -0.00369136 0)
(0.0106424 -0.00409437 0)
(0.010736 -0.00448005 0)
(0.0107268 -0.00453664 0)
(0.010535 -0.00375158 0)
(0.0100131 -0.00132167 0)
(0.00893153 0.0037876 0)
(0.00714103 0.0123513 0)
(0.00464523 0.0238381 0)
(0.00193135 0.0334825 0)
(0.000107898 0.0265581 0)
(0.000368025 -0.0118768 0)
(0.00211035 -0.0194952 0)
(0.00368356 -0.0186633 0)
(0.00483564 -0.0147369 0)
(0.00553002 -0.010569 0)
(0.00590288 -0.00732005 0)
(0.00609351 -0.00523099 0)
(0.00618709 -0.0041373 0)
(0.00622098 -0.00375691 0)
(0.00620751 -0.00381976 0)
(0.00615031 -0.00409087 0)
(0.00604724 -0.00431917 0)
(0.00588022 -0.00413426 0)
(0.00559634 -0.00292412 0)
(0.00508805 0.000224941 0)
(0.0042361 0.00633491 0)
(0.00300084 0.0159676 0)
(0.00151171 0.0280034 0)
(0.000185674 0.0367964 0)
(-0.00016781 0.0273932 0)
(0.000299077 -0.0140079 0)
(0.00138192 -0.0222247 0)
(0.00199643 -0.0205914 0)
(0.00215896 -0.0157383 0)
(0.00202203 -0.010939 0)
(0.00176694 -0.00736088 0)
(0.00149961 -0.00512613 0)
(0.00125242 -0.00396269 0)
(0.00102201 -0.00353228 0)
(0.000799556 -0.00355018 0)
(0.000580755 -0.00377962 0)
(0.000359912 -0.00395204 0)
(0.000118533 -0.00364828 0)
(-0.000185249 -0.00218372 0)
(-0.000605867 0.00139636 0)
(-0.00112115 0.00801018 0)
(-0.00161277 0.0179314 0)
(-0.00183082 0.0295635 0)
(-0.00149204 0.0370364 0)
(-0.00036784 0.026423 0)
(0.000170022 -0.0151824 0)
(0.000167378 -0.0228935 0)
(-0.000591011 -0.0201956 0)
(-0.00168085 -0.0146878 0)
(-0.00277124 -0.00972363 0)
(-0.00370342 -0.00624749 0)
(-0.00445092 -0.00418199 0)
(-0.00504957 -0.00316103 0)
(-0.00554449 -0.00283108 0)
(-0.0059684 -0.00292091 0)
(-0.00634292 -0.00319852 0)
(-0.00668742 -0.00337878 0)
(-0.00702066 -0.00302169 0)
(-0.00734144 -0.00146659 0)
(-0.00758432 0.00212008 0)
(-0.00755504 0.00844598 0)
(-0.00697667 0.0175682 0)
(-0.00557526 0.0278222 0)
(-0.003354 0.0338433 0)
(-0.000623166 0.023517 0)
(-0.000128474 -0.0146387 0)
(-0.00185986 -0.0203894 0)
(-0.00438629 -0.0166961 0)
(-0.0068737 -0.0112293 0)
(-0.00889644 -0.00681119 0)
(-0.0104055 -0.00396436 0)
(-0.0115064 -0.0024179 0)
(-0.0123289 -0.00176751 0)
(-0.0129791 -0.00168732 0)
(-0.0135316 -0.00194198 0)
(-0.0140346 -0.00232514 0)
(-0.0145104 -0.00257905 0)
(-0.0149413 -0.00232583 0)
(-0.0152365 -0.00104004 0)
(-0.0151777 0.00189278 0)
(-0.0144257 0.00698265 0)
(-0.0125981 0.014224 0)
(-0.00945327 0.0222523 0)
(-0.00528957 0.026841 0)
(-0.000903925 0.0185501 0)
(-0.000727955 -0.0112569 0)
(-0.0047759 -0.0137599 0)
(-0.00903423 -0.00985357 0)
(-0.0124629 -0.00558878 0)
(-0.0147663 -0.00263898 0)
(-0.016189 -0.00101714 0)
(-0.0170608 -0.000332872 0)
(-0.0176442 -0.000224757 0)
(-0.0181147 -0.000446728 0)
(-0.018578 -0.000841695 0)
(-0.0190897 -0.00128477 0)
(-0.019655 -0.00162534 0)
(-0.0202083 -0.00164383 0)
(-0.0205811 -0.00103462 0)
(-0.0204622 0.000575665 0)
(-0.0193741 0.00355362 0)
(-0.0168179 0.00797186 0)
(-0.0125105 0.0130604 0)
(-0.00690371 0.0162546 0)
(-0.00117905 0.0115953 0)
(-0.00178596 -0.00382445 0)
(-0.0064846 -0.00358703 0)
(-0.0101039 -0.00188009 0)
(-0.0122406 -0.000581975 0)
(-0.0131778 9.1091e-05 0)
(-0.0134529 0.000341854 0)
(-0.0134567 0.000362152 0)
(-0.0134053 0.000269031 0)
(-0.0134126 0.000125365 0)
(-0.0135457 -3.99328e-05 0)
(-0.0138393 -0.000213841 0)
(-0.0142926 -0.000381713 0)
(-0.0148539 -0.000512516 0)
(-0.0153928 -0.000548209 0)
(-0.0156623 -0.000390582 0)
(-0.0152946 0.000115328 0)
(-0.0137898 0.00110802 0)
(-0.0107276 0.00253948 0)
(-0.00631753 0.00382124 0)
(-0.00151679 0.00326159 0)
)
;

boundaryField
{
    leftWall
    {
        type            fixedValue;
        value           uniform (0 0 0);
    }
    rightWall
    {
        type            fixedValue;
        value           uniform (0 0 0);
    }
    topWall
    {
        type            fixedValue;
        value           uniform (0 0 0);
    }
    bottomWall
    {
        type            fixedValue;
        value           uniform (0 0 0);
    }
    frontAndBackPlanes
    {
        type            empty;
    }
}


// ************************************************************************* //
