/*--------------------------------*- C++ -*----------------------------------*\
| =========                 |                                                 |
| \\      /  F ield         | OpenFOAM: The Open Source CFD Toolbox           |
|  \\    /   O peration     | Version:  2506                                  |
|   \\  /    A nd           | Website:  www.openfoam.com                      |
|    \\/     M anipulation  |                                                 |
\*---------------------------------------------------------------------------*/
FoamFile
{
    version     2.0;
    format      ascii;
    arch        "LSB;label=32;scalar=64";
    class       surfaceScalarField;
    location    "18.2";
    object      phi;
}
// * * * * * * * * * * * * * * * * * * * * * * * * * * * * * * * * * * * * * //

dimensions      [1 0 -1 0 0 0 0];

oriented        oriented;

internalField   nonuniform List<scalar> 
370
(
-7.95348e-05
-2.95226e-05
-4.78269e-06
-7.47567e-05
0.00012401
-0.000128801
0.000309899
-0.000185901
0.000547563
-0.000237681
0.000829195
-0.000281651
0.00114623
-0.000317059
0.00148987
-0.000343667
0.00185141
-0.000361562
0.00222251
-0.000371125
0.00259542
-0.000372932
0.00296268
-0.000367282
0.00331529
-0.000352629
0.00363668
-0.000321405
0.00389118
-0.000254508
0.00399558
-0.000104397
0.00380839
0.000187203
0.00310928
0.000699148
0.0016883
0.00142104
0.00168834
3.34231e-05
-6.29432e-05
0.000178142
-0.00021947
0.00043155
-0.000382202
0.000783803
-0.00053815
0.00122233
-0.000676207
0.00173142
-0.000790752
0.00229321
-0.000878851
0.00288792
-0.000938397
0.00349373
-0.00096738
0.00408634
-0.000963755
0.00463854
-0.000925143
0.00511869
-0.000847447
0.00548758
-0.000721531
0.00569329
-0.000527124
0.00566211
-0.000223344
0.00529444
0.000263249
0.00445601
0.00102561
0.00304595
0.00210917
0.00123444
0.00323252
0.00292276
6.84784e-05
-0.000131413
0.000262062
-0.000413031
0.000571685
-0.000691798
0.000982975
-0.000949414
0.00148015
-0.00117337
0.0020453
-0.00135589
0.00265775
-0.0014913
0.00329331
-0.00157396
0.00392359
-0.00159767
0.00451592
-0.00155608
0.00503352
-0.00144273
0.00543504
-0.00124896
0.00567254
-0.000959027
0.00568775
-0.000542325
0.00540946
5.49272e-05
0.00476434
0.000908341
0.003709
0.00208088
0.00229565
0.0035224
0.000821088
0.00470695
0.00374378
7.14981e-05
-0.000202897
0.000264764
-0.00060626
0.000563294
-0.000990282
0.000952562
-0.00133864
0.00141785
-0.00163862
0.00194273
-0.00188075
0.00250735
-0.00205589
0.00308662
-0.00215321
0.00364955
-0.00216056
0.00416029
-0.00206677
0.00458039
-0.00186277
0.00487036
-0.00153887
0.00498868
-0.00107729
0.00488896
-0.000442568
0.00451984
0.000424058
0.00384237
0.00158578
0.00285684
0.00306632
0.00166082
0.00471826
0.000537617
0.00582995
0.00428129
5.55256e-05
-0.000258402
0.000202647
-0.000753332
0.000429557
-0.00121713
0.00072742
-0.00163644
0.00108728
-0.00199843
0.00149807
-0.00229149
0.00194386
-0.00250164
0.00240132
-0.00261059
0.00283944
-0.00259856
0.00322287
-0.00245002
0.00351715
-0.00215683
0.00369219
-0.00171369
0.00372122
-0.00110612
0.00357649
-0.000297715
0.0032255
0.000775136
0.00265177
0.00215952
0.00187895
0.00383907
0.00101206
0.00558499
0.000280092
0.00656173
0.00456129
1.87578e-05
-0.000277135
7.32357e-05
-0.000807749
0.000165593
-0.00130942
0.000297987
-0.00176877
0.000470996
-0.00217138
0.000682046
-0.00250247
0.000921935
-0.00274141
0.00117191
-0.00286034
0.0014048
-0.00283107
0.00159135
-0.00263605
0.00170824
-0.0022731
0.00174186
-0.00174672
0.00168515
-0.00104894
0.00153086
-0.000143105
0.0012701
0.00103615
0.000913105
0.00251666
0.000504604
0.00424761
0.000141841
0.0059477
-4.19249e-05
0.00674546
0.00451933
-3.9838e-05
-0.00023727
-0.000124326
-0.000723196
-0.000230954
-0.00120271
-0.000345461
-0.00165419
-0.000457122
-0.00205963
-0.00055867
-0.00240078
-0.000649829
-0.00264995
-0.000739697
-0.00276989
-0.000843205
-0.00272661
-0.000972021
-0.00250596
-0.00112632
-0.00211739
-0.00129376
-0.00157801
-0.00145513
-0.000886586
-0.00159279
-4.73959e-06
-0.00166466
0.00110865
-0.00163212
0.00248461
-0.00144332
0.00405915
-0.00104792
0.00555252
-0.00046946
0.00616714
0.00404991
-0.000104384
-0.00013286
-0.00034503
-0.000482486
-0.000686529
-0.00086113
-0.00110966
-0.00123096
-0.00159722
-0.00157192
-0.00213152
-0.00186615
-0.00269687
-0.00208388
-0.00328055
-0.00218488
-0.00386845
-0.00213669
-0.00443792
-0.00193397
-0.00495379
-0.0015989
-0.00536989
-0.00115955
-0.00563203
-0.000622527
-0.0056816
4.63654e-05
-0.0054334
0.000861652
-0.00483218
0.00188433
-0.00383925
0.00306696
-0.00248047
0.00419432
-0.000975047
0.00466211
0.00307505
-0.000112347
-2.04894e-05
-0.00042399
-0.000170786
-0.000923419
-0.000361623
-0.00160134
-0.000552921
-0.0024401
-0.00073294
-0.00341213
-0.000893547
-0.00447872
-0.00101604
-0.00558866
-0.00107264
-0.00667955
-0.00104242
-0.00768263
-0.000926773
-0.00852876
-0.000748511
-0.00915005
-0.000534378
-0.0094734
-0.000295966
-0.00941115
-1.34067e-05
-0.00888096
0.000333355
-0.00779329
0.000798184
-0.0060991
0.00137402
-0.00386545
0.00196165
-0.0014699
0.0022673
0.00160549
-2.04656e-05
-0.000191196
-0.000552746
-0.00110557
-0.00183831
-0.00273133
-0.00374609
-0.00481625
-0.00585482
-0.00677669
-0.00751987
-0.00804913
-0.00834058
-0.00835026
-0.00801395
-0.00721341
-0.00583751
-0.00387438
-0.001606
)
;

boundaryField
{
    leftWall
    {
        type            calculated;
        value           uniform 0;
    }
    rightWall
    {
        type            calculated;
        value           nonuniform List<scalar> 10(0 0 -4.33681e-19 0 0 0 0 0 8.67362e-19 0);
    }
    topWall
    {
        type            calculated;
        value           uniform 0;
    }
    bottomWall
    {
        type            calculated;
        value           uniform 0;
    }
    frontAndBackPlanes
    {
        type            empty;
    }
}


// ************************************************************************* //
