/*--------------------------------*- C++ -*----------------------------------*\
| =========                 |                                                 |
| \\      /  F ield         | OpenFOAM: The Open Source CFD Toolbox           |
|  \\    /   O peration     | Version:  2506                                  |
|   \\  /    A nd           | Website:  www.openfoam.com                      |
|    \\/     M anipulation  |                                                 |
\*---------------------------------------------------------------------------*/
FoamFile
{
    version     2.0;
    format      ascii;
    arch        "LSB;label=32;scalar=64";
    class       volVectorField;
    location    "62.2";
    object      U;
}
// * * * * * * * * * * * * * * * * * * * * * * * * * * * * * * * * * * * * * //

dimensions      [0 1 -1 0 0 0 0];

internalField   nonuniform List<vector> 
200
(
(7.35901e-06 -0.000440581 0)
(0.000749588 -0.000647024 0)
(0.00185227 -0.000572474 0)
(0.0029301 -0.000438067 0)
(0.00379682 -0.000311942 0)
(0.0044823 -0.000227306 0)
(0.00504774 -0.000197166 0)
(0.00556681 -0.000220556 0)
(0.00611205 -0.00029244 0)
(0.00674879 -0.000409649 0)
(0.00753417 -0.000572377 0)
(0.00851619 -0.000781504 0)
(0.00972614 -0.00103051 0)
(0.0111578 -0.00128936 0)
(0.01272 -0.00147714 0)
(0.0141354 -0.00141265 0)
(0.0147788 -0.00072491 0)
(0.0136976 0.00118345 0)
(0.00989755 0.0044502 0)
(0.00300462 0.00635202 0)
(0.00023963 -0.00204956 0)
(0.0017786 -0.00370426 0)
(0.00372904 -0.00392255 0)
(0.00565158 -0.00347877 0)
(0.00729692 -0.00285407 0)
(0.00863571 -0.00232529 0)
(0.00973611 -0.00201281 0)
(0.0106933 -0.00194372 0)
(0.0115978 -0.00210095 0)
(0.0125227 -0.00245173 0)
(0.0135171 -0.0029561 0)
(0.014599 -0.0035555 0)
(0.0157399 -0.00413943 0)
(0.0168345 -0.00448675 0)
(0.0176526 -0.00418237 0)
(0.0177847 -0.00252307 0)
(0.0165881 0.00151098 0)
(0.0133031 0.00872573 0)
(0.00783867 0.0176019 0)
(0.0013629 0.0183224 0)
(0.000318946 -0.00423279 0)
(0.00219958 -0.00775155 0)
(0.00442633 -0.00829521 0)
(0.00655734 -0.00741792 0)
(0.00833311 -0.00613592 0)
(0.00973401 -0.00499721 0)
(0.0108389 -0.00422998 0)
(0.0117435 -0.00387826 0)
(0.0125283 -0.00389686 0)
(0.013249 -0.00420427 0)
(0.0139341 -0.00469824 0)
(0.0145802 -0.00523617 0)
(0.0151393 -0.00558066 0)
(0.0154943 -0.00531437 0)
(0.0154238 -0.0037464 0)
(0.0145659 0.000120358 0)
(0.0125059 0.00731475 0)
(0.00904256 0.0179171 0)
(0.00461223 0.0284314 0)
(0.000576288 0.0250621 0)
(0.000346072 -0.00673596 0)
(0.00228509 -0.0121189 0)
(0.00442535 -0.0127585 0)
(0.00634636 -0.0112339 0)
(0.00783555 -0.0091461 0)
(0.00891928 -0.0073058 0)
(0.00970154 -0.00601783 0)
(0.0102812 -0.00531305 0)
(0.0107281 -0.00509992 0)
(0.0110839 -0.00524455 0)
(0.0113673 -0.00559171 0)
(0.0115758 -0.00593446 0)
(0.0116765 -0.00593801 0)
(0.0115853 -0.00503442 0)
(0.0111404 -0.0023407 0)
(0.0100728 0.00327108 0)
(0.00818231 0.0126141 0)
(0.00544612 0.0250849 0)
(0.0023797 0.0356302 0)
(0.000180533 0.0285266 0)
(0.000348476 -0.00923231 0)
(0.00210715 -0.0161586 0)
(0.00383679 -0.0165668 0)
(0.00521451 -0.014197 0)
(0.0061317 -0.0112435 0)
(0.00668171 -0.00872797 0)
(0.00699234 -0.00697344 0)
(0.00715735 -0.00595807 0)
(0.00723031 -0.00553003 0)
(0.00723873 -0.00551063 0)
(0.00719669 -0.00571264 0)
(0.00710738 -0.00589188 0)
(0.00695404 -0.00564681 0)
(0.00668289 -0.00429698 0)
(0.00618533 -0.000820427 0)
(0.00528125 0.00595652 0)
(0.00390984 0.0166041 0)
(0.00217623 0.0298702 0)
(0.000540813 0.0396734 0)
(-0.000109623 0.0297983 0)
(0.0003111 -0.0114358 0)
(0.00158347 -0.0192806 0)
(0.00252327 -0.0190716 0)
(0.00301311 -0.015755 0)
(0.00311093 -0.0120323 0)
(0.00297811 -0.00902019 0)
(0.00274151 -0.00697844 0)
(0.00246681 -0.00579826 0)
(0.00217963 -0.00526883 0)
(0.00189033 -0.00518418 0)
(0.00160468 -0.00534231 0)
(0.00132003 -0.00547187 0)
(0.00101517 -0.00511438 0)
(0.000646821 -0.00350569 0)
(0.000152872 0.000448337 0)
(-0.000476395 0.00785448 0)
(-0.0011151 0.0189618 0)
(-0.00150971 0.0319752 0)
(-0.00135433 0.0404595 0)
(-0.000357783 0.0290904 0)
(0.000200654 -0.0128842 0)
(0.000507015 -0.0206246 0)
(0.000150596 -0.0194347 0)
(-0.000632249 -0.0152708 0)
(-0.00157231 -0.0111048 0)
(-0.00249117 -0.00795668 0)
(-0.00331636 -0.00593005 0)
(-0.00403978 -0.0048143 0)
(-0.00467654 -0.00435824 0)
(-0.00524321 -0.00434561 0)
(-0.00575517 -0.00456184 0)
(-0.00623233 -0.00470577 0)
(-0.00669861 -0.00428486 0)
(-0.00715989 -0.00254478 0)
(-0.0075564 0.00147368 0)
(-0.00766432 0.00859333 0)
(-0.00717125 0.0188681 0)
(-0.00578397 0.030437 0)
(-0.00350994 0.0373661 0)
(-0.000662771 0.0261654 0)
(-6.46934e-05 -0.0127535 0)
(-0.00141604 -0.0189091 0)
(-0.00359601 -0.0165889 0)
(-0.00590689 -0.0121414 0)
(-0.00793393 -0.00820709 0)
(-0.00957547 -0.00546927 0)
(-0.0108781 -0.00384244 0)
(-0.0119286 -0.00305033 0)
(-0.0128085 -0.00283796 0)
(-0.0135823 -0.00300078 0)
(-0.0142971 -0.00333386 0)
(-0.0149783 -0.00355456 0)
(-0.0156103 -0.00323234 0)
(-0.0160974 -0.00176268 0)
(-0.0162008 0.00156005 0)
(-0.0155216 0.00731077 0)
(-0.013635 0.0154931 0)
(-0.0102757 0.0245937 0)
(-0.00577489 0.0299084 0)
(-0.000996289 0.0208241 0)
(-0.000615399 -0.00992769 0)
(-0.00421721 -0.0130383 0)
(-0.00824726 -0.0101681 0)
(-0.0117112 -0.00651026 0)
(-0.0142409 -0.00374311 0)
(-0.0159796 -0.00206611 0)
(-0.0171866 -0.0012374 0)
(-0.0180857 -0.000979216 0)
(-0.0188402 -0.00108529 0)
(-0.0195614 -0.00141071 0)
(-0.0203157 -0.00182334 0)
(-0.0211153 -0.00214967 0)
(-0.0218917 -0.0021332 0)
(-0.0224589 -0.00141999 0)
(-0.0224694 0.000415473 0)
(-0.0213755 0.00378482 0)
(-0.0186244 0.00878885 0)
(-0.0138995 0.0145761 0)
(-0.00769996 0.0182738 0)
(-0.00132476 0.01313 0)
(-0.0015512 -0.003342 0)
(-0.00582218 -0.00342348 0)
(-0.00942207 -0.00205 0)
(-0.0118124 -0.000884942 0)
(-0.0131041 -0.000212083 0)
(-0.0137212 9.01661e-05 0)
(-0.0140109 0.000171609 0)
(-0.0141902 0.000132227 0)
(-0.0143885 2.63256e-05 0)
(-0.0146873 -0.000120075 0)
(-0.0151342 -0.000291923 0)
(-0.0157385 -0.000468802 0)
(-0.0164511 -0.000611414 0)
(-0.0171313 -0.000650783 0)
(-0.0175028 -0.000473886 0)
(-0.0171527 9.56531e-05 0)
(-0.0155157 0.00122726 0)
(-0.0121114 0.00287021 0)
(-0.00716388 0.0043522 0)
(-0.00173333 0.00373423 0)
)
;

boundaryField
{
    leftWall
    {
        type            fixedValue;
        value           uniform (0 0 0);
    }
    rightWall
    {
        type            fixedValue;
        value           uniform (0 0 0);
    }
    topWall
    {
        type            fixedValue;
        value           uniform (0 0 0);
    }
    bottomWall
    {
        type            fixedValue;
        value           uniform (0 0 0);
    }
    frontAndBackPlanes
    {
        type            empty;
    }
}


// ************************************************************************* //
