/*--------------------------------*- C++ -*----------------------------------*\
| =========                 |                                                 |
| \\      /  F ield         | OpenFOAM: The Open Source CFD Toolbox           |
|  \\    /   O peration     | Version:  2506                                  |
|   \\  /    A nd           | Website:  www.openfoam.com                      |
|    \\/     M anipulation  |                                                 |
\*---------------------------------------------------------------------------*/
FoamFile
{
    version     2.0;
    format      ascii;
    arch        "LSB;label=32;scalar=64";
    class       surfaceScalarField;
    location    "84.2";
    object      phi;
}
// * * * * * * * * * * * * * * * * * * * * * * * * * * * * * * * * * * * * * //

dimensions      [1 0 -1 0 0 0 0];

oriented        oriented;

internalField   nonuniform List<scalar> 
370
(
0.000179546
-0.000233811
0.000548206
-0.000368579
0.000891095
-0.000342769
0.00115185
-0.00026061
0.00132888
-0.000176862
0.00144522
-0.000116171
0.00153016
-8.47535e-05
0.00161018
-7.98318e-05
0.00170616
-9.57847e-05
0.00183361
-0.00012725
0.00200396
-0.000170139
0.00222495
-0.000220775
0.00249855
-0.00027338
0.00281405
-0.000315276
0.00313362
-0.000319334
0.00336641
-0.000232561
0.00332436
4.22899e-05
0.00278861
0.000535982
0.00153136
0.00125746
0.00153148
0.000326287
-0.000560055
0.000900597
-0.000942769
0.00147732
-0.000919324
0.00195234
-0.000735423
0.00230704
-0.000531348
0.0025627
-0.000371614
0.00275359
-0.000275414
0.00291295
-0.000238958
0.00306696
-0.000249564
0.0032331
-0.000293155
0.00341996
-0.000356753
0.00362629
-0.000426862
0.00383718
-0.00048401
0.00401568
-0.000493524
0.00409011
-0.000393507
0.00394391
-8.60944e-05
0.00343486
0.00055161
0.00240335
0.00156776
0.000981291
0.00267974
0.00251289
0.000356103
-0.000916098
0.000955657
-0.00154216
0.00154842
-0.00151185
0.00203432
-0.00122106
0.00239761
-0.000894354
0.00265939
-0.000633105
0.00285063
-0.000466367
0.00299932
-0.000387359
0.00312572
-0.000375677
0.00324156
-0.000408701
0.00335022
-0.000465119
0.00344586
-0.000522209
0.00350997
-0.000547818
0.00350514
-0.000488394
0.00336936
-0.000257419
0.00301862
0.000264956
0.00238644
0.00118409
0.00147887
0.00247561
0.000510082
0.00364878
0.00302308
0.000337422
-0.00125345
0.0008747
-0.00207924
0.00137449
-0.00201136
0.00175888
-0.00160513
0.00202843
-0.00116357
0.00221073
-0.000815056
0.00233502
-0.000590324
0.00242302
-0.000475018
0.00248772
-0.000440053
0.00253534
-0.000455984
0.00256687
-0.00049632
0.0025778
-0.000532801
0.00255486
-0.000524539
0.00247092
-0.000404113
0.00228268
-6.88409e-05
0.00194209
0.000605888
0.00142691
0.00169961
0.000788532
0.00311431
0.000214183
0.00422338
0.00323738
0.000289167
-0.00154253
0.000699454
-0.0024893
0.00103269
-0.00234428
0.0012499
-0.00182199
0.00137505
-0.00128835
0.00144257
-0.000882211
0.00147775
-0.000625132
0.00149407
-0.000490982
0.00149709
-0.000442717
0.00148872
-0.00044726
0.00146935
-0.000476606
0.00143694
-0.000500032
0.00138349
-0.00047073
0.00129065
-0.000310915
0.00113029
9.18907e-05
0.000880674
0.000855877
0.000548567
0.00203207
0.000206668
0.00345654
-4.44486e-06
0.00443476
0.00323304
0.000204792
-0.00174723
0.000415315
-0.00269958
0.00051067
-0.0024393
0.000510306
-0.00182126
0.000462158
-0.00123982
0.000400417
-0.000820095
0.000339799
-0.000564149
0.000282901
-0.000433723
0.000228251
-0.000387711
0.000174661
-0.000393315
0.000121413
-0.000423002
6.58146e-05
-0.000444075
7.33178e-07
-0.000405285
-8.38532e-05
-0.000225958
-0.000194979
0.0002034
-0.000319715
0.000980998
-0.000415589
0.00212832
-0.000406657
0.00344794
-0.000233096
0.00426145
0.00300005
5.31523e-05
-0.00180029
-4.08451e-05
-0.00260532
-0.00026238
-0.00221742
-0.000524201
-0.00155906
-0.000765719
-0.000997932
-0.000965731
-0.000619719
-0.00112657
-0.000402958
-0.00125809
-0.000301848
-0.00136921
-0.000276244
-0.00146584
-0.000296334
-0.0015523
-0.0003362
-0.00163269
-0.000363328
-0.00170938
-0.000328241
-0.00177642
-0.000158553
-0.0018051
0.000232448
-0.00174294
0.000919209
-0.00151996
0.00190569
-0.00108028
0.00300858
-0.000468121
0.00364953
0.00253202
-0.000209452
-0.00159072
-0.000736146
-0.00207834
-0.00134401
-0.00160921
-0.00188155
-0.00102115
-0.00230145
-0.000577668
-0.00261284
-0.000307976
-0.00284337
-0.000172084
-0.00302066
-0.000124223
-0.00316582
-0.000130757
-0.00329304
-0.000168786
-0.00341047
-0.000218444
-0.00351851
-0.000254961
-0.00360432
-0.000242107
-0.00363311
-0.000129433
-0.0035424
0.000142064
-0.00324775
0.000624884
-0.0026673
0.00132555
-0.00177496
0.00211651
-0.000714929
0.00258971
0.00181717
-0.000613631
-0.000976963
-0.00164871
-0.00104297
-0.00258195
-0.000675612
-0.0032571
-0.000345645
-0.00369675
-0.000137667
-0.00397051
-3.38742e-05
-0.0041445
2.22799e-06
-0.00427171
3.29199e-06
-0.00438479
-1.73727e-05
-0.00450212
-5.11683e-05
-0.00463112
-8.91619e-05
-0.00476494
-0.000120868
-0.00487538
-0.000131403
-0.00490518
-9.93745e-05
-0.00477014
7.28983e-06
-0.00435069
0.00020568
-0.00354663
0.000521737
-0.00233576
0.000905852
-0.000922334
0.00117645
0.000894908
-0.000976825
-0.0020195
-0.00269476
-0.00304005
-0.00317738
-0.00321093
-0.0032084
-0.00320482
-0.00322192
-0.00327283
-0.00336176
-0.0034824
-0.00361359
-0.00371276
-0.00370528
-0.00349942
-0.00297752
-0.00207152
-0.000894956
)
;

boundaryField
{
    leftWall
    {
        type            calculated;
        value           nonuniform List<scalar> 10(0 0 0 0 1.0842e-19 0 0 0 0 8.67362e-19);
    }
    rightWall
    {
        type            calculated;
        value           nonuniform List<scalar> 10(0 2.1684e-19 0 0 -4.33681e-19 0 0 0 0 0);
    }
    topWall
    {
        type            calculated;
        value           uniform 0;
    }
    bottomWall
    {
        type            calculated;
        value           uniform 0;
    }
    frontAndBackPlanes
    {
        type            empty;
    }
}


// ************************************************************************* //
