/*--------------------------------*- C++ -*----------------------------------*\
| =========                 |                                                 |
| \\      /  F ield         | OpenFOAM: The Open Source CFD Toolbox           |
|  \\    /   O peration     | Version:  2506                                  |
|   \\  /    A nd           | Website:  www.openfoam.com                      |
|    \\/     M anipulation  |                                                 |
\*---------------------------------------------------------------------------*/
FoamFile
{
    version     2.0;
    format      ascii;
    arch        "LSB;label=32;scalar=64";
    class       surfaceScalarField;
    location    "98.2";
    object      phi;
}
// * * * * * * * * * * * * * * * * * * * * * * * * * * * * * * * * * * * * * //

dimensions      [1 0 -1 0 0 0 0];

oriented        oriented;

internalField   nonuniform List<scalar> 
370
(
0.000241413
-0.00028704
0.000678403
-0.000436913
0.00106967
-0.000391151
0.00135174
-0.000281938
0.00152804
-0.00017615
0.00162958
-0.000101373
0.0016926
-6.28381e-05
0.00174831
-5.55315e-05
0.00182019
-7.16847e-05
0.00192463
-0.000104238
0.00207279
-0.000147957
0.00227166
-0.000198654
0.00252256
-0.000250685
0.0028147
-0.000291917
0.00311098
-0.000296056
0.00332219
-0.000210974
0.00326711
5.5312e-05
0.00272907
0.000538276
0.00149144
0.00123783
0.00149155
0.00037822
-0.00066522
0.00102723
-0.00108582
0.00166162
-0.00102538
0.0021667
-0.00078684
0.00252644
-0.000535694
0.00276917
-0.000343907
0.00293638
-0.000229844
0.0030669
-0.000185839
0.00319035
-0.000194922
0.00332584
-0.00023951
0.00348244
-0.00030433
0.00365888
-0.000374867
0.00384025
-0.00043183
0.00399036
-0.000441785
0.00403942
-0.000344882
0.0038752
-4.65014e-05
0.00335765
0.000573107
0.00233892
0.00155725
0.00095038
0.00262658
0.00244204
0.000388454
-0.00105362
0.00103149
-0.00172871
0.00165456
-0.00164826
0.00215241
-0.00128446
0.00251231
-0.000895348
0.00276051
-0.000591854
0.00293255
-0.000401637
0.00305959
-0.000312627
0.00316369
-0.000298768
0.00325736
-0.000332935
0.00334421
-0.000390922
0.00341838
-0.000448781
0.0034615
-0.000474692
0.00343703
-0.000417054
0.00328547
-0.000193056
0.0029266
0.00031264
0.00230076
0.00119922
0.00141661
0.00244166
0.000483768
0.00355964
0.00292591
0.000351081
-0.00140464
0.000898801
-0.00227626
0.00139702
-0.00214624
0.00177018
-0.00165735
0.00202393
-0.00114881
0.00218993
-0.000757569
0.00229956
-0.00051098
0.00237503
-0.000387814
0.00242901
-0.000352466
0.00246708
-0.000370723
0.00248972
-0.000413286
0.00249205
-0.000450832
0.00246068
-0.000443042
0.00236889
-0.000324979
0.00217669
-5.6615e-07
0.00183917
0.00065045
0.00133937
0.00169931
0.000729998
0.00305131
0.000191968
0.00409789
0.00311797
0.000286997
-0.00169157
0.000679997
-0.00266908
0.000986052
-0.00245204
0.00117524
-0.00184624
0.00127769
-0.00125095
0.0013301
-0.000809683
0.00135718
-0.000537759
0.00137051
-0.000400849
0.0013736
-0.000355263
0.00136681
-0.000363641
0.00134959
-0.000395771
0.00131939
-0.000420344
0.00126789
-0.000391246
0.00117752
-0.000234311
0.0010207
0.000156568
0.000782414
0.00088904
0.00047076
0.00201126
0.000158083
0.00336426
-2.2678e-05
0.00427888
0.00309538
0.000191356
-0.00188285
0.000364767
-0.00284229
0.000418581
-0.00250557
0.000384903
-0.00181226
0.000316486
-0.00118222
0.00024648
-0.000739371
0.000186217
-0.000477197
0.000134839
-0.000349177
8.83009e-05
-0.000308434
4.38036e-05
-0.000318854
-2.26201e-07
-0.000351451
-4.6766e-05
-0.000373515
-0.00010244
-0.000335278
-0.000176861
-0.000159588
-0.000274582
0.000254601
-0.000382809
0.000997583
-0.000458776
0.00208754
-0.000428354
0.00333412
-0.00023707
0.0040878
0.0028584
3.05272e-05
-0.0019133
-0.000106591
-0.00270495
-0.000370016
-0.00224186
-0.000658795
-0.00152318
-0.000910856
-0.000929861
-0.00110912
-0.000540813
-0.00126075
-0.000325275
-0.00137929
-0.000230358
-0.00147588
-0.000211557
-0.0015577
-0.000236755
-0.00162959
-0.000279276
-0.00169559
-0.000307233
-0.00175728
-0.000273301
-0.00180733
-0.000109246
-0.00181743
0.000264993
-0.00173852
0.000918978
-0.00150432
0.00185362
-0.00106205
0.00289211
-0.000457122
0.00348307
0.00240135
-0.000235441
-0.00167776
-0.000804452
-0.00213571
-0.00144256
-0.00160347
-0.00199121
-0.000974233
-0.00240625
-0.000514534
-0.00270265
-0.000244128
-0.00291384
-0.000113811
-0.00306981
-7.41158e-05
-0.00319307
-8.80222e-05
-0.00329907
-0.000130492
-0.00339595
-0.00018214
-0.00348371
-0.000219205
-0.00354928
-0.000207476
-0.00355852
-9.97398e-05
-0.00345203
0.000158761
-0.00315047
0.000617681
-0.00257709
0.0012805
-0.00170872
0.00202396
-0.000685668
0.00246018
0.00171575
-0.000647954
-0.0010297
-0.00172039
-0.00106304
-0.00266388
-0.000659702
-0.00332529
-0.000312533
-0.00373757
-0.000101978
-0.00397592
-5.50024e-06
-0.00412255
3.3081e-05
-0.00422309
2.66725e-05
-0.0043089
-1.96922e-06
-0.00440254
-3.66186e-05
-0.00450897
-7.54921e-05
-0.00462081
-0.000107141
-0.00471049
-0.000117584
-0.00472312
-8.69022e-05
-0.00457803
1.38781e-05
-0.00416333
0.000203186
-0.00338449
0.000501855
-0.00222276
0.000862401
-0.000875054
0.00111261
0.000840753
-0.00102959
-0.00209239
-0.00275181
-0.00306406
-0.00316577
-0.00317101
-0.00313769
-0.00311079
-0.00311254
-0.00314895
-0.00322425
-0.00333121
-0.00344862
-0.00353536
-0.00352133
-0.003318
-0.00281601
-0.00195349
-0.000840791
)
;

boundaryField
{
    leftWall
    {
        type            calculated;
        value           nonuniform List<scalar> 10(0 0 -5.42101e-20 1.0842e-19 0 0 0 0 0 0);
    }
    rightWall
    {
        type            calculated;
        value           nonuniform List<scalar> 10(0 0 0 4.33681e-19 -4.33681e-19 -4.33681e-19 4.33681e-19 0 -4.33681e-19 0);
    }
    topWall
    {
        type            calculated;
        value           uniform 0;
    }
    bottomWall
    {
        type            calculated;
        value           uniform 0;
    }
    frontAndBackPlanes
    {
        type            empty;
    }
}


// ************************************************************************* //
