/*--------------------------------*- C++ -*----------------------------------*\
| =========                 |                                                 |
| \\      /  F ield         | OpenFOAM: The Open Source CFD Toolbox           |
|  \\    /   O peration     | Version:  2506                                  |
|   \\  /    A nd           | Website:  www.openfoam.com                      |
|    \\/     M anipulation  |                                                 |
\*---------------------------------------------------------------------------*/
FoamFile
{
    version     2.0;
    format      ascii;
    arch        "LSB;label=32;scalar=64";
    class       surfaceScalarField;
    location    "123.8";
    object      phi;
}
// * * * * * * * * * * * * * * * * * * * * * * * * * * * * * * * * * * * * * //

dimensions      [1 0 -1 0 0 0 0];

oriented        oriented;

internalField   nonuniform List<scalar> 
370
(
0.000334576
-0.000367694
0.000875047
-0.000540413
0.00134127
-0.000466142
0.00165931
-0.000317933
0.00183939
-0.000179964
0.00192357
-8.40454e-05
0.00195787
-3.41691e-05
0.00198013
-2.21099e-05
0.00201751
-3.72249e-05
0.00208814
-7.04687e-05
0.00220315
-0.000114835
0.00236859
-0.000165271
0.00258477
-0.000216
0.00284027
-0.00025531
0.00309831
-0.00025785
0.00327125
-0.000172739
0.00318941
8.20408e-05
0.00264091
0.000548697
0.00142939
0.00121169
0.00142948
0.000453282
-0.000820945
0.00121131
-0.00129835
0.00193135
-0.00118606
0.0024836
-0.000870057
0.00285536
-0.000551574
0.00308449
-0.000313027
0.00322224
-0.00017176
0.00331523
-0.000114932
0.00339804
-0.000119872
0.00349203
-0.000164295
0.00360704
-0.000229668
0.00374169
-0.000299746
0.00388081
-0.000354937
0.00398857
-0.000362883
0.00399739
-0.000266473
0.00380133
2.35142e-05
0.00326353
0.000620036
0.00225526
0.00155716
0.000909023
0.00255811
0.00233858
0.000432735
-0.00125364
0.00113551
-0.00200103
0.0018005
-0.0018509
0.00231559
-0.00138498
0.00267238
-0.000908182
0.00290413
-0.000544583
0.00305246
-0.000319904
0.00315266
-0.00021495
0.00322908
-0.000196096
0.00329515
-0.00023018
0.00335461
-0.000288938
0.00340141
-0.000346352
0.0034171
-0.00037043
0.0033658
-0.000311387
0.00319018
-9.06594e-05
0.00281711
0.000396792
0.00219581
0.00124154
0.00133909
0.00241408
0.000451103
0.00344626
0.00278976
0.000367418
-0.00162101
0.000925474
-0.00255896
0.00141789
-0.00234315
0.00177321
-0.00174009
0.00200431
-0.00113908
0.00214836
-0.000688423
0.00223935
-0.000410684
0.00229987
-0.000275269
0.00234181
-0.000237832
0.00236967
-0.000257829
0.00238297
-0.000302034
0.00237609
-0.000339274
0.00233538
-0.000329511
0.00223513
-0.000210926
0.00203731
0.000107367
0.00170593
0.000728387
0.001227
0.00172069
0.000655506
0.00298577
0.000164243
0.00393769
0.00295408
0.000280656
-0.00190162
0.000644436
-0.00292261
0.00090863
-0.00260716
0.00105644
-0.00188769
0.00112625
-0.00120867
0.00115757
-0.000719523
0.00117402
-0.000426917
0.0011843
-0.000285333
0.00118896
-0.000242285
0.00118618
-0.00025484
0.001174
-0.000289646
0.00114894
-0.000313998
0.00110236
-0.000282721
0.00101753
-0.000125887
0.00087174
0.000253372
0.000650615
0.000949731
0.000368096
0.00200343
9.58045e-05
0.00325827
-4.44128e-05
0.00407807
0.00290973
0.000169894
-0.00207146
0.000287412
-0.00303998
0.000280771
-0.00260032
0.000199726
-0.00180643
0.000102644
-0.00111137
2.05269e-05
-0.00063719
-4.02509e-05
-0.000365929
-8.48933e-05
-0.000240483
-0.000120756
-0.000206216
-0.000152735
-0.000222655
-0.000183602
-0.000258575
-0.000216731
-0.000280663
-0.000258399
-0.000240846
-0.00031688
-6.71942e-05
-0.000393973
0.000330683
-0.000476349
0.00103233
-0.000521403
0.0020487
-0.00045863
0.0031957
-0.000242266
0.00386185
0.00266753
-4.00908e-06
-0.00206739
-0.000202667
-0.00284117
-0.000524435
-0.00227835
-0.000850923
-0.00147973
-0.00111875
-0.000843332
-0.00131657
-0.000439171
-0.00145785
-0.000224448
-0.00156086
-0.000137271
-0.00163949
-0.000127385
-0.00170246
-0.000159485
-0.00175529
-0.000205556
-0.0018017
-0.000234054
-0.00184206
-0.000200278
-0.00186792
-4.11327e-05
-0.00185068
0.000313648
-0.00174543
0.000927292
-0.0014911
0.00179457
-0.00104054
0.00274533
-0.000442586
0.00326403
0.00222499
-0.000271835
-0.00179549
-0.000899385
-0.00221346
-0.00157962
-0.00159792
-0.00214474
-0.000914406
-0.00255532
-0.000432552
-0.00283476
-0.000159536
-0.00302194
-3.70689e-05
-0.00315101
-8.016e-06
-0.00324696
-3.12458e-05
-0.00332595
-8.03151e-05
-0.00339632
-0.000135004
-0.00345745
-0.000172735
-0.00349571
-0.000161839
-0.00347736
-5.93009e-05
-0.0033473
0.000183769
-0.00303248
0.000612656
-0.00246356
0.00122581
-0.00162269
0.00190462
-0.000646611
0.00228807
0.00157843
-0.000694745
-0.00110067
-0.00181789
-0.00109015
-0.00277573
-0.000639887
-0.00341945
-0.000270485
-0.00379413
-5.76792e-05
-0.0039955
4.2025e-05
-0.00410186
6.94673e-05
-0.00416514
5.54362e-05
-0.00421851
2.22931e-05
-0.00428098
-1.76787e-05
-0.00435815
-5.76807e-05
-0.00444142
-8.93101e-05
-0.00450357
-9.95391e-05
-0.00449245
-7.02817e-05
-0.0043322
2.36653e-05
-0.00392054
0.000201136
-0.00317156
0.000476966
-0.00207237
0.000805547
-0.000811323
0.00102712
0.000767145
-0.00110059
-0.00219058
-0.00283028
-0.00310057
-0.00315807
-0.00311587
-0.00304623
-0.00299063
-0.00296819
-0.00298573
-0.00304327
-0.00313245
-0.00323187
-0.00330204
-0.00327827
-0.00307703
-0.00259997
-0.00179435
-0.000767171
)
;

boundaryField
{
    leftWall
    {
        type            calculated;
        value           nonuniform List<scalar> 10(0 0 0 -1.0842e-19 0 0 0 0 0 8.67362e-19);
    }
    rightWall
    {
        type            calculated;
        value           nonuniform List<scalar> 10(0 0 0 0 0 -4.33681e-19 0 0 0 0);
    }
    topWall
    {
        type            calculated;
        value           uniform 0;
    }
    bottomWall
    {
        type            calculated;
        value           uniform 0;
    }
    frontAndBackPlanes
    {
        type            empty;
    }
}


// ************************************************************************* //
