/*--------------------------------*- C++ -*----------------------------------*\
| =========                 |                                                 |
| \\      /  F ield         | OpenFOAM: The Open Source CFD Toolbox           |
|  \\    /   O peration     | Version:  2506                                  |
|   \\  /    A nd           | Website:  www.openfoam.com                      |
|    \\/     M anipulation  |                                                 |
\*---------------------------------------------------------------------------*/
FoamFile
{
    version     2.0;
    format      ascii;
    arch        "LSB;label=32;scalar=64";
    class       volVectorField;
    location    "17.2";
    object      U;
}
// * * * * * * * * * * * * * * * * * * * * * * * * * * * * * * * * * * * * * //

dimensions      [0 1 -1 0 0 0 0];

internalField   nonuniform List<vector> 
200
(
(-0.000251174 -9.72664e-05 0)
(-0.000257922 -0.000176611 0)
(0.000146684 -0.000238058 0)
(0.000797642 -0.00034385 0)
(0.00163513 -0.00045052 0)
(0.00266958 -0.00054491 0)
(0.00387314 -0.000627938 0)
(0.00521475 -0.000701803 0)
(0.00666427 -0.00076929 0)
(0.00819141 -0.000834307 0)
(0.0097652 -0.000902038 0)
(0.0113537 -0.000977965 0)
(0.0129217 -0.00106435 0)
(0.0144178 -0.00115061 0)
(0.015739 -0.00118791 0)
(0.0166436 -0.00102937 0)
(0.0166475 -0.000323659 0)
(0.0149113 0.00151172 0)
(0.0105257 0.00470449 0)
(0.00313244 0.00659526 0)
(-9.30962e-06 -0.000331742 0)
(0.000292317 -0.0010681 0)
(0.00106805 -0.00186748 0)
(0.00225657 -0.00267989 0)
(0.00381543 -0.00342232 0)
(0.00569594 -0.00406555 0)
(0.0078395 -0.00459943 0)
(0.0101802 -0.00501829 0)
(0.0126438 -0.00531515 0)
(0.0151436 -0.00548011 0)
(0.0175772 -0.00549912 0)
(0.0198214 -0.00534797 0)
(0.0217243 -0.00497442 0)
(0.023091 -0.0042592 0)
(0.0236602 -0.00294062 0)
(0.0230553 -0.000488256 0)
(0.0207134 0.00396864 0)
(0.016063 0.0111582 0)
(0.00923712 0.019715 0)
(0.00158573 0.0197373 0)
(4.08978e-05 -0.000713112 0)
(0.000517182 -0.00238663 0)
(0.00146794 -0.00412691 0)
(0.00285797 -0.00577824 0)
(0.0046248 -0.00724902 0)
(0.00670832 -0.00849352 0)
(0.00904339 -0.00948493 0)
(0.0115535 -0.0101953 0)
(0.0141449 -0.010586 0)
(0.0167016 -0.0106063 0)
(0.0190827 -0.0101932 0)
(0.0211213 -0.00926315 0)
(0.0226219 -0.00768449 0)
(0.0233537 -0.00522408 0)
(0.0230369 -0.00146803 0)
(0.0213043 0.00425181 0)
(0.0178757 0.0125992 0)
(0.0126901 0.0235444 0)
(0.00645807 0.0335908 0)
(0.000854441 0.028338 0)
(4.22616e-05 -0.0012594 0)
(0.000518055 -0.00392104 0)
(0.0014197 -0.00653996 0)
(0.00271038 -0.00896592 0)
(0.00433324 -0.0111012 0)
(0.00623676 -0.0128884 0)
(0.00836472 -0.0142804 0)
(0.0106453 -0.0152152 0)
(0.0129817 -0.0156064 0)
(0.0152469 -0.0153487 0)
(0.0172858 -0.014327 0)
(0.0189234 -0.0124109 0)
(0.0199734 -0.00941992 0)
(0.0202384 -0.00505918 0)
(0.0194771 0.00114743 0)
(0.0174643 0.00978223 0)
(0.0140786 0.0212018 0)
(0.00945432 0.0345302 0)
(0.00439548 0.0444759 0)
(0.000474368 0.0339838 0)
(3.17983e-05 -0.00172458 0)
(0.000368467 -0.00519911 0)
(0.00101352 -0.00854216 0)
(0.0019492 -0.0116136 0)
(0.00314658 -0.0143149 0)
(0.00457965 -0.0165799 0)
(0.00621521 -0.0183369 0)
(0.00799879 -0.019476 0)
(0.00984184 -0.0198453 0)
(0.011618 -0.0192747 0)
(0.0131735 -0.0176059 0)
(0.0143486 -0.0146939 0)
(0.0149963 -0.0103572 0)
(0.0149862 -0.00429148 0)
(0.0141342 0.00398539 0)
(0.0123341 0.0149344 0)
(0.00956585 0.028567 0)
(0.00604487 0.043244 0)
(0.00248672 0.0523482 0)
(0.000173738 0.0374543 0)
(3.94147e-06 -0.00196228 0)
(7.34864e-05 -0.00589596 0)
(0.000265182 -0.00969349 0)
(0.000595945 -0.013212 0)
(0.00108151 -0.0163474 0)
(0.00173307 -0.0190229 0)
(0.00255067 -0.0211336 0)
(0.00350711 -0.0225041 0)
(0.00453347 -0.0228976 0)
(0.00551983 -0.0220735 0)
(0.00633675 -0.0198502 0)
(0.00686757 -0.0161112 0)
(0.00703294 -0.0107205 0)
(0.00679112 -0.00339133 0)
(0.00602769 0.0063589 0)
(0.00478353 0.0188628 0)
(0.00315938 0.0337836 0)
(0.00142123 0.0488544 0)
(5.1117e-05 0.0566465 0)
(-0.000199939 0.0386403 0)
(-4.04866e-05 -0.00182473 0)
(-0.00034809 -0.00568605 0)
(-0.000787219 -0.00954241 0)
(-0.00130424 -0.013202 0)
(-0.00183958 -0.0165431 0)
(-0.00234601 -0.0194769 0)
(-0.00278791 -0.0218601 0)
(-0.00315665 -0.0234413 0)
(-0.00348259 -0.0238914 0)
(-0.00382523 -0.0229106 0)
(-0.0042418 -0.0203281 0)
(-0.00475328 -0.0160957 0)
(-0.00532875 -0.0101488 0)
(-0.00588843 -0.00224377 0)
(-0.00637264 0.00801797 0)
(-0.00653527 0.0207783 0)
(-0.00616875 0.0354357 0)
(-0.00505991 0.0494576 0)
(-0.00318326 0.0555852 0)
(-0.000654942 0.0368074 0)
(-8.69323e-05 -0.00120968 0)
(-0.000766257 -0.00432258 0)
(-0.0018766 -0.00769702 0)
(-0.00336395 -0.011022 0)
(-0.00515428 -0.0141475 0)
(-0.0071799 -0.0169814 0)
(-0.00937169 -0.019353 0)
(-0.0116672 -0.020949 0)
(-0.0140137 -0.0213813 0)
(-0.0163521 -0.020348 0)
(-0.0185897 -0.0177542 0)
(-0.0205819 -0.0136682 0)
(-0.0221339 -0.00813548 0)
(-0.0229985 -0.001019 0)
(-0.0228063 0.00793805 0)
(-0.0212216 0.0188501 0)
(-0.0180022 0.0311956 0)
(-0.0131229 0.0427523 0)
(-0.00718532 0.0473791 0)
(-0.0012419 0.0309965 0)
(-5.82379e-05 -0.000279397 0)
(-0.000758928 -0.00207119 0)
(-0.00218673 -0.00434218 0)
(-0.00433602 -0.00667525 0)
(-0.00716562 -0.00893083 0)
(-0.0106153 -0.0110519 0)
(-0.0145952 -0.0128936 0)
(-0.0189706 -0.0141615 0)
(-0.0235474 -0.0145029 0)
(-0.0280688 -0.013693 0)
(-0.0322309 -0.0117495 0)
(-0.0357061 -0.0088586 0)
(-0.0381576 -0.00517513 0)
(-0.0392179 -0.000659017 0)
(-0.038345 0.00494113 0)
(-0.035189 0.0118931 0)
(-0.0294166 0.019971 0)
(-0.0210743 0.0277339 0)
(-0.0112414 0.0311363 0)
(-0.00188018 0.0207586 0)
(7.85498e-05 0.000169133 0)
(-0.000124212 -0.00016666 0)
(-0.000990695 -0.000695932 0)
(-0.00257728 -0.00124081 0)
(-0.00488631 -0.00177071 0)
(-0.007894 -0.00229238 0)
(-0.0115557 -0.0027764 0)
(-0.0157522 -0.00313276 0)
(-0.0202406 -0.0032485 0)
(-0.0246699 -0.00306618 0)
(-0.0286641 -0.0026304 0)
(-0.0319098 -0.00205045 0)
(-0.0341815 -0.00141007 0)
(-0.0352817 -0.000687397 0)
(-0.0349473 0.000291975 0)
(-0.0327513 0.00180268 0)
(-0.0281594 0.0039638 0)
(-0.0209121 0.00649665 0)
(-0.0118249 0.00823352 0)
(-0.00281426 0.00627175 0)
)
;

boundaryField
{
    leftWall
    {
        type            fixedValue;
        value           uniform (0 0 0);
    }
    rightWall
    {
        type            fixedValue;
        value           uniform (0 0 0);
    }
    topWall
    {
        type            fixedValue;
        value           uniform (0 0 0);
    }
    bottomWall
    {
        type            fixedValue;
        value           uniform (0 0 0);
    }
    frontAndBackPlanes
    {
        type            empty;
    }
}


// ************************************************************************* //
