/*--------------------------------*- C++ -*----------------------------------*\
| =========                 |                                                 |
| \\      /  F ield         | OpenFOAM: The Open Source CFD Toolbox           |
|  \\    /   O peration     | Version:  2506                                  |
|   \\  /    A nd           | Website:  www.openfoam.com                      |
|    \\/     M anipulation  |                                                 |
\*---------------------------------------------------------------------------*/
FoamFile
{
    version     2.0;
    format      ascii;
    arch        "LSB;label=32;scalar=64";
    class       volVectorField;
    location    "73.4";
    object      U;
}
// * * * * * * * * * * * * * * * * * * * * * * * * * * * * * * * * * * * * * //

dimensions      [0 1 -1 0 0 0 0];

internalField   nonuniform List<vector> 
200
(
(0.000115848 -0.000604541 0)
(0.00113111 -0.000841509 0)
(0.00244805 -0.000693434 0)
(0.00365066 -0.000471029 0)
(0.00454238 -0.000283006 0)
(0.00517797 -0.000167238 0)
(0.00565355 -0.000128646 0)
(0.00606909 -0.000156143 0)
(0.00651179 -0.00023623 0)
(0.00705212 -0.000360047 0)
(0.00774614 -0.000525001 0)
(0.00863808 -0.000731849 0)
(0.00975628 -0.000976208 0)
(0.0110952 -0.00123185 0)
(0.0125697 -0.00142183 0)
(0.0139124 -0.00136674 0)
(0.0145132 -0.000695684 0)
(0.013432 0.00117851 0)
(0.0096905 0.00438151 0)
(0.00293915 0.00622093 0)
(0.000311974 -0.0026758 0)
(0.00217476 -0.00456045 0)
(0.00440652 -0.00453939 0)
(0.00650367 -0.00374205 0)
(0.00819832 -0.00281889 0)
(0.0094876 -0.00209668 0)
(0.0104775 -0.00168773 0)
(0.011295 -0.00158933 0)
(0.0120509 -0.00175221 0)
(0.0128285 -0.00211827 0)
(0.0136796 -0.00263279 0)
(0.0146216 -0.00323384 0)
(0.0156263 -0.00381793 0)
(0.0165925 -0.00417829 0)
(0.0173006 -0.00391563 0)
(0.0173566 -0.00233671 0)
(0.0161355 0.00157188 0)
(0.0129046 0.00860314 0)
(0.00758087 0.0172536 0)
(0.00131093 0.017888 0)
(0.000371145 -0.00525892 0)
(0.0024852 -0.00916384 0)
(0.00489659 -0.00932218 0)
(0.00712437 -0.00786642 0)
(0.00890391 -0.00608538 0)
(0.0102395 -0.0046117 0)
(0.0112387 -0.00366523 0)
(0.0120193 -0.00324592 0)
(0.0126757 -0.00325929 0)
(0.0132698 -0.00358423 0)
(0.0138318 -0.0040949 0)
(0.0143583 -0.00464295 0)
(0.0148025 -0.00500214 0)
(0.0150519 -0.00477921 0)
(0.014896 -0.00331196 0)
(0.01399 0.000374146 0)
(0.0119513 0.0072885 0)
(0.0085938 0.0175321 0)
(0.00434639 0.0276904 0)
(0.000530143 0.0243179 0)
(0.000378685 -0.00801976 0)
(0.0024352 -0.013838 0)
(0.00462876 -0.0139532 0)
(0.00653628 -0.0116884 0)
(0.00796161 -0.00898085 0)
(0.00895642 -0.00673583 0)
(0.00964412 -0.00523869 0)
(0.0101337 -0.00446057 0)
(0.010498 -0.00424754 0)
(0.0107775 -0.0044177 0)
(0.0109888 -0.00478862 0)
(0.0111277 -0.00514849 0)
(0.0111613 -0.00517874 0)
(0.0110088 -0.00434519 0)
(0.0105171 -0.00180871 0)
(0.00943931 0.00351358 0)
(0.00760354 0.012424 0)
(0.00500056 0.024371 0)
(0.00212898 0.0344618 0)
(0.000139121 0.0274858 0)
(0.000361683 -0.010627 0)
(0.00212562 -0.017923 0)
(0.00378498 -0.0176751 0)
(0.0050517 -0.0144795 0)
(0.00585495 -0.0108803 0)
(0.00631135 -0.00797403 0)
(0.0065555 -0.00604037 0)
(0.0066774 -0.00498125 0)
(0.00672271 -0.00457485 0)
(0.00671155 -0.00459342 0)
(0.00665299 -0.00482504 0)
(0.00654785 -0.00502443 0)
(0.00637939 -0.00481107 0)
(0.00609544 -0.00354551 0)
(0.00558605 -0.000262755 0)
(0.00470329 0.00612926 0)
(0.00340431 0.0162099 0)
(0.00180439 0.0288137 0)
(0.000336118 0.0380999 0)
(-0.000146834 0.0285121 0)
(0.000307067 -0.0128099 0)
(0.0014909 -0.0208645 0)
(0.00226776 -0.0198932 0)
(0.00258868 -0.0157533 0)
(0.00256406 -0.0114507 0)
(0.002366 -0.00813032 0)
(0.00211063 -0.00597926 0)
(0.00184641 -0.00480176 0)
(0.00158406 -0.00431859 0)
(0.00132437 -0.00428146 0)
(0.00106827 -0.00447048 0)
(0.000811814 -0.00461799 0)
(0.000536502 -0.00429024 0)
(0.000206781 -0.0027699 0)
(-0.000253659 0.000967776 0)
(-0.000830689 0.00791424 0)
(-0.00139128 0.0183558 0)
(-0.00169099 0.0306194 0)
(-0.00143583 0.0385802 0)
(-0.000365328 0.0276537 0)
(0.000184164 -0.0141249 0)
(0.000334838 -0.0218652 0)
(-0.000231427 -0.0198634 0)
(-0.00118084 -0.0149723 0)
(-0.00220043 -0.01037 0)
(-0.00312612 -0.00703718 0)
(-0.00391031 -0.00498107 0)
(-0.0045682 -0.00390785 0)
(-0.00513067 -0.00351153 0)
(-0.0056225 -0.00354659 0)
(-0.00606185 -0.00378985 0)
(-0.00646795 -0.00395029 0)
(-0.00686159 -0.00356592 0)
(-0.00724464 -0.00193579 0)
(-0.00755701 0.00182667 0)
(-0.00759271 0.00849142 0)
(-0.00705805 0.0181222 0)
(-0.00566879 0.0289765 0)
(-0.00342698 0.0354325 0)
(-0.000641885 0.0247321 0)
(-9.88989e-05 -0.0137766 0)
(-0.00165502 -0.0197262 0)
(-0.00402349 -0.016667 0)
(-0.00643139 -0.0116657 0)
(-0.00845659 -0.00746411 0)
(-0.0100262 -0.00465958 0)
(-0.011219 -0.00306743 0)
(-0.0121449 -0.00234317 0)
(-0.0128988 -0.0021943 0)
(-0.0135505 -0.00240046 0)
(-0.0141475 -0.00275662 0)
(-0.0147133 -0.00299463 0)
(-0.0152317 -0.00271369 0)
(-0.0156104 -0.00135308 0)
(-0.0156237 0.0017434 0)
(-0.0149071 0.00711851 0)
(-0.0130585 0.0147773 0)
(-0.00982313 0.0232947 0)
(-0.00551089 0.0282285 0)
(-0.000946471 0.0195923 0)
(-0.00067663 -0.0106485 0)
(-0.00452268 -0.0134393 0)
(-0.00868083 -0.0100119 0)
(-0.01213 -0.00602649 0)
(-0.0145402 -0.0031592 0)
(-0.0161099 -0.0015081 0)
(-0.0171363 -0.000751236 0)
(-0.0178626 -0.000566866 0)
(-0.0184591 -0.000728857 0)
(-0.0190348 -0.00108675 0)
(-0.0196507 -0.001513 0)
(-0.0203159 -0.00184695 0)
(-0.0209641 -0.00185253 0)
(-0.0214205 -0.00120214 0)
(-0.0213602 0.000502506 0)
(-0.0202727 0.00365156 0)
(-0.0176324 0.00833151 0)
(-0.0131405 0.0137388 0)
(-0.00726751 0.0171702 0)
(-0.00124612 0.0122988 0)
(-0.00167823 -0.00360237 0)
(-0.00618211 -0.00351395 0)
(-0.00979571 -0.00196142 0)
(-0.0120532 -0.000725652 0)
(-0.0131575 -5.3785e-05 0)
(-0.0135923 0.00022038 0)
(-0.0137279 0.00027012 0)
(-0.0137816 0.000204093 0)
(-0.0138744 8.00756e-05 0)
(-0.0140796 -7.4723e-05 0)
(-0.0144385 -0.000246638 0)
(-0.0149554 -0.000418379 0)
(-0.0155809 -0.000555245 0)
(-0.0161808 -0.000594453 0)
(-0.0164932 -0.000430407 0)
(-0.0161326 0.000104078 0)
(-0.0145708 0.00115947 0)
(-0.0113568 0.00268719 0)
(-0.00670445 0.0040619 0)
(-0.00161621 0.0034782 0)
)
;

boundaryField
{
    leftWall
    {
        type            fixedValue;
        value           uniform (0 0 0);
    }
    rightWall
    {
        type            fixedValue;
        value           uniform (0 0 0);
    }
    topWall
    {
        type            fixedValue;
        value           uniform (0 0 0);
    }
    bottomWall
    {
        type            fixedValue;
        value           uniform (0 0 0);
    }
    frontAndBackPlanes
    {
        type            empty;
    }
}


// ************************************************************************* //
