/*--------------------------------*- C++ -*----------------------------------*\
| =========                 |                                                 |
| \\      /  F ield         | OpenFOAM: The Open Source CFD Toolbox           |
|  \\    /   O peration     | Version:  2506                                  |
|   \\  /    A nd           | Website:  www.openfoam.com                      |
|    \\/     M anipulation  |                                                 |
\*---------------------------------------------------------------------------*/
FoamFile
{
    version     2.0;
    format      ascii;
    arch        "LSB;label=32;scalar=64";
    class       volVectorField;
    location    "65.2";
    object      U;
}
// * * * * * * * * * * * * * * * * * * * * * * * * * * * * * * * * * * * * * //

dimensions      [0 1 -1 0 0 0 0];

internalField   nonuniform List<vector> 
200
(
(3.69404e-05 -0.000483504 0)
(0.000852711 -0.000698909 0)
(0.00201299 -0.0006053 0)
(0.00312533 -0.000447558 0)
(0.00399987 -0.000304954 0)
(0.00467297 -0.000212021 0)
(0.00521521 -0.0001796 0)
(0.00570727 -0.000203982 0)
(0.00622547 -0.000277825 0)
(0.00683631 -0.000396414 0)
(0.00759645 -0.000559219 0)
(0.00855276 -0.000767187 0)
(0.00973589 -0.00101456 0)
(0.0111402 -0.00127254 0)
(0.0126768 -0.00146143 0)
(0.0140717 -0.00140042 0)
(0.014704 -0.00071813 0)
(0.0136242 0.0011807 0)
(0.00984151 0.00443099 0)
(0.00298727 0.00631739 0)
(0.000259819 -0.00221815 0)
(0.00188891 -0.00393709 0)
(0.00391771 -0.00409199 0)
(0.00588927 -0.00355303 0)
(0.00754914 -0.00284774 0)
(0.00887531 -0.00226669 0)
(0.00994639 -0.00192795 0)
(0.0108661 -0.00185029 0)
(0.0117303 -0.00200771 0)
(0.0126146 -0.00236056 0)
(0.0135685 -0.00286512 0)
(0.0146098 -0.00346246 0)
(0.0157103 -0.00404482 0)
(0.0167664 -0.0043958 0)
(0.0175515 -0.00410505 0)
(0.0176612 -0.00247153 0)
(0.016458 0.00152441 0)
(0.0131894 0.00868722 0)
(0.00776567 0.0175035 0)
(0.00134825 0.0182044 0)
(0.000334089 -0.00451505 0)
(0.00228235 -0.00814211 0)
(0.00456274 -0.00858125 0)
(0.00672232 -0.00754561 0)
(0.00850023 -0.00612693 0)
(0.00988373 -0.00489654 0)
(0.0109598 -0.00407995 0)
(0.0118301 -0.00370857 0)
(0.012579 -0.00372333 0)
(0.0132635 -0.00403187 0)
(0.0139125 -0.00452594 0)
(0.0145225 -0.00506237 0)
(0.0150462 -0.00540825 0)
(0.0153682 -0.00515429 0)
(0.015271 -0.00361811 0)
(0.0143981 0.000192338 0)
(0.0123441 0.00730286 0)
(0.00891178 0.0178025 0)
(0.00453483 0.0282199 0)
(0.000562797 0.0248551 0)
(0.000355987 -0.00709479 0)
(0.00233154 -0.0126016 0)
(0.00449003 -0.0130967 0)
(0.00640982 -0.011367 0)
(0.00788282 -0.00910744 0)
(0.00894262 -0.00715493 0)
(0.00969872 -0.00580827 0)
(0.0102528 -0.00508108 0)
(0.0106754 -0.00486414 0)
(0.0110078 -0.00501039 0)
(0.0112681 -0.00535781 0)
(0.0114535 -0.00569952 0)
(0.0115314 -0.00570719 0)
(0.0114191 -0.00482418 0)
(0.0109582 -0.00218057 0)
(0.00988621 0.00334137 0)
(0.00801129 0.0125545 0)
(0.00531429 0.0248739 0)
(0.00230544 0.0352934 0)
(0.000168259 0.0282323 0)
(0.000352977 -0.00962755 0)
(0.00211678 -0.0166617 0)
(0.00383009 -0.0168876 0)
(0.0051794 -0.0142869 0)
(0.00606644 -0.0111525 0)
(0.00659111 -0.00852687 0)
(0.00688309 -0.00672026 0)
(0.00703504 -0.00568889 0)
(0.00709833 -0.00526122 0)
(0.00709855 -0.00524524 0)
(0.00704865 -0.00544785 0)
(0.00695151 -0.00562628 0)
(0.00679064 -0.00538696 0)
(0.00651277 -0.00406288 0)
(0.00600989 -0.000649152 0)
(0.00510939 0.00600833 0)
(0.00375869 0.0164851 0)
(0.0020646 0.0295581 0)
(0.000479734 0.0392165 0)
(-0.000120258 0.02943 0)
(0.00031059 -0.0118298 0)
(0.0015605 -0.0197393 0)
(0.00245654 -0.0193176 0)
(0.0029006 -0.0157692 0)
(0.00296498 -0.0118823 0)
(0.00281405 -0.00878149 0)
(0.00257163 -0.00670525 0)
(0.00229851 -0.00552011 0)
(0.00201627 -0.00499632 0)
(0.00173287 -0.00491675 0)
(0.00145317 -0.00507561 0)
(0.00117454 -0.00520422 0)
(0.000876412 -0.00485286 0)
(0.000516415 -0.00327177 0)
(2.94157e-05 0.000613766 0)
(-0.000582772 0.00787591 0)
(-0.00119844 0.0187813 0)
(-0.00156532 0.0315743 0)
(-0.00137994 0.0399106 0)
(-0.000360289 0.0286752 0)
(0.000196243 -0.0132434 0)
(0.00045862 -0.0209896 0)
(4.25349e-05 -0.019572 0)
(-0.000787261 -0.0152019 0)
(-0.00175006 -0.0109114 0)
(-0.00267159 -0.00770836 0)
(-0.00348617 -0.00566858 0)
(-0.00419223 -0.00455815 0)
(-0.00480913 -0.00411113 0)
(-0.00535543 -0.00410399 0)
(-0.00584701 -0.00432088 0)
(-0.00630341 -0.00446487 0)
(-0.00674785 -0.00405335 0)
(-0.00718545 -0.00234789 0)
(-0.00755638 0.00159023 0)
(-0.00764256 0.00856803 0)
(-0.00713792 0.0186475 0)
(-0.00575098 0.0300056 0)
(-0.00348665 0.0367999 0)
(-0.0006569 0.0257493 0)
(-7.45638e-05 -0.0130509 0)
(-0.00148569 -0.019152 0)
(-0.00372177 -0.0166228 0)
(-0.00606267 -0.0120187 0)
(-0.00809116 -0.00800854 0)
(-0.00971381 -0.00524965 0)
(-0.0109863 -0.00362819 0)
(-0.012002 -0.00284924 0)
(-0.0128458 -0.00264817 0)
(-0.0135836 -0.00281687 0)
(-0.0142626 -0.00315133 0)
(-0.0149078 -0.00337391 0)
(-0.0155038 -0.0030633 0)
(-0.0159563 -0.00162785 0)
(-0.016031 0.0016241 0)
(-0.01534 0.00725892 0)
(-0.0134649 0.0152832 0)
(-0.010143 0.0242116 0)
(-0.00569808 0.0294168 0)
(-0.000981869 0.020466 0)
(-0.000633245 -0.0101363 0)
(-0.00430698 -0.013157 0)
(-0.00837655 -0.0101291 0)
(-0.0118395 -0.00638003 0)
(-0.0143382 -0.00358586 0)
(-0.0160314 -0.00191573 0)
(-0.0171889 -0.00110482 0)
(-0.0180396 -0.000863526 0)
(-0.0187482 -0.000980912 0)
(-0.0194255 -0.00131135 0)
(-0.0201366 -0.00172464 0)
(-0.0208932 -0.00205141 0)
(-0.0216278 -0.00204133 0)
(-0.0221587 -0.00134814 0)
(-0.0221462 0.000446275 0)
(-0.0210532 0.00374856 0)
(-0.0183341 0.0086555 0)
(-0.0136777 0.0143306 0)
(-0.00757403 0.0179513 0)
(-0.00130194 0.0128883 0)
(-0.00158778 -0.00341679 0)
(-0.00592617 -0.0034495 0)
(-0.00953091 -0.00202523 0)
(-0.0118851 -0.000841006 0)
(-0.0131259 -0.000169388 0)
(-0.0136937 0.000124489 0)
(-0.0139415 0.000197248 0)
(-0.014086 0.000151232 0)
(-0.0142542 4.13627e-05 0)
(-0.014525 -0.000106377 0)
(-0.0149444 -0.000277471 0)
(-0.0155205 -0.000452449 0)
(-0.0162048 -0.000593426 0)
(-0.0168589 -0.000633334 0)
(-0.0172102 -0.000461046 0)
(-0.0168551 9.82392e-05 0)
(-0.0152397 0.00120742 0)
(-0.0118912 0.0028165 0)
(-0.00703009 0.00426732 0)
(-0.00169929 0.00365974 0)
)
;

boundaryField
{
    leftWall
    {
        type            fixedValue;
        value           uniform (0 0 0);
    }
    rightWall
    {
        type            fixedValue;
        value           uniform (0 0 0);
    }
    topWall
    {
        type            fixedValue;
        value           uniform (0 0 0);
    }
    bottomWall
    {
        type            fixedValue;
        value           uniform (0 0 0);
    }
    frontAndBackPlanes
    {
        type            empty;
    }
}


// ************************************************************************* //
