/*--------------------------------*- C++ -*----------------------------------*\
| =========                 |                                                 |
| \\      /  F ield         | OpenFOAM: The Open Source CFD Toolbox           |
|  \\    /   O peration     | Version:  2506                                  |
|   \\  /    A nd           | Website:  www.openfoam.com                      |
|    \\/     M anipulation  |                                                 |
\*---------------------------------------------------------------------------*/
FoamFile
{
    version     2.0;
    format      ascii;
    arch        "LSB;label=32;scalar=64";
    class       surfaceScalarField;
    location    "12.2";
    object      phi;
}
// * * * * * * * * * * * * * * * * * * * * * * * * * * * * * * * * * * * * * //

dimensions      [1 0 -1 0 0 0 0];

oriented        oriented;

internalField   nonuniform List<scalar> 
370
(
-8.58114e-05
-2.88521e-05
-2.59368e-05
-5.98823e-05
6.69675e-05
-9.29176e-05
0.000197046
-0.000130097
0.000362274
-0.00016525
0.000560817
-0.000198569
0.000792344
-0.000231554
0.00105765
-0.000265336
0.00135789
-0.000300263
0.00169349
-0.000335636
0.00206287
-0.0003694
0.00246052
-0.00039768
0.00287442
-0.000413927
0.0032805
-0.000406087
0.00363196
-0.000351457
0.00383742
-0.000205409
0.00372762
0.000109931
0.00308465
0.000643184
0.00168911
0.00139581
0.0016893
9.87786e-06
-3.87258e-05
9.14337e-05
-0.000141429
0.000247239
-0.000248716
0.000469968
-0.000352826
0.000753633
-0.000448924
0.00109287
-0.000537818
0.00148339
-0.000622093
0.00192135
-0.00070331
0.00240156
-0.000780495
0.0029151
-0.000849194
0.00344627
-0.000900587
0.00396892
-0.000920342
0.00444165
-0.000886673
0.00480213
-0.00076657
0.00495973
-0.000509044
0.00479203
-3.768e-05
0.00414979
0.000752222
0.00289587
0.00189719
0.00118927
0.0031025
0.00287862
2.81653e-05
-6.68785e-05
0.000124514
-0.00023775
0.000292965
-0.000417139
0.000527722
-0.000587565
0.000821957
-0.000743151
0.00116955
-0.000885409
0.00156511
-0.00101766
0.00200281
-0.00114102
0.00247419
-0.00125188
0.0029653
-0.00134032
0.00345347
-0.00138876
0.00390372
-0.0013706
0.00426545
-0.00124841
0.0044699
-0.00097101
0.00443013
-0.000469247
0.00404746
0.000345031
0.00325068
0.00154906
0.00206007
0.00308786
0.000747454
0.00441513
0.00362607
2.13393e-05
-8.81972e-05
9.82177e-05
-0.000314581
0.000233
-0.000551874
0.00042219
-0.000776722
0.000660524
-0.000981468
0.000943325
-0.0011682
0.00126678
-0.00134112
0.00162659
-0.00150084
0.00201561
-0.00164091
0.00242077
-0.00174549
0.00281973
-0.00178772
0.00317783
-0.00172871
0.00344648
-0.00151705
0.00356391
-0.00108841
0.00346025
-0.000365534
0.00307073
0.000734645
0.00236705
0.00225288
0.00141455
0.00404048
0.000465772
0.00536398
0.00409187
3.50274e-06
-9.1672e-05
3.48641e-05
-0.00034588
0.000102826
-0.000619772
0.000207916
-0.000881767
0.000348015
-0.00112154
0.000521688
-0.00134186
0.00072892
-0.00154834
0.000970172
-0.00174209
0.00124315
-0.00191389
0.00153999
-0.00204232
0.0018433
-0.00209101
0.00212307
-0.00200846
0.00233609
-0.00173002
0.00242933
-0.00118158
0.00234825
-0.000284323
0.0020499
0.00103321
0.0015293
0.00277377
0.000861775
0.00470833
0.000250539
0.00597551
0.0043426
-2.20129e-05
-6.96249e-05
-5.10571e-05
-0.000316759
-7.0837e-05
-0.000599914
-7.63469e-05
-0.000876202
-6.6049e-05
-0.00113181
-3.72906e-05
-0.00137061
1.49994e-05
-0.00160062
9.69751e-05
-0.00182406
0.000214306
-0.00203121
0.00036744
-0.00219543
0.000547382
-0.0022709
0.000732281
-0.00219325
0.000887424
-0.00188498
0.000970575
-0.00126448
0.000942853
-0.000256287
0.000783333
0.0011932
0.000512705
0.00304506
0.000213013
0.0050088
1.50829e-05
0.00617419
0.00435815
-4.72943e-05
-2.22917e-05
-0.000138875
-0.000225091
-0.000253135
-0.000485566
-0.000383539
-0.000745736
-0.000526842
-0.000988466
-0.00067761
-0.00121981
-0.000826707
-0.0014515
-0.00096181
-0.00168893
-0.00106982
-0.00192316
-0.00114018
-0.00212499
-0.00116951
-0.00224138
-0.00116479
-0.0021976
-0.00114194
-0.00190722
-0.00111824
-0.00128738
-0.00110006
-0.000273552
-0.00106491
0.00115925
-0.000957795
0.0029394
-0.000711683
0.00476428
-0.000324203
0.00578814
0.00403468
-5.73114e-05
3.50627e-05
-0.000185751
-9.65548e-05
-0.000373383
-0.000297836
-0.000618155
-0.000500892
-0.000917889
-0.000688684
-0.00126716
-0.000870513
-0.00165692
-0.00106171
-0.00207439
-0.00127141
-0.00250297
-0.00149447
-0.00292317
-0.00170453
-0.00331415
-0.00184984
-0.00365387
-0.00185681
-0.00391498
-0.00164444
-0.00405667
-0.0011435
-0.00401751
-0.000310233
-0.00370895
0.000853346
-0.00304786
0.00228102
-0.00201815
0.00373716
-0.00080202
0.00457416
0.00323368
-2.3453e-05
5.85647e-05
-0.000115852
-4.04334e-06
-0.000310063
-0.000103509
-0.000607023
-0.000203845
-0.00100331
-0.000292334
-0.00149541
-0.000378365
-0.00208261
-0.000474456
-0.00276479
-0.000589142
-0.00353655
-0.00072249
-0.00437983
-0.000860707
-0.00525639
-0.000972074
-0.0061008
-0.00101013
-0.00681578
-0.000925976
-0.00727056
-0.000684288
-0.00730915
-0.00026684
-0.00676984
0.000318574
-0.00553284
0.0010481
-0.00362719
0.00183505
-0.00141349
0.00236322
0.00182149
5.86235e-05
5.47153e-05
-4.86541e-05
-0.000252393
-0.000544655
-0.000922967
-0.00139737
-0.00198643
-0.00270871
-0.00356883
-0.00453948
-0.00554678
-0.00646826
-0.00714667
-0.00740705
-0.00708232
-0.00602885
-0.00418944
-0.00182303
)
;

boundaryField
{
    leftWall
    {
        type            calculated;
        value           nonuniform List<scalar> 10(0 0 0 -6.77626e-21 -1.35525e-20 0 0 0 0 0);
    }
    rightWall
    {
        type            calculated;
        value           uniform 0;
    }
    topWall
    {
        type            calculated;
        value           uniform 0;
    }
    bottomWall
    {
        type            calculated;
        value           uniform 0;
    }
    frontAndBackPlanes
    {
        type            empty;
    }
}


// ************************************************************************* //
