/*--------------------------------*- C++ -*----------------------------------*\
| =========                 |                                                 |
| \\      /  F ield         | OpenFOAM: The Open Source CFD Toolbox           |
|  \\    /   O peration     | Version:  2506                                  |
|   \\  /    A nd           | Website:  www.openfoam.com                      |
|    \\/     M anipulation  |                                                 |
\*---------------------------------------------------------------------------*/
FoamFile
{
    version     2.0;
    format      ascii;
    arch        "LSB;label=32;scalar=64";
    class       volVectorField;
    location    "12.2";
    object      U;
}
// * * * * * * * * * * * * * * * * * * * * * * * * * * * * * * * * * * * * * //

dimensions      [0 1 -1 0 0 0 0];

internalField   nonuniform List<vector> 
200
(
(-0.00025443 -0.000124672 0)
(-0.000295945 -0.000193513 0)
(2.35684e-05 -0.000215597 0)
(0.000524277 -0.00028121 0)
(0.00113717 -0.000353319 0)
(0.00189304 -0.000423796 0)
(0.00278874 -0.000498466 0)
(0.00382357 -0.000582554 0)
(0.00500179 -0.000679686 0)
(0.00632798 -0.000791994 0)
(0.00780135 -0.000919589 0)
(0.00940958 -0.00105914 0)
(0.0111207 -0.00120067 0)
(0.012869 -0.00131998 0)
(0.0145221 -0.00135872 0)
(0.0158019 -0.00117368 0)
(0.0161532 -0.000430297 0)
(0.0146936 0.00146107 0)
(0.0104842 0.00471671 0)
(0.00315112 0.00664582 0)
(-2.41577e-05 -0.000281655 0)
(0.000130656 -0.000824949 0)
(0.000637201 -0.00138036 0)
(0.00143361 -0.00194754 0)
(0.0024935 -0.00247871 0)
(0.00379532 -0.00297874 0)
(0.00531936 -0.00346547 0)
(0.00704954 -0.00395238 0)
(0.00896891 -0.00444059 0)
(0.0110507 -0.00491373 0)
(0.0132467 -0.00533291 0)
(0.0154734 -0.00562913 0)
(0.0175946 -0.00568898 0)
(0.0194007 -0.00532575 0)
(0.0205845 -0.0042215 0)
(0.0207095 -0.0018271 0)
(0.0191333 0.00274003 0)
(0.0151813 0.0102196 0)
(0.00888688 0.0191746 0)
(0.00155302 0.0195976 0)
(1.3996e-05 -0.000432043 0)
(0.000251914 -0.00157269 0)
(0.000802028 -0.002791 0)
(0.00164782 -0.00395427 0)
(0.00275636 -0.00501926 0)
(0.00409906 -0.0059973 0)
(0.00565249 -0.00691375 0)
(0.0073949 -0.0077805 0)
(0.00929881 -0.00857979 0)
(0.0113204 -0.00925337 0)
(0.0133867 -0.00969296 0)
(0.0153806 -0.00972864 0)
(0.0171272 -0.00911089 0)
(0.0183815 -0.00747912 0)
(0.0188214 -0.00431114 0)
(0.0180292 0.00112587 0)
(0.0155967 0.00960957 0)
(0.0113637 0.0210878 0)
(0.00590536 0.0319489 0)
(0.000797464 0.0276915 0)
(7.04027e-06 -0.000668228 0)
(0.00019655 -0.00236925 0)
(0.000635358 -0.00414416 0)
(0.00131434 -0.00582249 0)
(0.00220987 -0.00734992 0)
(0.00329961 -0.00874188 0)
(0.00456629 -0.0100291 0)
(0.00599466 -0.0112179 0)
(0.00756335 -0.012266 0)
(0.00923315 -0.013066 0)
(0.0109333 -0.0134333 0)
(0.0125476 -0.0130948 0)
(0.0139039 -0.0116779 0)
(0.014773 -0.0086937 0)
(0.0148795 -0.00351745 0)
(0.0138974 0.00458527 0)
(0.0116134 0.0161091 0)
(0.00804044 0.0301943 0)
(0.00383193 0.0414292 0)
(0.000425638 0.0327127 0)
(-7.51885e-06 -0.000787824 0)
(4.64573e-05 -0.00285546 0)
(0.000251979 -0.00503733 0)
(0.000613594 -0.00710742 0)
(0.00112588 -0.00899335 0)
(0.00178022 -0.0107154 0)
(0.00257348 -0.0123128 0)
(0.0035081 -0.0137906 0)
(0.00458283 -0.0150822 0)
(0.00577958 -0.0160314 0)
(0.00704892 -0.0163747 0)
(0.00829412 -0.0157363 0)
(0.00936259 -0.0136326 0)
(0.0100533 -0.00948371 0)
(0.0101418 -0.00263107 0)
(0.00937632 0.00757497 0)
(0.00765003 0.0213277 0)
(0.00505957 0.037042 0)
(0.00218419 0.0479896 0)
(0.00017697 0.0357061 0)
(-2.72101e-05 -0.000716611 0)
(-0.000157232 -0.00288053 0)
(-0.000262581 -0.00526313 0)
(-0.000318059 -0.00755852 0)
(-0.000310246 -0.00966868 0)
(-0.000232482 -0.0116206 0)
(-7.07665e-05 -0.0134694 0)
(0.000202916 -0.0152273 0)
(0.000615771 -0.0168118 0)
(0.0011805 -0.0180204 0)
(0.00188333 -0.0185081 0)
(0.00266207 -0.0177895 0)
(0.00339812 -0.0152686 0)
(0.0039304 -0.0102902 0)
(0.00409497 -0.00219784 0)
(0.00371042 0.00953712 0)
(0.00278876 0.0247877 0)
(0.00151802 0.0413425 0)
(0.000312781 0.0516354 0)
(-0.000106401 0.0369025 0)
(-4.99463e-05 -0.000418767 0)
(-0.000364934 -0.00236302 0)
(-0.00079342 -0.00469748 0)
(-0.00130673 -0.00700239 0)
(-0.0018814 -0.00914741 0)
(-0.00250021 -0.0111718 0)
(-0.00313389 -0.0131556 0)
(-0.00373712 -0.0151277 0)
(-0.00425519 -0.0170075 0)
(-0.00463675 -0.0185576 0)
(-0.00485128 -0.0193591 0)
(-0.00490622 -0.0188203 0)
(-0.00485095 -0.016238 0)
(-0.0047556 -0.0108979 0)
(-0.00465903 -0.00218429 0)
(-0.00456319 0.0102276 0)
(-0.00428152 0.0258272 0)
(-0.00354661 0.0420109 0)
(-0.00225364 0.051225 0)
(-0.000457324 0.0357936 0)
(-5.61369e-05 5.79503e-05 0)
(-0.000454166 -0.00136731 0)
(-0.00110368 -0.00335644 0)
(-0.00200512 -0.00536714 0)
(-0.00314337 -0.00724667 0)
(-0.00450109 -0.00905716 0)
(-0.0060488 -0.010914 0)
(-0.00774172 -0.0128783 0)
(-0.00951953 -0.014886 0)
(-0.0113088 -0.0166913 0)
(-0.0130286 -0.0178336 0)
(-0.0145934 -0.0176605 0)
(-0.0159043 -0.0154331 0)
(-0.0168218 -0.0104797 0)
(-0.0171195 -0.00233821 0)
(-0.0164183 0.00905875 0)
(-0.0143607 0.0230146 0)
(-0.0107298 0.0371442 0)
(-0.00596333 0.0449624 0)
(-0.00102857 0.0312934 0)
(-7.46341e-06 0.000485458 0)
(-0.000209823 -0.000268758 0)
(-0.000789704 -0.00160678 0)
(-0.00181048 -0.00295581 0)
(-0.00325761 -0.00418986 0)
(-0.00510917 -0.0053955 0)
(-0.0073561 -0.00670828 0)
(-0.0100006 -0.00821605 0)
(-0.0130382 -0.0098949 0)
(-0.01643 -0.0115519 0)
(-0.0200696 -0.0127889 0)
(-0.0237484 -0.013038 0)
(-0.0271297 -0.0116969 0)
(-0.0297416 -0.00829997 0)
(-0.0309792 -0.00261547 0)
(-0.0300038 0.00533598 0)
(-0.026199 0.0150945 0)
(-0.0194382 0.0250962 0)
(-0.0106706 0.0310115 0)
(-0.00183602 0.0221983 0)
(0.00013957 0.000317026 0)
(0.000307561 0.000161609 0)
(9.89897e-05 -0.000181103 0)
(-0.000541208 -0.000492385 0)
(-0.0015792 -0.000747501 0)
(-0.00297298 -0.000992369 0)
(-0.00473782 -0.00128222 0)
(-0.00693853 -0.00165766 0)
(-0.0096633 -0.002129 0)
(-0.0129756 -0.00265643 0)
(-0.0168427 -0.00313135 0)
(-0.0210613 -0.00338459 0)
(-0.0252187 -0.00324041 0)
(-0.0287197 -0.00258164 0)
(-0.0308504 -0.00135293 0)
(-0.0308375 0.000525271 0)
(-0.0279301 0.00317991 0)
(-0.0216931 0.00638369 0)
(-0.012821 0.00889273 0)
(-0.00324943 0.00725079 0)
)
;

boundaryField
{
    leftWall
    {
        type            fixedValue;
        value           uniform (0 0 0);
    }
    rightWall
    {
        type            fixedValue;
        value           uniform (0 0 0);
    }
    topWall
    {
        type            fixedValue;
        value           uniform (0 0 0);
    }
    bottomWall
    {
        type            fixedValue;
        value           uniform (0 0 0);
    }
    frontAndBackPlanes
    {
        type            empty;
    }
}


// ************************************************************************* //
