/*--------------------------------*- C++ -*----------------------------------*\
| =========                 |                                                 |
| \\      /  F ield         | OpenFOAM: The Open Source CFD Toolbox           |
|  \\    /   O peration     | Version:  2506                                  |
|   \\  /    A nd           | Website:  www.openfoam.com                      |
|    \\/     M anipulation  |                                                 |
\*---------------------------------------------------------------------------*/
FoamFile
{
    version     2.0;
    format      ascii;
    arch        "LSB;label=32;scalar=64";
    class       volVectorField;
    location    "3.2";
    object      U;
}
// * * * * * * * * * * * * * * * * * * * * * * * * * * * * * * * * * * * * * //

dimensions      [0 1 -1 0 0 0 0];

internalField   nonuniform List<vector> 
200
(
(-0.000465059 -0.00030624 0)
(-0.000701781 -0.000343012 0)
(-0.000535405 -0.000210212 0)
(-0.000301705 -0.00017398 0)
(-0.000132845 -0.000171624 0)
(6.82317e-05 -0.000175024 0)
(0.000303062 -0.000183254 0)
(0.000565546 -0.000197663 0)
(0.00085737 -0.000220908 0)
(0.00118734 -0.000256819 0)
(0.00157025 -0.000310091 0)
(0.00202624 -0.000386262 0)
(0.00257993 -0.000491405 0)
(0.00325771 -0.000629622 0)
(0.00408134 -0.000794403 0)
(0.00504654 -0.000944782 0)
(0.00604023 -0.00093768 0)
(0.006617 -0.000353755 0)
(0.00586367 0.00163126 0)
(0.00213575 0.00451045 0)
(-6.45617e-05 -0.000251737 0)
(-0.000260145 -0.000353488 0)
(-0.000307179 -0.00035689 0)
(-0.000271396 -0.000457802 0)
(-0.000150445 -0.000588248 0)
(5.72795e-05 -0.000714147 0)
(0.000336734 -0.000824136 0)
(0.000670776 -0.000926419 0)
(0.00104984 -0.00103963 0)
(0.00147241 -0.00118369 0)
(0.00194238 -0.00137526 0)
(0.00246515 -0.00162574 0)
(0.00304257 -0.00193708 0)
(0.00366558 -0.00228907 0)
(0.00430035 -0.00260634 0)
(0.00486044 -0.00267977 0)
(0.00515976 -0.0019972 0)
(0.00487055 0.000518743 0)
(0.00353275 0.00620953 0)
(0.0007544 0.0116945 0)
(-2.91924e-05 0.000115368 0)
(-0.000167309 1.17918e-05 0)
(-0.000229606 -0.000223411 0)
(-0.00021343 -0.000534222 0)
(-0.000119929 -0.000862993 0)
(4.41969e-05 -0.00115761 0)
(0.000266794 -0.00139937 0)
(0.00053491 -0.0016026 0)
(0.000838694 -0.00179747 0)
(0.00117186 -0.0020132 0)
(0.00152982 -0.00226916 0)
(0.00190637 -0.00256973 0)
(0.00228923 -0.00289632 0)
(0.00265421 -0.0031886 0)
(0.00295695 -0.00330274 0)
(0.00311973 -0.0029229 0)
(0.00301767 -0.00139713 0)
(0.00250654 0.00242437 0)
(0.00158525 0.00947691 0)
(0.000270151 0.0146802 0)
(-2.28461e-05 0.00023811 0)
(-0.000103227 0.000104567 0)
(-0.000136722 -0.00021915 0)
(-0.000126348 -0.000634002 0)
(-7.05405e-05 -0.00107079 0)
(2.76267e-05 -0.00146479 0)
(0.000161691 -0.00178929 0)
(0.000324129 -0.00205772 0)
(0.000508213 -0.00230294 0)
(0.000708251 -0.00255623 0)
(0.00091861 -0.00283521 0)
(0.00113184 -0.00313656 0)
(0.00133618 -0.00342628 0)
(0.00151295 -0.00361938 0)
(0.00163363 -0.00353799 0)
(0.00165474 -0.00282749 0)
(0.00151312 -0.000811165 0)
(0.00116031 0.00361533 0)
(0.000684804 0.0111423 0)
(9.68205e-05 0.0159306 0)
(-1.91149e-05 0.000358614 0)
(-8.85305e-05 0.000202339 0)
(-0.000118006 -0.000192517 0)
(-0.000120298 -0.000677208 0)
(-9.9855e-05 -0.00117659 0)
(-6.16922e-05 -0.00162433 0)
(-1.00208e-05 -0.00199266 0)
(5.20044e-05 -0.00229526 0)
(0.000122014 -0.00256571 0)
(0.000198164 -0.00283562 0)
(0.000278673 -0.00312111 0)
(0.000361071 -0.0034146 0)
(0.000441248 -0.00367444 0)
(0.000512687 -0.00380444 0)
(0.000565764 -0.00361287 0)
(0.000583676 -0.00273231 0)
(0.000534093 -0.000484042 0)
(0.000390938 0.00420335 0)
(0.0002425 0.0119011 0)
(2.25975e-05 0.0164678 0)
(-2.07294e-05 0.000477851 0)
(-9.13843e-05 0.000299151 0)
(-0.000124754 -0.000149758 0)
(-0.000143886 -0.00067014 0)
(-0.000160075 -0.00118826 0)
(-0.000181237 -0.00164516 0)
(-0.000210268 -0.00201816 0)
(-0.000246569 -0.00232397 0)
(-0.000287903 -0.00259805 0)
(-0.00033125 -0.00287307 0)
(-0.000372905 -0.00316563 0)
(-0.000408286 -0.00346806 0)
(-0.000431644 -0.00373759 0)
(-0.000435591 -0.0038752 0)
(-0.000411203 -0.00368336 0)
(-0.000353732 -0.00278461 0)
(-0.000278061 -0.000486802 0)
(-0.000208907 0.00428782 0)
(-7.36234e-05 0.0120787 0)
(-2.59853e-05 0.0166263 0)
(-2.06014e-05 0.000599703 0)
(-7.85268e-05 0.000400216 0)
(-0.00010199 -8.57281e-05 0)
(-0.000129843 -0.000607156 0)
(-0.000181909 -0.00109902 0)
(-0.000267054 -0.00151918 0)
(-0.000384691 -0.00185657 0)
(-0.000529169 -0.00213395 0)
(-0.000693471 -0.00238959 0)
(-0.000870453 -0.00265807 0)
(-0.00105223 -0.0029588 0)
(-0.0012286 -0.00328862 0)
(-0.0013849 -0.00361086 0)
(-0.00149924 -0.00383273 0)
(-0.00154063 -0.00375906 0)
(-0.00147574 -0.00300312 0)
(-0.00129094 -0.000841958 0)
(-0.000989002 0.00385636 0)
(-0.00050759 0.0116788 0)
(-9.46482e-05 0.0164071 0)
(-1.03891e-05 0.000679106 0)
(-1.06383e-05 0.000439719 0)
(6.72605e-06 -5.27348e-05 0)
(-1.83794e-05 -0.000517081 0)
(-0.000109074 -0.000917294 0)
(-0.000268387 -0.00124118 0)
(-0.000486939 -0.00149482 0)
(-0.000752154 -0.00170621 0)
(-0.00105343 -0.00191331 0)
(-0.00138318 -0.00215031 0)
(-0.00173497 -0.0024398 0)
(-0.00209997 -0.00278766 0)
(-0.00246212 -0.00317337 0)
(-0.00279101 -0.00352709 0)
(-0.00303394 -0.00367913 0)
(-0.00311543 -0.00325786 0)
(-0.00295165 -0.00151777 0)
(-0.00244151 0.00276948 0)
(-0.00145042 0.0103637 0)
(-0.000268909 0.015457 0)
(2.5845e-05 0.000628912 0)
(0.000149715 0.000339395 0)
(0.000215043 -7.34008e-05 0)
(0.00017673 -0.00037793 0)
(3.50497e-05 -0.000599782 0)
(-0.000196948 -0.000764759 0)
(-0.000499821 -0.000891644 0)
(-0.000856432 -0.00100497 0)
(-0.00125822 -0.00113277 0)
(-0.00170491 -0.00130122 0)
(-0.00220174 -0.00153212 0)
(-0.00275533 -0.0018414 0)
(-0.00336787 -0.00223356 0)
(-0.00402715 -0.00268378 0)
(-0.0046904 -0.00309245 0)
(-0.00526427 -0.00318264 0)
(-0.00557248 -0.00230217 0)
(-0.00525508 0.000793712 0)
(-0.00368404 0.00725592 0)
(-0.000800438 0.0126324 0)
(0.00012121 0.000253839 0)
(0.000333527 8.39668e-05 0)
(0.000366018 -6.28484e-05 0)
(0.000272007 -0.000132078 0)
(0.0001018 -0.000164418 0)
(-0.000116804 -0.000183629 0)
(-0.00037119 -0.000199533 0)
(-0.000656619 -0.000218898 0)
(-0.000975941 -0.00024797 0)
(-0.00134039 -0.000293018 0)
(-0.00176932 -0.000360914 0)
(-0.0022897 -0.000459755 0)
(-0.00293475 -0.0005983 0)
(-0.00373989 -0.00078099 0)
(-0.00473407 -0.000992441 0)
(-0.00591306 -0.00115928 0)
(-0.00712152 -0.00106213 0)
(-0.00773864 -0.000174472 0)
(-0.00654679 0.00225096 0)
(-0.00236388 0.00504748 0)
)
;

boundaryField
{
    leftWall
    {
        type            fixedValue;
        value           uniform (0 0 0);
    }
    rightWall
    {
        type            fixedValue;
        value           uniform (0 0 0);
    }
    topWall
    {
        type            fixedValue;
        value           uniform (0 0 0);
    }
    bottomWall
    {
        type            fixedValue;
        value           uniform (0 0 0);
    }
    frontAndBackPlanes
    {
        type            empty;
    }
}


// ************************************************************************* //
