/*--------------------------------*- C++ -*----------------------------------*\
| =========                 |                                                 |
| \\      /  F ield         | OpenFOAM: The Open Source CFD Toolbox           |
|  \\    /   O peration     | Version:  2506                                  |
|   \\  /    A nd           | Website:  www.openfoam.com                      |
|    \\/     M anipulation  |                                                 |
\*---------------------------------------------------------------------------*/
FoamFile
{
    version     2.0;
    format      ascii;
    arch        "LSB;label=32;scalar=64";
    class       volVectorField;
    location    "87.4";
    object      U;
}
// * * * * * * * * * * * * * * * * * * * * * * * * * * * * * * * * * * * * * //

dimensions      [0 1 -1 0 0 0 0];

internalField   nonuniform List<vector> 
200
(
(0.000241998 -0.000810244 0)
(0.00158157 -0.0010796 0)
(0.00315732 -0.00084067 0)
(0.00450923 -0.000512991 0)
(0.00543424 -0.000250986 0)
(0.00601659 -9.72745e-05 0)
(0.00639185 -4.72954e-05 0)
(0.00668982 -7.84136e-05 0)
(0.00701496 -0.000167609 0)
(0.00744474 -0.000299678 0)
(0.00803531 -0.000468785 0)
(0.00882736 -0.00067502 0)
(0.00984555 -0.000915294 0)
(0.0110832 -0.00116623 0)
(0.0124575 -0.00135426 0)
(0.0137088 -0.00130241 0)
(0.0142439 -0.000643388 0)
(0.01314 0.0011911 0)
(0.00944735 0.00430802 0)
(0.00285784 0.00605663 0)
(0.000390193 -0.00341656 0)
(0.00260758 -0.00556196 0)
(0.00515146 -0.00526325 0)
(0.00744701 -0.00406228 0)
(0.00920521 -0.00279839 0)
(0.0104504 -0.00185268 0)
(0.0113285 -0.00132876 0)
(0.0120004 -0.00119211 0)
(0.0125999 -0.00135902 0)
(0.013222 -0.00174392 0)
(0.0139227 -0.00227499 0)
(0.0147198 -0.00288397 0)
(0.0155846 -0.00347053 0)
(0.0164183 -0.00383844 0)
(0.0170086 -0.00360273 0)
(0.0169748 -0.00208445 0)
(0.0157082 0.00170973 0)
(0.0125106 0.00853774 0)
(0.00731675 0.0168995 0)
(0.00125666 0.0173829 0)
(0.000422163 -0.00641355 0)
(0.0027662 -0.0107484 0)
(0.00536146 -0.0104836 0)
(0.00768795 -0.00839526 0)
(0.00947494 -0.00606728 0)
(0.0107497 -0.00422242 0)
(0.0116476 -0.00307247 0)
(0.0123088 -0.00257219 0)
(0.0128411 -0.00257638 0)
(0.0133135 -0.00292255 0)
(0.0137585 -0.00345842 0)
(0.0141729 -0.00402533 0)
(0.0145103 -0.0044018 0)
(0.0146609 -0.00421213 0)
(0.0144226 -0.00282079 0)
(0.0134641 0.000716239 0)
(0.0114371 0.0073666 0)
(0.00817172 0.017229 0)
(0.00409414 0.026957 0)
(0.000486743 0.0235085 0)
(0.000406617 -0.00941066 0)
(0.00255667 -0.0156979 0)
(0.00478053 -0.0152567 0)
(0.00665788 -0.0122086 0)
(0.00801078 -0.00884454 0)
(0.00891556 -0.00616777 0)
(0.00951358 -0.00444387 0)
(0.00992241 -0.00358356 0)
(0.0102164 -0.00337006 0)
(0.0104343 -0.00357255 0)
(0.0105898 -0.00397888 0)
(0.0106767 -0.00436676 0)
(0.010661 -0.00442528 0)
(0.0104631 -0.00364515 0)
(0.00993616 -0.00122904 0)
(0.00885351 0.00384843 0)
(0.00706953 0.0123563 0)
(0.00459006 0.0237646 0)
(0.00190075 0.0333281 0)
(0.000103214 0.0264039 0)
(0.000368714 -0.0120893 0)
(0.00210559 -0.0197644 0)
(0.0036629 -0.0188374 0)
(0.00479514 -0.0147908 0)
(0.00547132 -0.0105289 0)
(0.00583068 -0.00722262 0)
(0.00601305 -0.00510659 0)
(0.00610268 -0.00400538 0)
(0.00613546 -0.00362717 0)
(0.00612238 -0.00369514 0)
(0.00606618 -0.00397061 0)
(0.00596417 -0.00420142 0)
(0.00579797 -0.0040186 0)
(0.00551503 -0.00281437 0)
(0.00500769 0.000317438 0)
(0.00416116 0.00638494 0)
(0.00293636 0.0159461 0)
(0.00146531 0.0278864 0)
(0.000163829 0.0365911 0)
(-0.000169389 0.0272087 0)
(0.000297494 -0.0142093 0)
(0.00136173 -0.0224546 0)
(0.0019476 -0.020715 0)
(0.00208298 -0.0157458 0)
(0.001927 -0.0108654 0)
(0.00166222 -0.00724462 0)
(0.00139275 -0.00499507 0)
(0.00114827 -0.00383232 0)
(0.000923116 -0.00340864 0)
(0.000706991 -0.00343359 0)
(0.000494723 -0.00366773 0)
(0.000279983 -0.00384222 0)
(4.34988e-05 -0.00353976 0)
(-0.000253996 -0.0020814 0)
(-0.000665898 0.00147721 0)
(-0.00117092 0.00804062 0)
(-0.00165026 0.017879 0)
(-0.00185386 0.0294062 0)
(-0.00150045 0.0367927 0)
(-0.000367773 0.0262206 0)
(0.000167769 -0.0153582 0)
(0.000138482 -0.0230652 0)
(-0.000653245 -0.0202562 0)
(-0.00176744 -0.0146492 0)
(-0.00287048 -0.0096267 0)
(-0.00380473 -0.00612688 0)
(-0.00454722 -0.00405879 0)
(-0.00513707 -0.00304497 0)
(-0.00562156 -0.0027244 0)
(-0.00603467 -0.00282172 0)
(-0.00639858 -0.00310355 0)
(-0.00673284 -0.00328554 0)
(-0.00705592 -0.00293083 0)
(-0.00736563 -0.00138445 0)
(-0.00759584 0.00217655 0)
(-0.00755446 0.00845043 0)
(-0.00696705 0.0174913 0)
(-0.00556167 0.0276458 0)
(-0.00334227 0.0335904 0)
(-0.000620025 0.0233182 0)
(-0.000133459 -0.0147808 0)
(-0.0018943 -0.0204991 0)
(-0.00444765 -0.0167041 0)
(-0.00694949 -0.0111628 0)
(-0.00897323 -0.0067099 0)
(-0.0104738 -0.00385557 0)
(-0.0115612 -0.00231515 0)
(-0.0123684 -0.00167615 0)
(-0.0130026 -0.00160696 0)
(-0.0135394 -0.00186905 0)
(-0.0140272 -0.00225593 0)
(-0.0144883 -0.00251148 0)
(-0.0149046 -0.00226136 0)
(-0.0151854 -0.000985693 0)
(-0.0151135 0.0019228 0)
(-0.0143538 0.00696843 0)
(-0.0125274 0.0141428 0)
(-0.00939503 0.0220901 0)
(-0.00525388 0.0266185 0)
(-0.000896928 0.0183795 0)
(-0.00073638 -0.011357 0)
(-0.00481757 -0.0138127 0)
(-0.00909269 -0.00982917 0)
(-0.0125187 -0.00552004 0)
(-0.0148052 -0.00255777 0)
(-0.0162043 -0.000941586 0)
(-0.0170534 -0.000269921 0)
(-0.0176172 -0.000173535 0)
(-0.0180686 -0.000403914 0)
(-0.0185133 -0.000803958 0)
(-0.0190079 -0.0012491 0)
(-0.0195568 -0.0015901 0)
(-0.0200943 -0.00160988 0)
(-0.0204529 -0.00100633 0)
(-0.0203233 0.000589841 0)
(-0.0192334 0.00354122 0)
(-0.0166887 0.0079175 0)
(-0.0124093 0.0129534 0)
(-0.00684458 0.0161068 0)
(-0.00116803 0.0114799 0)
(-0.00180363 -0.00386103 0)
(-0.00653424 -0.00359905 0)
(-0.0101548 -0.00186721 0)
(-0.0122726 -0.000559452 0)
(-0.013184 0.000112987 0)
(-0.0134349 0.000358266 0)
(-0.0134164 0.000371617 0)
(-0.013345 0.000274831 0)
(-0.0133381 0.000130169 0)
(-0.0134609 -3.55696e-05 0)
(-0.0137448 -0.000209308 0)
(-0.0141882 -0.000376335 0)
(-0.0147393 -0.000506012 0)
(-0.0152683 -0.000541004 0)
(-0.0155304 -0.000384237 0)
(-0.0151607 0.000117386 0)
(-0.013664 0.00110019 0)
(-0.0106255 0.00251599 0)
(-0.00625419 0.00378218 0)
(-0.00150039 0.00322592 0)
)
;

boundaryField
{
    leftWall
    {
        type            fixedValue;
        value           uniform (0 0 0);
    }
    rightWall
    {
        type            fixedValue;
        value           uniform (0 0 0);
    }
    topWall
    {
        type            fixedValue;
        value           uniform (0 0 0);
    }
    bottomWall
    {
        type            fixedValue;
        value           uniform (0 0 0);
    }
    frontAndBackPlanes
    {
        type            empty;
    }
}


// ************************************************************************* //
