/*--------------------------------*- C++ -*----------------------------------*\
| =========                 |                                                 |
| \\      /  F ield         | OpenFOAM: The Open Source CFD Toolbox           |
|  \\    /   O peration     | Version:  2506                                  |
|   \\  /    A nd           | Website:  www.openfoam.com                      |
|    \\/     M anipulation  |                                                 |
\*---------------------------------------------------------------------------*/
FoamFile
{
    version     2.0;
    format      ascii;
    arch        "LSB;label=32;scalar=64";
    class       volVectorField;
    location    "106.6";
    object      U;
}
// * * * * * * * * * * * * * * * * * * * * * * * * * * * * * * * * * * * * * //

dimensions      [0 1 -1 0 0 0 0];

internalField   nonuniform List<vector> 
200
(
(0.000391882 -0.00106492 0)
(0.00212284 -0.00137515 0)
(0.00402014 -0.00102903 0)
(0.00556622 -0.000576582 0)
(0.00655102 -0.000225095 0)
(0.00709106 -2.29318e-05 0)
(0.0073655 4.48256e-05 0)
(0.00753746 1.34324e-05 0)
(0.00773135 -8.35418e-05 0)
(0.00803382 -0.000223688 0)
(0.0085025 -0.000397277 0)
(0.00917511 -0.000603012 0)
(0.010072 -0.000838286 0)
(0.0111836 -0.0010818 0)
(0.0124271 -0.00126309 0)
(0.0135486 -0.00120849 0)
(0.0139764 -0.000557653 0)
(0.0128133 0.00122721 0)
(0.00915444 0.00422615 0)
(0.00275471 0.00584623 0)
(0.000478012 -0.00430391 0)
(0.00310019 -0.0067695 0)
(0.00600965 -0.00616246 0)
(0.0085506 -0.00450421 0)
(0.0104078 -0.0028477 0)
(0.0116325 -0.00163573 0)
(0.0124121 -0.000964527 0)
(0.0129438 -0.000766895 0)
(0.0133859 -0.000922925 0)
(0.0138468 -0.00131732 0)
(0.0143875 -0.00185865 0)
(0.015026 -0.0024693 0)
(0.0157329 -0.00304892 0)
(0.0164099 -0.0034092 0)
(0.0168508 -0.00317954 0)
(0.0166895 -0.00170145 0)
(0.0153334 0.00198146 0)
(0.0121303 0.00856516 0)
(0.00704599 0.0165415 0)
(0.00119942 0.0167824 0)
(0.000475395 -0.00775375 0)
(0.00306239 -0.0126053 0)
(0.00585726 -0.0118871 0)
(0.00829944 -0.00910477 0)
(0.0101106 -0.00616858 0)
(0.0113404 -0.00390051 0)
(0.012152 -0.00250559 0)
(0.0127071 -0.00189239 0)
(0.0131265 -0.00186344 0)
(0.0134856 -0.00221275 0)
(0.0138188 -0.00275883 0)
(0.0141228 -0.00332888 0)
(0.0143504 -0.00370174 0)
(0.0143937 -0.0035157 0)
(0.0140567 -0.00216265 0)
(0.01302 0.00125774 0)
(0.0109787 0.00764252 0)
(0.00778112 0.0170668 0)
(0.00385561 0.026243 0)
(0.000445821 0.0226106 0)
(0.000432626 -0.0109857 0)
(0.00266379 -0.0178263 0)
(0.00490458 -0.0168012 0)
(0.00674278 -0.0129144 0)
(0.00802074 -0.00884051 0)
(0.00883936 -0.00568753 0)
(0.00935668 -0.00370062 0)
(0.00969699 -0.00272826 0)
(0.00993433 -0.00248933 0)
(0.010104 -0.00270282 0)
(0.0102162 -0.0031246 0)
(0.0102618 -0.00351792 0)
(0.0102048 -0.00357424 0)
(0.00996552 -0.00280569 0)
(0.0094006 -0.00045984 0)
(0.00831078 0.00440985 0)
(0.00657065 0.0125194 0)
(0.00420486 0.0233308 0)
(0.00168966 0.0322396 0)
(7.24405e-05 0.0252556 0)
(0.000371354 -0.0137097 0)
(0.00205457 -0.0218257 0)
(0.00348065 -0.0201967 0)
(0.00445623 -0.0152588 0)
(0.00499281 -0.0102981 0)
(0.00525118 -0.00656306 0)
(0.00537422 -0.00424002 0)
(0.00543817 -0.00307381 0)
(0.00546736 -0.00270217 0)
(0.00546289 -0.0027995 0)
(0.00542084 -0.00309907 0)
(0.00533445 -0.00333731 0)
(0.00518281 -0.00315035 0)
(0.00491321 -0.0019595 0)
(0.00441993 0.00107679 0)
(0.00361666 0.00686454 0)
(0.00247149 0.0159177 0)
(0.00113496 0.0271421 0)
(1.95159e-05 0.0351425 0)
(-0.000172201 0.02585 0)
(0.000284628 -0.0157309 0)
(0.00119836 -0.0241969 0)
(0.00155797 -0.0216754 0)
(0.00148301 -0.0158555 0)
(0.00118096 -0.0103792 0)
(0.000841322 -0.00644284 0)
(0.000553502 -0.00407927 0)
(0.000327003 -0.00291446 0)
(0.000139608 -0.0025334 0)
(-2.98222e-05 -0.00260492 0)
(-0.000192566 -0.00286845 0)
(-0.000358102 -0.00304807 0)
(-0.000546312 -0.00273678 0)
(-0.000791709 -0.00129641 0)
(-0.00113832 0.00213584 0)
(-0.00155968 0.00836235 0)
(-0.00193836 0.0176124 0)
(-0.00202635 0.028359 0)
(-0.00155881 0.0350649 0)
(-0.000365282 0.0247368 0)
(0.000153902 -0.016672 0)
(-7.98422e-05 -0.0243504 0)
(-0.00113179 -0.0207327 0)
(-0.00243603 -0.0144064 0)
(-0.0036387 -0.00895939 0)
(-0.00459456 -0.00528384 0)
(-0.00530697 -0.00319155 0)
(-0.00583832 -0.00222429 0)
(-0.00625111 -0.00196811 0)
(-0.00658819 -0.00211823 0)
(-0.00687624 -0.00242884 0)
(-0.00713548 -0.00261707 0)
(-0.00738109 -0.00226509 0)
(-0.00760469 -0.000762968 0)
(-0.00773454 0.00263695 0)
(-0.00759313 0.00855787 0)
(-0.00692473 0.0170198 0)
(-0.00547547 0.0264363 0)
(-0.00325912 0.031783 0)
(-0.000596868 0.0218622 0)
(-0.00017097 -0.015833 0)
(-0.00215422 -0.0213138 0)
(-0.00491153 -0.0167821 0)
(-0.00752656 -0.0107022 0)
(-0.00956613 -0.00599595 0)
(-0.0110135 -0.00308403 0)
(-0.0120107 -0.00158585 0)
(-0.0127116 -0.00102675 0)
(-0.0132345 -0.00103539 0)
(-0.0136608 -0.00135214 0)
(-0.0140416 -0.00176637 0)
(-0.0143974 -0.00203088 0)
(-0.0147072 -0.00179483 0)
(-0.0148796 -0.000579028 0)
(-0.0147044 0.00217052 0)
(-0.0138765 0.00691168 0)
(-0.0120422 0.0136067 0)
(-0.0089847 0.0209544 0)
(-0.00499657 0.0250165 0)
(-0.000845593 0.0171281 0)
(-0.000799275 -0.0120926 0)
(-0.00512814 -0.0141995 0)
(-0.00953077 -0.00965556 0)
(-0.0129432 -0.00502507 0)
(-0.0151134 -0.00196971 0)
(-0.0163487 -0.000389492 0)
(-0.0170326 0.00019634 0)
(-0.0174481 0.000206965 0)
(-0.017762 -8.92706e-05 0)
(-0.0180787 -0.00053079 0)
(-0.0184541 -0.000994321 0)
(-0.018888 -0.0013395 0)
(-0.0193129 -0.0013665 0)
(-0.0195668 -0.000798471 0)
(-0.0193548 0.000703311 0)
(-0.0182423 0.0034703 0)
(-0.0157687 0.00754573 0)
(-0.0116805 0.0121937 0)
(-0.00641356 0.0150351 0)
(-0.00108683 0.0106307 0)
(-0.00193251 -0.00412855 0)
(-0.00689673 -0.00368464 0)
(-0.0105271 -0.00177157 0)
(-0.0125081 -0.000393295 0)
(-0.0132327 0.000276786 0)
(-0.0133048 0.000487148 0)
(-0.0131284 0.000458715 0)
(-0.0129229 0.000333418 0)
(-0.012814 0.000173643 0)
(-0.0128574 2.71901e-08 0)
(-0.0130702 -0.000175105 0)
(-0.0134432 -0.000337735 0)
(-0.0139215 -0.000460229 0)
(-0.0143789 -0.000490351 0)
(-0.0145852 -0.000339153 0)
(-0.0141966 0.000133177 0)
(-0.0127535 0.00104572 0)
(-0.00988081 0.00234735 0)
(-0.00578892 0.00349724 0)
(-0.00137914 0.00296264 0)
)
;

boundaryField
{
    leftWall
    {
        type            fixedValue;
        value           uniform (0 0 0);
    }
    rightWall
    {
        type            fixedValue;
        value           uniform (0 0 0);
    }
    topWall
    {
        type            fixedValue;
        value           uniform (0 0 0);
    }
    bottomWall
    {
        type            fixedValue;
        value           uniform (0 0 0);
    }
    frontAndBackPlanes
    {
        type            empty;
    }
}


// ************************************************************************* //
