/*--------------------------------*- C++ -*----------------------------------*\
| =========                 |                                                 |
| \\      /  F ield         | OpenFOAM: The Open Source CFD Toolbox           |
|  \\    /   O peration     | Version:  2506                                  |
|   \\  /    A nd           | Website:  www.openfoam.com                      |
|    \\/     M anipulation  |                                                 |
\*---------------------------------------------------------------------------*/
FoamFile
{
    version     2.0;
    format      ascii;
    arch        "LSB;label=32;scalar=64";
    class       surfaceScalarField;
    location    "110.2";
    object      phi;
}
// * * * * * * * * * * * * * * * * * * * * * * * * * * * * * * * * * * * * * //

dimensions      [1 0 -1 0 0 0 0];

oriented        oriented;

internalField   nonuniform List<scalar> 
370
(
0.000288374
-0.000327653
0.000777452
-0.00048901
0.00120622
-0.000428667
0.0015059
-0.000299557
0.00168343
-0.000177391
0.00177549
-9.1912e-05
0.00182335
-4.76998e-05
0.00186164
-3.81268e-05
0.00191578
-5.39616e-05
0.00200299
-8.7022e-05
0.00213437
-0.000131191
0.00231642
-0.000181852
0.00254995
-0.000233325
0.0028239
-0.000273737
0.00310144
-0.000277329
0.00329432
-0.000192664
0.00322683
6.77181e-05
0.0026845
0.000542547
0.00146048
0.00122421
0.00146059
0.000416322
-0.00074394
0.00112061
-0.0011932
0.00179827
-0.00110619
0.00232691
-0.000828037
0.00269219
-0.000542503
0.00292738
-0.000326924
0.00307901
-0.000199147
0.00318991
-0.000148837
0.00329221
-0.000156075
0.00340621
-0.000200829
0.00354137
-0.000266147
0.00369637
-0.00033665
0.00385621
-0.00039295
0.00398491
-0.000402229
0.00401383
-0.00030603
0.0038348
-1.3409e-05
0.00330779
0.000594951
0.00229532
0.00155524
0.000928987
0.00259073
0.00238967
0.000411184
-0.00115508
0.0010849
-0.0018668
0.00172953
-0.00175065
0.00223623
-0.00133454
0.00259446
-0.000900512
0.00283404
-0.000566288
0.00299367
-0.000358557
0.00310664
-0.00026159
0.00319621
-0.000245424
0.00327541
-0.000279802
0.0033479
-0.000338419
0.00340777
-0.000396292
0.00343663
-0.000421581
0.00339834
-0.000363708
0.00323462
-0.000142077
0.00286799
0.000353465
0.00224509
0.00121809
0.00137567
0.00242489
0.000466492
0.0035001
0.00285625
0.000359757
-0.00151478
0.000913279
-0.00242017
0.00140901
-0.00224617
0.00177337
-0.00169867
0.00201572
-0.00114261
0.00217051
-0.000720837
0.0022705
-0.000458299
0.00233813
-0.000328971
0.0023857
-0.000292756
0.00241829
-0.000312145
0.00243589
-0.000355782
0.00243324
-0.000393401
0.0023968
-0.000384899
0.00230041
-0.000267065
0.00210447
5.41063e-05
0.00176991
0.000688282
0.0012808
0.00170745
0.000691056
0.00301487
0.000177381
0.00401397
0.00303372
0.000284166
-0.00179889
0.000662829
-0.00279868
0.00094793
-0.00253105
0.00111623
-0.00186672
0.00120213
-0.00122825
0.00124382
-0.000762264
0.00126543
-0.000479653
0.00127711
-0.000340399
0.0012809
-0.000296297
0.00127608
-0.000307072
0.00126135
-0.000340802
0.00123362
-0.000365422
0.00118437
-0.000335405
0.00109639
-0.000178829
0.000945165
0.00020559
0.000715114
0.000918594
0.000417991
0.00200483
0.000125779
0.00330733
-3.41773e-05
0.00417412
0.00299962
0.00018082
-0.00197964
0.00032602
-0.0029437
0.000349098
-0.00255389
0.000291201
-0.00180856
0.000208089
-0.00114487
0.000131912
-0.000685828
7.15534e-05
-0.000419041
2.37896e-05
-0.000292386
-1.71487e-05
-0.000255113
-5.51485e-05
-0.000268827
-9.24044e-05
-0.000303301
-0.000132071
-0.00032551
-0.000180629
-0.000286598
-0.000246967
-0.000112237
-0.000334274
0.000293159
-0.000429626
0.00101421
-0.000490259
0.00206572
-0.000443709
0.00326102
-0.000239744
0.00397034
0.00275994
1.30008e-05
-0.00199258
-0.000155383
-0.00277513
-0.000448724
-0.00226031
-0.000756883
-0.00150015
-0.00101697
-0.000884538
-0.0012148
-0.000487749
-0.00136085
-0.000272741
-0.00147108
-0.000181921
-0.00155814
-0.000167813
-0.00163007
-0.000196655
-0.00169206
-0.000241074
-0.00174796
-0.000269374
-0.00179869
-0.000235624
-0.00183631
-7.43726e-05
-0.00183249
0.000289588
-0.0017404
0.000922371
-0.00149642
0.00182199
-0.00105052
0.00281533
-0.000449573
0.00336956
0.00231044
-0.000253992
-0.0017385
-0.000853136
-0.0021758
-0.0015129
-0.00160031
-0.00206992
-0.000942889
-0.00248244
-0.000471768
-0.00276982
-0.000200136
-0.00296832
-7.40085e-05
-0.00311013
-3.98842e-05
-0.00321908
-5.86374e-05
-0.00331096
-0.000104552
-0.00339403
-0.000157776
-0.00346799
-0.000195197
-0.00351945
-0.000183947
-0.00351459
-7.90156e-05
-0.00339613
0.00017135
-0.00308813
0.000614588
-0.0025176
0.00125168
-0.00166397
0.00196189
-0.000665479
0.00237121
0.00164501
-0.000672007
-0.00106641
-0.00177055
-0.00107706
-0.00272132
-0.000649298
-0.00337338
-0.000290586
-0.00376612
-7.87932e-05
-0.0039852
1.91655e-05
-0.00411091
5.19215e-05
-0.00419204
4.14638e-05
-0.00426113
1.06515e-05
-0.00433852
-2.69688e-05
-0.00442972
-6.63899e-05
-0.00452674
-9.79929e-05
-0.00460219
-0.00010831
-0.00460265
-7.83809e-05
-0.00444992
1.87922e-05
-0.00403714
0.000201976
-0.00327413
0.000488828
-0.00214502
0.000832927
-0.000842196
0.00106849
0.000802865
-0.00106632
-0.00214318
-0.00279224
-0.0030826
-0.00316116
-0.00314178
-0.00308966
-0.003048
-0.00303717
-0.00306397
-0.00313019
-0.00322803
-0.0033362
-0.00341444
-0.00339552
-0.00319343
-0.00270449
-0.00187146
-0.000802896
)
;

boundaryField
{
    leftWall
    {
        type            calculated;
        value           nonuniform List<scalar> 10(-3.38813e-21 0 -5.42101e-20 0 0 0 0 4.33681e-19 0 0);
    }
    rightWall
    {
        type            calculated;
        value           nonuniform List<scalar> 10(0 0 0 -4.33681e-19 0 0 -4.33681e-19 0 0 0);
    }
    topWall
    {
        type            calculated;
        value           uniform 0;
    }
    bottomWall
    {
        type            calculated;
        value           uniform 0;
    }
    frontAndBackPlanes
    {
        type            empty;
    }
}


// ************************************************************************* //
