/*--------------------------------*- C++ -*----------------------------------*\
| =========                 |                                                 |
| \\      /  F ield         | OpenFOAM: The Open Source CFD Toolbox           |
|  \\    /   O peration     | Version:  2506                                  |
|   \\  /    A nd           | Website:  www.openfoam.com                      |
|    \\/     M anipulation  |                                                 |
\*---------------------------------------------------------------------------*/
FoamFile
{
    version     2.0;
    format      ascii;
    arch        "LSB;label=32;scalar=64";
    class       volVectorField;
    location    "145.6";
    object      U;
}
// * * * * * * * * * * * * * * * * * * * * * * * * * * * * * * * * * * * * * //

dimensions      [0 1 -1 0 0 0 0];

internalField   nonuniform List<vector> 
200
(
(0.000611812 -0.00144661 0)
(0.0029224 -0.00182199 0)
(0.0053065 -0.00132323 0)
(0.00715912 -0.00069106 0)
(0.00826005 -0.000208735 0)
(0.00876918 6.72631e-05 0)
(0.00892576 0.00016643 0)
(0.00893888 0.000140613 0)
(0.00895851 3.69405e-05 0)
(0.00908404 -0.000111196 0)
(0.00937785 -0.000288464 0)
(0.00987503 -0.00049145 0)
(0.0105901 -0.000717262 0)
(0.0115076 -0.00094579 0)
(0.0125403 -0.00110899 0)
(0.0134365 -0.00103731 0)
(0.0136585 -0.000389904 0)
(0.0123575 0.0013175 0)
(0.00871338 0.00411665 0)
(0.00259254 0.0055131 0)
(0.000604194 -0.00561347 0)
(0.00380833 -0.00856203 0)
(0.00724899 -0.00753062 0)
(0.0101578 -0.00523191 0)
(0.0121812 -0.00301889 0)
(0.0134054 -0.00141984 0)
(0.014073 -0.000522015 0)
(0.0144295 -0.000215977 0)
(0.0146688 -0.000334944 0)
(0.0149182 -0.000723803 0)
(0.015245 -0.00126413 0)
(0.0156676 -0.00186351 0)
(0.0161542 -0.00241715 0)
(0.0166054 -0.00274208 0)
(0.0168205 -0.00248401 0)
(0.0164448 -0.0010171 0)
(0.0149201 0.00253392 0)
(0.0116621 0.00875174 0)
(0.00669206 0.016094 0)
(0.00112299 0.0158843 0)
(0.000548767 -0.00970097 0)
(0.00346771 -0.0153133 0)
(0.00653536 -0.013972 0)
(0.00913772 -0.0102265 0)
(0.0109868 -0.00644205 0)
(0.0121632 -0.00357518 0)
(0.0128675 -0.00182137 0)
(0.0132897 -0.0010277 0)
(0.013568 -0.000927705 0)
(0.0137857 -0.00125856 0)
(0.0139791 -0.00179883 0)
(0.0141438 -0.00235326 0)
(0.0142309 -0.00269481 0)
(0.0141321 -0.00247326 0)
(0.0136575 -0.00111557 0)
(0.0125106 0.00219846 0)
(0.010436 0.00825703 0)
(0.00730817 0.0170562 0)
(0.00356404 0.025362 0)
(0.00039698 0.0213408 0)
(0.000464916 -0.0132397 0)
(0.00278711 -0.020879 0)
(0.0050305 -0.0190512 0)
(0.00679851 -0.0140101 0)
(0.00796341 -0.00895967 0)
(0.0086602 -0.00514726 0)
(0.00906917 -0.00278682 0)
(0.00932214 -0.00164222 0)
(0.00949101 -0.00134756 0)
(0.00960536 -0.00155595 0)
(0.00966976 -0.00197974 0)
(0.00967042 -0.00235923 0)
(0.00956891 -0.00238278 0)
(0.00928645 -0.00158365 0)
(0.00867851 0.000733211 0)
(0.00759867 0.00538466 0)
(0.00592547 0.0129998 0)
(0.00371295 0.0229821 0)
(0.0014247 0.0308889 0)
(3.44e-05 0.0236817 0)
(0.000369234 -0.0159916 0)
(0.00195056 -0.024733 0)
(0.00317182 -0.0221451 0)
(0.0039145 -0.015994 0)
(0.00424855 -0.0100867 0)
(0.00436312 -0.00577152 0)
(0.00440424 -0.00316173 0)
(0.00443503 -0.00189355 0)
(0.00446272 -0.00151382 0)
(0.00447466 -0.00163431 0)
(0.00445786 -0.00195024 0)
(0.00439988 -0.00217965 0)
(0.00427678 -0.0019615 0)
(0.0040374 -0.000752145 0)
(0.00358752 0.00220598 0)
(0.00286013 0.00768979 0)
(0.0018413 0.0161145 0)
(0.000696933 0.026363 0)
(-0.000175494 0.033314 0)
(-0.000183771 0.0240207 0)
(0.000259984 -0.0178332 0)
(0.000941352 -0.0266174 0)
(0.000973487 -0.0230412 0)
(0.000600782 -0.0160787 0)
(9.38749e-05 -0.00980364 0)
(-0.000350808 -0.00544652 0)
(-0.000667027 -0.00293098 0)
(-0.000875812 -0.00175387 0)
(-0.00101819 -0.00141612 0)
(-0.00112766 -0.00153621 0)
(-0.00122357 -0.00182533 0)
(-0.00131969 -0.00199639 0)
(-0.00143655 -0.00165374 0)
(-0.00160532 -0.00020908 0)
(-0.00185523 0.00309716 0)
(-0.00214895 0.00893646 0)
(-0.00236854 0.017447 0)
(-0.00227601 0.0271383 0)
(-0.00164057 0.0328503 0)
(-0.000363038 0.0227552 0)
(0.000115785 -0.0184611 0)
(-0.000412901 -0.0261016 0)
(-0.00181182 -0.0214178 0)
(-0.00337933 -0.0141478 0)
(-0.004721 -0.00814034 0)
(-0.00571289 -0.00422482 0)
(-0.00639654 -0.00208833 0)
(-0.00686364 -0.00116962 0)
(-0.00719269 -0.000991096 0)
(-0.00743637 -0.00120703 0)
(-0.00762735 -0.00155148 0)
(-0.007787 -0.00173993 0)
(-0.00792669 -0.0013775 0)
(-0.00803174 8.7908e-05 0)
(-0.00802032 0.00330962 0)
(-0.0077299 0.00880549 0)
(-0.00692797 0.0165257 0)
(-0.00539034 0.0249451 0)
(-0.00315539 0.0294323 0)
(-0.000565769 0.0199143 0)
(-0.000226599 -0.0172489 0)
(-0.00251861 -0.0224111 0)
(-0.00555254 -0.0169205 0)
(-0.00832518 -0.0101395 0)
(-0.0103951 -0.00509343 0)
(-0.0117846 -0.00208992 0)
(-0.0126752 -0.000636449 0)
(-0.0132453 -0.000173811 0)
(-0.0136269 -0.000283092 0)
(-0.0139144 -0.000674524 0)
(-0.0141592 -0.00112647 0)
(-0.0143795 -0.00140077 0)
(-0.0145491 -0.00117546 0)
(-0.0145725 -2.35493e-05 0)
(-0.0142502 0.00253922 0)
(-0.0133157 0.00690122 0)
(-0.0114474 0.0129719 0)
(-0.00846301 0.0195079 0)
(-0.00465901 0.0229072 0)
(-0.000776736 0.0154486 0)
(-0.000884865 -0.0130706 0)
(-0.00554802 -0.0147174 0)
(-0.0101239 -0.00944852 0)
(-0.0135235 -0.00440135 0)
(-0.0155446 -0.0012193 0)
(-0.0165779 0.00032207 0)
(-0.017056 0.000808557 0)
(-0.0172702 0.000714296 0)
(-0.0174046 0.00033406 0)
(-0.0175589 -0.00016317 0)
(-0.0177801 -0.00065413 0)
(-0.0180651 -0.00100684 0)
(-0.0183425 -0.00104178 0)
(-0.0184554 -0.000514637 0)
(-0.0181275 0.000871371 0)
(-0.0169714 0.00340367 0)
(-0.0145731 0.00708347 0)
(-0.0107206 0.0112063 0)
(-0.00583869 0.0136105 0)
(-0.000977556 0.00948707 0)
(-0.00210328 -0.00448227 0)
(-0.00737681 -0.00379851 0)
(-0.011025 -0.00165207 0)
(-0.0128374 -0.000183678 0)
(-0.0133293 0.000481664 0)
(-0.0131628 0.000644427 0)
(-0.0127691 0.000573628 0)
(-0.012393 0.00041624 0)
(-0.0121483 0.000235679 0)
(-0.0120791 5.16541e-05 0)
(-0.0121953 -0.000126624 0)
(-0.0124738 -0.000285521 0)
(-0.0128553 -0.000400235 0)
(-0.0132166 -0.000424812 0)
(-0.013345 -0.000280766 0)
(-0.0129248 0.000154565 0)
(-0.011545 0.000975722 0)
(-0.00888553 0.00212526 0)
(-0.0051628 0.00311667 0)
(-0.00121514 0.00260758 0)
)
;

boundaryField
{
    leftWall
    {
        type            fixedValue;
        value           uniform (0 0 0);
    }
    rightWall
    {
        type            fixedValue;
        value           uniform (0 0 0);
    }
    topWall
    {
        type            fixedValue;
        value           uniform (0 0 0);
    }
    bottomWall
    {
        type            fixedValue;
        value           uniform (0 0 0);
    }
    frontAndBackPlanes
    {
        type            empty;
    }
}


// ************************************************************************* //
