/*--------------------------------*- C++ -*----------------------------------*\
| =========                 |                                                 |
| \\      /  F ield         | OpenFOAM: The Open Source CFD Toolbox           |
|  \\    /   O peration     | Version:  2506                                  |
|   \\  /    A nd           | Website:  www.openfoam.com                      |
|    \\/     M anipulation  |                                                 |
\*---------------------------------------------------------------------------*/
FoamFile
{
    version     2.0;
    format      ascii;
    arch        "LSB;label=32;scalar=64";
    class       volVectorField;
    location    "59.8";
    object      U;
}
// * * * * * * * * * * * * * * * * * * * * * * * * * * * * * * * * * * * * * //

dimensions      [0 1 -1 0 0 0 0];

internalField   nonuniform List<vector> 
200
(
(-1.66317e-05 -0.000407109 0)
(0.000667052 -0.000605849 0)
(0.00172424 -0.000546015 0)
(0.00277417 -0.000429964 0)
(0.00363411 -0.00031682 0)
(0.00432887 -0.000238727 0)
(0.00491218 -0.000210439 0)
(0.00545227 -0.00023319 0)
(0.0060188 -0.00030379 0)
(0.00667637 -0.000420282 0)
(0.00748262 -0.00058338 0)
(0.00848639 -0.000793802 0)
(0.00971931 -0.00104428 0)
(0.0111742 -0.00130367 0)
(0.0127579 -0.00149006 0)
(0.0141897 -0.0014221 0)
(0.0148411 -0.000729447 0)
(0.0137575 0.00118653 0)
(0.00994237 0.00446579 0)
(0.00301825 0.0063791 0)
(0.000223142 -0.00191554 0)
(0.00168903 -0.00351805 0)
(0.00357625 -0.00378643 0)
(0.00545939 -0.00341838 0)
(0.00709314 -0.00285776 0)
(0.00844206 -0.00237046 0)
(0.00956592 -0.00207897 0)
(0.0105531 -0.00201725 0)
(0.0114902 -0.00217544 0)
(0.0124484 -0.0025262 0)
(0.0134767 -0.0030322 0)
(0.0145932 -0.00363467 0)
(0.0157689 -0.00422027 0)
(0.0168965 -0.00456361 0)
(0.0177423 -0.00424583 0)
(0.0178923 -0.00256272 0)
(0.0166996 0.00150438 0)
(0.0133991 0.00876131 0)
(0.00789957 0.0176839 0)
(0.00137502 0.0184172 0)
(0.000306266 -0.00400521 0)
(0.00213074 -0.00743662 0)
(0.00431343 -0.00806474 0)
(0.00642132 -0.00731502 0)
(0.00819567 -0.00614259 0)
(0.00961097 -0.00507701 0)
(0.0107395 -0.00434925 0)
(0.0116721 -0.00401403 0)
(0.0124866 -0.00403754 0)
(0.0132378 -0.0043468 0)
(0.013954 -0.00484371 0)
(0.0146317 -0.00538515 0)
(0.0152224 -0.00572894 0)
(0.0156065 -0.00545048 0)
(0.0155588 -0.00385209 0)
(0.014713 6.60035e-05 0)
(0.0126464 0.00733266 0)
(0.00915519 0.0180194 0)
(0.00467846 0.0286098 0)
(0.000587805 0.0252321 0)
(0.000337506 -0.0064436 0)
(0.00224491 -0.0117266 0)
(0.00436908 -0.0124845 0)
(0.00629042 -0.0111265 0)
(0.00779244 -0.00917716 0)
(0.00889544 -0.00742674 0)
(0.00969895 -0.00618602 0)
(0.0102997 -0.00550057 0)
(0.0107674 -0.00529341 0)
(0.0111439 -0.00544091 0)
(0.0114486 -0.00579229 0)
(0.0116791 -0.00613904 0)
(0.0118016 -0.00613954 0)
(0.0117304 -0.00521558 0)
(0.0113005 -0.0024738 0)
(0.0102367 0.00321988 0)
(0.00833194 0.0126754 0)
(0.00556098 0.025272 0)
(0.00244421 0.035917 0)
(0.000191172 0.0287721 0)
(0.000344314 -0.00890724 0)
(0.00209677 -0.015746 0)
(0.00383805 -0.0163041 0)
(0.00523757 -0.0141229 0)
(0.00617822 -0.0113158 0)
(0.00674797 -0.00888886 0)
(0.00707329 -0.00717706 0)
(0.00724911 -0.00617717 0)
(0.007331 -0.00575346 0)
(0.00734808 -0.00573728 0)
(0.00731522 -0.00594475 0)
(0.00723554 -0.00612863 0)
(0.0070916 -0.00587892 0)
(0.00682889 -0.00450306 0)
(0.0063379 -0.000965571 0)
(0.00543155 0.00592135 0)
(0.00404217 0.016718 0)
(0.0022741 0.0301459 0)
(0.000594239 0.0400651 0)
(-0.000100496 0.0301089 0)
(0.000311133 -0.011109 0)
(0.00160036 -0.0189005 0)
(0.00257467 -0.0188667 0)
(0.00310058 -0.0157396 0)
(0.00322429 -0.0121498 0)
(0.0031051 -0.0092097 0)
(0.00287259 -0.00719769 0)
(0.00259666 -0.00602579 0)
(0.0023063 -0.00549828 0)
(0.00201366 -0.00541707 0)
(0.00172494 -0.00558155 0)
(0.00143711 -0.00571607 0)
(0.0011282 -0.00535309 0)
(0.000754671 -0.00371566 0)
(0.000258724 0.00030537 0)
(-0.000383608 0.00784304 0)
(-0.0010429 0.0191275 0)
(-0.00146084 0.0323276 0)
(-0.0013313 0.0409319 0)
(-0.000355418 0.0294428 0)
(0.000204127 -0.0125841 0)
(0.00054621 -0.0203193 0)
(0.000239128 -0.0193166 0)
(-0.000505569 -0.0153212 0)
(-0.00142828 -0.0112558 0)
(-0.00234567 -0.0081525 0)
(-0.0031799 -0.00613923 0)
(-0.00391759 -0.00502459 0)
(-0.0045705 -0.00456855 0)
(-0.00515385 -0.00455932 0)
(-0.00568286 -0.00478165 0)
(-0.00617777 -0.00492915 0)
(-0.00666292 -0.00449964 0)
(-0.00714425 -0.00272504 0)
(-0.0075614 0.00136983 0)
(-0.00768627 0.00861802 0)
(-0.00720142 0.0190648 0)
(-0.00581229 0.0308138 0)
(-0.0035293 0.0378536 0)
(-0.000667608 0.0265198 0)
(-5.64569e-05 -0.0125042 0)
(-0.00135771 -0.0187051 0)
(-0.00349011 -0.0165571 0)
(-0.00577526 -0.0122366 0)
(-0.00780062 -0.00836222 0)
(-0.00945736 -0.00564124 0)
(-0.0107846 -0.00401261 0)
(-0.011864 -0.00321492 0)
(-0.0127745 -0.00299992 0)
(-0.0135796 -0.00316462 0)
(-0.0143264 -0.00350198 0)
(-0.0150404 -0.00372403 0)
(-0.0157055 -0.00339169 0)
(-0.0162237 -0.00188947 0)
(-0.0163521 0.00149931 0)
(-0.015682 0.00735499 0)
(-0.0137837 0.0156767 0)
(-0.0103905 0.0249254 0)
(-0.00584066 0.0303311 0)
(-0.00100854 0.0211295 0)
(-0.00060041 -0.00975316 0)
(-0.00414164 -0.0129399 0)
(-0.00813774 -0.0101997 0)
(-0.0116011 -0.00661408 0)
(-0.0141547 -0.00386602 0)
(-0.0159289 -0.00218219 0)
(-0.0171751 -0.00134029 0)
(-0.0181135 -0.00107171 0)
(-0.0189066 -0.00117303 0)
(-0.0196664 -0.00149886 0)
(-0.02046 -0.00191464 0)
(-0.0212996 -0.00224279 0)
(-0.0221151 -0.0022212 0)
(-0.0227163 -0.00148949 0)
(-0.0227487 0.000383723 0)
(-0.0216545 0.00381361 0)
(-0.0188752 0.00890331 0)
(-0.0140903 0.0147874 0)
(-0.00780777 0.01855 0)
(-0.00134421 0.0133357 0)
(-0.00152061 -0.0032796 0)
(-0.00573559 -0.00340259 0)
(-0.00933192 -0.00207106 0)
(-0.0117518 -0.000920608 0)
(-0.0130841 -0.000245403 0)
(-0.0137394 6.44268e-05 0)
(-0.0140612 0.000152893 0)
(-0.0142675 0.000118199 0)
(-0.0144904 1.44628e-05 0)
(-0.0148131 -0.000131967 0)
(-0.0152851 -0.000305419 0)
(-0.0159158 -0.000484586 0)
(-0.0166555 -0.000628927 0)
(-0.0173608 -0.000667863 0)
(-0.0177515 -0.00048677 0)
(-0.0174066 9.21817e-05 0)
(-0.0157516 0.00124366 0)
(-0.0122994 0.00291598 0)
(-0.00727779 0.00442457 0)
(-0.00176222 0.00379745 0)
)
;

boundaryField
{
    leftWall
    {
        type            fixedValue;
        value           uniform (0 0 0);
    }
    rightWall
    {
        type            fixedValue;
        value           uniform (0 0 0);
    }
    topWall
    {
        type            fixedValue;
        value           uniform (0 0 0);
    }
    bottomWall
    {
        type            fixedValue;
        value           uniform (0 0 0);
    }
    frontAndBackPlanes
    {
        type            empty;
    }
}


// ************************************************************************* //
