/*--------------------------------*- C++ -*----------------------------------*\
| =========                 |                                                 |
| \\      /  F ield         | OpenFOAM: The Open Source CFD Toolbox           |
|  \\    /   O peration     | Version:  2506                                  |
|   \\  /    A nd           | Website:  www.openfoam.com                      |
|    \\/     M anipulation  |                                                 |
\*---------------------------------------------------------------------------*/
FoamFile
{
    version     2.0;
    format      ascii;
    arch        "LSB;label=32;scalar=64";
    class       surfaceScalarField;
    location    "38.4";
    object      phi;
}
// * * * * * * * * * * * * * * * * * * * * * * * * * * * * * * * * * * * * * //

dimensions      [1 0 -1 0 0 0 0];

oriented        oriented;

internalField   nonuniform List<scalar> 
370
(
-3.37235e-05
-6.19916e-05
0.000117125
-0.000150835
0.000331405
-0.000214258
0.00058142
-0.000249984
0.000840387
-0.00025893
0.00109151
-0.000251085
0.00132879
-0.000237237
0.00155474
-0.000225909
0.00177765
-0.000222866
0.00200893
-0.000231231
0.00226053
-0.000251562
0.00254204
-0.000281468
0.00285587
-0.000313786
0.00318992
-0.000334015
0.0035046
-0.000314644
0.00370808
-0.000203438
0.00362097
8.7155e-05
0.00301542
0.00060561
0.0016575
0.00135797
0.00165754
0.000126209
-0.000188187
0.000455081
-0.000479664
0.000904128
-0.000663233
0.00140085
-0.000746609
0.00189615
-0.000754116
0.00236205
-0.000716858
0.00278785
-0.000662907
0.0031749
-0.000612832
0.00353109
-0.000578925
0.00386573
-0.000565751
0.00418471
-0.000570407
0.00448495
-0.000581583
0.00474811
-0.000576828
0.00493187
-0.000517662
0.00495948
-0.000342157
0.00471384
4.23052e-05
0.00404779
0.000753307
0.00281337
0.00184015
0.00115344
0.00301803
0.00281106
0.000210442
-0.000398594
0.000672184
-0.000941296
0.00124976
-0.00124063
0.00184425
-0.00134086
0.00239791
-0.00130751
0.00288571
-0.00120438
0.00330409
-0.00108099
0.00366084
-0.000969296
0.00396745
-0.00088526
0.00423338
-0.000831403
0.00446126
-0.000798019
0.00464204
-0.000762115
0.00474944
-0.000683978
0.00473418
-0.000502185
0.00452185
-0.000129623
0.00402172
0.000542623
0.00316819
0.00160703
0.0019784
0.00303014
0.000707383
0.00428926
0.00351857
0.000258756
-0.000657277
0.000784023
-0.00146634
0.00138807
-0.00184432
0.00195548
-0.00190782
0.0024328
-0.00178433
0.00280921
-0.00158029
0.00309696
-0.00136825
0.00331673
-0.0011886
0.00348858
-0.00105666
0.00362668
-0.000969076
0.00373591
-0.000906825
0.00380839
-0.000834199
0.00381957
-0.000694781
0.00372489
-0.000407153
0.00346248
0.000133081
0.00297148
0.0010339
0.00222552
0.00235326
0.00129024
0.0039657
0.000405261
0.00517452
0.00392398
0.000276587
-0.000933736
0.000781794
-0.00197116
0.00129984
-0.00236177
0.00172011
-0.00232738
0.00201
-0.00207349
0.00218359
-0.00175317
0.00227384
-0.00145783
0.00231503
-0.00122916
0.00233432
-0.00107536
0.00234869
-0.000982882
0.00236389
-0.000921481
0.00237322
-0.000842997
0.00235548
-0.000676539
0.00227352
-0.000324731
0.00207679
0.000330209
0.00172459
0.00138647
0.00121227
0.00286593
0.000619371
0.00455897
0.000142156
0.00565206
0.00406629
0.000243557
-0.0011771
0.000614682
-0.0023417
0.000912859
-0.0026591
0.001065
-0.00247856
0.00107713
-0.00208469
0.00099434
-0.00166952
0.000866393
-0.00132911
0.000732417
-0.00109447
0.000616948
-0.000959215
0.000531278
-0.000896551
0.000475743
-0.000865279
0.000441074
-0.000807655
0.000409025
-0.000643826
0.000354157
-0.000269241
0.000251757
0.000433139
9.5658e-05
0.00154305
-8.24544e-05
0.00304452
-0.000201911
0.00467887
-0.000163781
0.00561429
0.00390266
0.000126721
-0.00130354
0.000205489
-0.00241968
0.000127103
-0.00257962
-9.88382e-05
-0.00225146
-0.000414757
-0.00176772
-0.000758291
-0.00132508
-0.0010838
-0.0010028
-0.00136667
-0.000810867
-0.00159865
-0.000726492
-0.00178157
-0.000712858
-0.00192221
-0.00072382
-0.00202845
-0.000700572
-0.002105
-0.000566435
-0.00214742
-0.000226003
-0.00212857
0.000415008
-0.00200503
0.00142016
-0.00171558
0.00275565
-0.00120599
0.00416979
-0.000522647
0.00493131
0.00338016
-0.000120395
-0.00118277
-0.000517007
-0.00202207
-0.00109935
-0.00199599
-0.0017461
-0.00160346
-0.00236414
-0.00114861
-0.00290811
-0.000780195
-0.00336723
-0.000542866
-0.00375019
-0.00042712
-0.00407309
-0.000402789
-0.00435102
-0.000434097
-0.00459205
-0.000481924
-0.00479146
-0.000500285
-0.00492468
-0.000432334
-0.00494017
-0.000209661
-0.00476049
0.000236135
-0.00429477
0.000955159
-0.00346893
0.00193043
-0.00227598
0.00297734
-0.000907552
0.00356324
0.00247275
-0.00048479
-0.00069751
-0.00145214
-0.00105354
-0.00251135
-0.000935339
-0.0034466
-0.000666871
-0.00418455
-0.000409524
-0.00473771
-0.000226109
-0.0051548
-0.00012497
-0.00549043
-9.07509e-05
-0.00578949
-0.000103031
-0.00607983
-0.000143062
-0.00636885
-0.00019222
-0.00663875
-0.000229701
-0.00683961
-0.000230777
-0.00688368
-0.000164899
-0.0066583
1.1446e-05
-0.00601456
0.000312058
-0.00484792
0.00076435
-0.00315974
0.00128962
-0.0012372
0.00164103
0.00123568
-0.000696955
-0.00174915
-0.00268288
-0.00334821
-0.00375642
-0.00398145
-0.00410553
-0.00419555
-0.00429796
-0.00444047
-0.00463218
-0.0048614
-0.00509171
-0.00525614
-0.00524424
-0.00493174
-0.004167
-0.00287705
-0.00123578
)
;

boundaryField
{
    leftWall
    {
        type            calculated;
        value           nonuniform List<scalar> 10(0 -5.29396e-23 0 0 0 0 0 0 0 0);
    }
    rightWall
    {
        type            calculated;
        value           uniform 0;
    }
    topWall
    {
        type            calculated;
        value           uniform 0;
    }
    bottomWall
    {
        type            calculated;
        value           uniform 0;
    }
    frontAndBackPlanes
    {
        type            empty;
    }
}


// ************************************************************************* //
