/*--------------------------------*- C++ -*----------------------------------*\
| =========                 |                                                 |
| \\      /  F ield         | OpenFOAM: The Open Source CFD Toolbox           |
|  \\    /   O peration     | Version:  2506                                  |
|   \\  /    A nd           | Website:  www.openfoam.com                      |
|    \\/     M anipulation  |                                                 |
\*---------------------------------------------------------------------------*/
FoamFile
{
    version     2.0;
    format      ascii;
    arch        "LSB;label=32;scalar=64";
    class       surfaceScalarField;
    location    "26.4";
    object      phi;
}
// * * * * * * * * * * * * * * * * * * * * * * * * * * * * * * * * * * * * * //

dimensions      [1 0 -1 0 0 0 0];

oriented        oriented;

internalField   nonuniform List<scalar> 
370
(
-6.78353e-05
-3.86845e-05
4.50598e-05
-0.000112896
0.000236158
-0.000191099
0.00049829
-0.000262135
0.000811317
-0.00031303
0.00115233
-0.000341024
0.00150083
-0.000348506
0.00184156
-0.000340731
0.0021659
-0.000324355
0.00247186
-0.000305966
0.00276262
-0.000290773
0.00304401
-0.000281398
0.00331946
-0.000275459
0.00358276
-0.000263311
0.00380442
-0.000221673
0.00390246
-9.80401e-05
0.0037316
0.000170865
0.0030625
0.000669128
0.00167122
0.00139131
0.00167125
7.79266e-05
-0.000116607
0.000335177
-0.000370135
0.000746692
-0.000602597
0.00127336
-0.000788782
0.00187336
-0.000913003
0.0025048
-0.000972439
0.00313077
-0.000974454
0.0037228
-0.00093274
0.00426161
-0.000863133
0.00473534
-0.000779677
0.00513588
-0.000691289
0.00545333
-0.000598823
0.0056696
-0.000491714
0.00574936
-0.000343067
0.00562924
-0.000101544
0.00521508
0.000316126
0.00437166
0.00101429
0.00298704
0.00205377
0.00121253
0.00316588
0.00288382
0.000147157
-0.000263754
0.000525003
-0.000747953
0.00107542
-0.00115297
0.00173687
-0.00145017
0.00245072
-0.00162678
0.00316492
-0.00168656
0.00383797
-0.0016474
0.00444084
-0.00153551
0.00495591
-0.00137809
0.00537303
-0.0011967
0.00568395
-0.0010021
0.00587551
-0.000790303
0.00592281
-0.000538935
0.00578319
-0.000203393
0.00539418
0.000287506
0.00468888
0.00102146
0.00362092
0.00208228
0.00223124
0.0034435
0.000795991
0.0046012
0.00367986
0.000184461
-0.000448197
0.000628796
-0.00119224
0.00123881
-0.00176291
0.00193231
-0.00214355
0.00263813
-0.00233244
0.0032992
-0.00234743
0.00387643
-0.00222438
0.00434935
-0.00200815
0.00471253
-0.001741
0.00496897
-0.00145288
0.00512208
-0.00115498
0.00516757
-0.000835594
0.00508631
-0.000457503
0.00484279
4.0269e-05
0.00438618
0.000744215
0.00367794
0.00172979
0.0027095
0.00305077
0.00156315
0.00458993
0.000500292
0.00566417
0.00418022
0.000198115
-0.000646286
0.000641284
-0.00163533
0.00121317
-0.00233466
0.00182178
-0.00275193
0.00239301
-0.00290333
0.00287366
-0.00282763
0.0032362
-0.00258639
0.00347799
-0.00224937
0.00361425
-0.00187671
0.00366775
-0.00150589
0.00365811
-0.00114491
0.00359251
-0.000769637
0.00345964
-0.000324333
0.00322625
0.000273889
0.0028576
0.00111305
0.00232207
0.00226545
0.00162674
0.00374622
0.000857395
0.0053594
0.000222991
0.00629872
0.0044033
0.000167776
-0.000814026
0.000503423
-0.00197087
0.000894755
-0.00272577
0.00126157
-0.00311833
0.00154333
-0.00318443
0.00170404
-0.00298745
0.00173968
-0.00262103
0.00167362
-0.00218232
0.00154499
-0.00174719
0.00139429
-0.00135444
0.00125097
-0.00100098
0.00112541
-0.000643603
0.00100645
-0.000204986
0.000867769
0.000412874
0.000683892
0.00129717
0.000442908
0.00250664
0.000170606
0.00401871
-5.20528e-05
0.0055823
-0.000112958
0.0063598
0.00429041
6.12492e-05
-0.000875227
0.000131837
-0.00204129
0.000150764
-0.0027443
8.01457e-05
-0.00304693
-0.000101272
-0.00300179
-0.000390549
-0.00269661
-0.000758726
-0.00225121
-0.00115813
-0.00178143
-0.00153837
-0.00136575
-0.00186005
-0.00103185
-0.00210143
-0.000758926
-0.00225766
-0.000486836
-0.0023353
-0.000126869
-0.00233311
0.000411114
-0.00224781
0.00121224
-0.00206049
0.00231966
-0.00173001
0.00368855
-0.00120748
0.00506006
-0.000523105
0.00567564
0.00376738
-0.000146354
-0.000728805
-0.000519742
-0.00166763
-0.00106494
-0.00219841
-0.00173653
-0.00237398
-0.00248779
-0.00224851
-0.00326373
-0.00191831
-0.00400805
-0.00150461
-0.00467436
-0.00111321
-0.00523289
-0.000805753
-0.00566991
-0.000593718
-0.00598064
-0.000447321
-0.00615805
-0.000308677
-0.00618222
-0.00010202
-0.00601573
0.000245233
-0.0056092
0.000806264
-0.00490829
0.00161926
-0.00386492
0.0026456
-0.00248775
0.00368325
-0.0009778
0.00416594
0.00278967
-0.000378932
-0.000349786
-0.0012317
-0.000814466
-0.00235583
-0.00107323
-0.00359262
-0.0011352
-0.00480769
-0.00103063
-0.00590033
-0.000822502
-0.00681459
-0.000587364
-0.00753951
-0.00038576
-0.00809543
-0.000247838
-0.00851328
-0.000174306
-0.00881406
-0.000145304
-0.00899222
-0.000129492
-0.00900327
-9.00646e-05
-0.00877947
2.22391e-05
-0.00821187
0.000239386
-0.00719298
0.000600996
-0.00564419
0.00109734
-0.00359767
0.00163713
-0.00138164
0.0019502
0.00140815
-0.000349716
-0.00116381
-0.00223596
-0.00336905
-0.0043966
-0.00521551
-0.00579929
-0.00618182
-0.00642693
-0.00659903
-0.00674257
-0.00687063
-0.00695953
-0.00693629
-0.00669606
-0.00609435
-0.00499642
-0.00335882
-0.0014083
)
;

boundaryField
{
    leftWall
    {
        type            calculated;
        value           nonuniform List<scalar> 10(0 0 0 0 0 0 0 0 -2.71051e-20 0);
    }
    rightWall
    {
        type            calculated;
        value           nonuniform List<scalar> 10(-1.0842e-19 0 0 0 0 0 0 0 0 4.33681e-19);
    }
    topWall
    {
        type            calculated;
        value           uniform 0;
    }
    bottomWall
    {
        type            calculated;
        value           uniform 0;
    }
    frontAndBackPlanes
    {
        type            empty;
    }
}


// ************************************************************************* //
