/*--------------------------------*- C++ -*----------------------------------*\
| =========                 |                                                 |
| \\      /  F ield         | OpenFOAM: The Open Source CFD Toolbox           |
|  \\    /   O peration     | Version:  2506                                  |
|   \\  /    A nd           | Website:  www.openfoam.com                      |
|    \\/     M anipulation  |                                                 |
\*---------------------------------------------------------------------------*/
FoamFile
{
    version     2.0;
    format      ascii;
    arch        "LSB;label=32;scalar=64";
    class       volVectorField;
    location    "26.4";
    object      U;
}
// * * * * * * * * * * * * * * * * * * * * * * * * * * * * * * * * * * * * * //

dimensions      [0 1 -1 0 0 0 0];

internalField   nonuniform List<vector> 
200
(
(-0.000250782 -8.29013e-05 0)
(-0.000159667 -0.000209339 0)
(0.000484029 -0.000328358 0)
(0.00148242 -0.000477543 0)
(0.00269659 -0.000595032 0)
(0.00407464 -0.00066143 0)
(0.0055263 -0.000683467 0)
(0.00697329 -0.000676975 0)
(0.00836464 -0.000662351 0)
(0.00967892 -0.000660924 0)
(0.0109206 -0.000691481 0)
(0.0121121 -0.000767167 0)
(0.0132791 -0.000891043 0)
(0.0144275 -0.00104551 0)
(0.0154982 -0.00116777 0)
(0.0162723 -0.00109216 0)
(0.0162688 -0.000447362 0)
(0.0146244 0.001362 0)
(0.0103746 0.00457093 0)
(0.00309956 0.00651961 0)
(2.74789e-05 -0.000549987 0)
(0.000703827 -0.00177702 0)
(0.00212139 -0.00298493 0)
(0.0041166 -0.00402763 0)
(0.00650502 -0.00476656 0)
(0.00910763 -0.00516727 0)
(0.0117579 -0.00526159 0)
(0.0143182 -0.00512289 0)
(0.0166896 -0.00484282 0)
(0.0188096 -0.00450892 0)
(0.0206405 -0.00418509 0)
(0.0221504 -0.00389323 0)
(0.023288 -0.00359044 0)
(0.0239519 -0.00313008 0)
(0.0239509 -0.00219056 0)
(0.0229548 -0.000160923 0)
(0.0204251 0.00389458 0)
(0.0157727 0.0108039 0)
(0.00906718 0.0192878 0)
(0.00155699 0.0194835 0)
(0.000111991 -0.00150426 0)
(0.00123105 -0.00447696 0)
(0.00319341 -0.00711689 0)
(0.00577484 -0.00916192 0)
(0.00869529 -0.0104767 0)
(0.0117152 -0.0110516 0)
(0.0146386 -0.0109789 0)
(0.0173196 -0.0104145 0)
(0.0196632 -0.00953109 0)
(0.0216155 -0.00847464 0)
(0.0231436 -0.00732905 0)
(0.0242089 -0.00608591 0)
(0.0247398 -0.00461248 0)
(0.0246042 -0.00260787 0)
(0.0235697 0.000459656 0)
(0.0213436 0.00534171 0)
(0.0176521 0.0128505 0)
(0.0124173 0.0231509 0)
(0.00628663 0.0329353 0)
(0.000826365 0.0279184 0)
(0.000151909 -0.00293532 0)
(0.00152806 -0.00804091 0)
(0.00376837 -0.0121447 0)
(0.00655381 -0.0150424 0)
(0.00953109 -0.0166559 0)
(0.0124238 -0.0170601 0)
(0.0150321 -0.0164647 0)
(0.0172342 -0.0151538 0)
(0.0189802 -0.0134093 0)
(0.0202708 -0.0114443 0)
(0.0211257 -0.00935366 0)
(0.0215506 -0.00707908 0)
(0.0215068 -0.0043793 0)
(0.0208824 -0.000805307 0)
(0.0194558 0.00428367 0)
(0.0170597 0.0115958 0)
(0.0135377 0.0217107 0)
(0.00898489 0.034027 0)
(0.00412793 0.043524 0)
(0.000431112 0.0333472 0)
(0.000183651 -0.00459484 0)
(0.00161741 -0.0119091 0)
(0.00378503 -0.0173113 0)
(0.00631546 -0.0207486 0)
(0.00883137 -0.022268 0)
(0.0110593 -0.022095 0)
(0.0128321 -0.020624 0)
(0.0140903 -0.0183233 0)
(0.0148655 -0.0156165 0)
(0.0152444 -0.0127889 0)
(0.0153237 -0.00993055 0)
(0.0151695 -0.00690412 0)
(0.0147842 -0.00332996 0)
(0.0140458 0.00139722 0)
(0.0128229 0.00796488 0)
(0.0109576 0.017043 0)
(0.00835994 0.0289195 0)
(0.00517533 0.0422785 0)
(0.00202966 0.0508178 0)
(0.000100855 0.0364297 0)
(0.000183938 -0.00622177 0)
(0.00134143 -0.0154077 0)
(0.00290376 -0.0216604 0)
(0.00453569 -0.0251729 0)
(0.00592421 -0.0261656 0)
(0.00686245 -0.0250648 0)
(0.00726802 -0.0225103 0)
(0.00718486 -0.0191975 0)
(0.00674989 -0.0157045 0)
(0.00613797 -0.0123699 0)
(0.00550383 -0.00923592 0)
(0.00493938 -0.00603339 0)
(0.00445165 -0.00220067 0)
(0.00392285 0.00303292 0)
(0.00327039 0.0104183 0)
(0.002392 0.0205326 0)
(0.00129656 0.0333413 0)
(0.000176037 0.0469055 0)
(-0.000545074 0.0541126 0)
(-0.00027051 0.0370149 0)
(0.000110813 -0.00730015 0)
(0.000456554 -0.0173879 0)
(0.000666151 -0.0237299 0)
(0.000570267 -0.0267666 0)
(4.58488e-05 -0.0268816 0)
(-0.000955284 -0.0247096 0)
(-0.00235875 -0.0211686 0)
(-0.00399493 -0.0171869 0)
(-0.00565569 -0.0134476 0)
(-0.00714821 -0.0102516 0)
(-0.00834154 -0.00749972 0)
(-0.00918168 -0.00473923 0)
(-0.00967314 -0.00124825 0)
(-0.00984248 0.00381211 0)
(-0.00966462 0.0111508 0)
(-0.00910026 0.0211797 0)
(-0.00801279 0.0335613 0)
(-0.00622278 0.0460501 0)
(-0.00373303 0.0517909 0)
(-0.000726731 0.0344799 0)
(-9.37425e-05 -0.00702815 0)
(-0.00119985 -0.0162893 0)
(-0.00314085 -0.0216772 0)
(-0.00574583 -0.0237088 0)
(-0.00877985 -0.0228848 0)
(-0.0120191 -0.020031 0)
(-0.0152321 -0.0162131 0)
(-0.018206 -0.0124092 0)
(-0.0207826 -0.00923468 0)
(-0.0228739 -0.00685184 0)
(-0.0244481 -0.00502186 0)
(-0.0254933 -0.00321208 0)
(-0.0259658 -0.000712132 0)
(-0.025708 0.0032329 0)
(-0.0245471 0.0092497 0)
(-0.0222472 0.0176411 0)
(-0.0185565 0.0279938 0)
(-0.0134009 0.0382649 0)
(-0.00730138 0.0427264 0)
(-0.00124849 0.0282197 0)
(-0.000368251 -0.00478458 0)
(-0.00305702 -0.011052 0)
(-0.00726979 -0.0145294 0)
(-0.0123441 -0.0154768 0)
(-0.0175876 -0.0143012 0)
(-0.0224862 -0.0117578 0)
(-0.0267154 -0.00876666 0)
(-0.0301455 -0.00609393 0)
(-0.0328105 -0.00415264 0)
(-0.0348343 -0.00298261 0)
(-0.0363411 -0.00233747 0)
(-0.0373771 -0.00179275 0)
(-0.0378541 -0.000830753 0)
(-0.0375063 0.00110452 0)
(-0.035933 0.00453957 0)
(-0.0326565 0.00975062 0)
(-0.027223 0.0164902 0)
(-0.0195392 0.0234164 0)
(-0.0104775 0.0268275 0)
(-0.00176292 0.0181824 0)
(-0.000437915 -0.00114579 0)
(-0.00289265 -0.00254791 0)
(-0.00693057 -0.00327725 0)
(-0.0116802 -0.00336363 0)
(-0.0163041 -0.00289986 0)
(-0.0202201 -0.0021137 0)
(-0.0231635 -0.0012856 0)
(-0.0251648 -0.000632438 0)
(-0.0264466 -0.000256065 0)
(-0.027294 -0.000155482 0)
(-0.0279487 -0.00026185 0)
(-0.0285421 -0.000468141 0)
(-0.0290549 -0.000643067 0)
(-0.0292827 -0.000622699 0)
(-0.028846 -0.000182924 0)
(-0.0271668 0.000875132 0)
(-0.023586 0.00263612 0)
(-0.0177069 0.00487345 0)
(-0.0101101 0.00658677 0)
(-0.00238969 0.00523687 0)
)
;

boundaryField
{
    leftWall
    {
        type            fixedValue;
        value           uniform (0 0 0);
    }
    rightWall
    {
        type            fixedValue;
        value           uniform (0 0 0);
    }
    topWall
    {
        type            fixedValue;
        value           uniform (0 0 0);
    }
    bottomWall
    {
        type            fixedValue;
        value           uniform (0 0 0);
    }
    frontAndBackPlanes
    {
        type            empty;
    }
}


// ************************************************************************* //
