/*--------------------------------*- C++ -*----------------------------------*\
| =========                 |                                                 |
| \\      /  F ield         | OpenFOAM: The Open Source CFD Toolbox           |
|  \\    /   O peration     | Version:  2506                                  |
|   \\  /    A nd           | Website:  www.openfoam.com                      |
|    \\/     M anipulation  |                                                 |
\*---------------------------------------------------------------------------*/
FoamFile
{
    version     2.0;
    format      ascii;
    arch        "LSB;label=32;scalar=64";
    class       surfaceScalarField;
    location    "17.8";
    object      phi;
}
// * * * * * * * * * * * * * * * * * * * * * * * * * * * * * * * * * * * * * //

dimensions      [1 0 -1 0 0 0 0];

oriented        oriented;

internalField   nonuniform List<scalar> 
370
(
-7.99021e-05
-2.93031e-05
-6.4751e-06
-7.34318e-05
0.0001195
-0.000125984
0.00030141
-0.000181923
0.000534347
-0.000232954
0.000811067
-0.00027674
0.0011237
-0.000312651
0.00146413
-0.000340461
0.00182424
-0.000360132
0.002196
-0.00037179
0.00257164
-0.000375657
0.00294327
-0.000371658
0.00330123
-0.000357979
0.00362812
-0.000326909
0.00388749
-0.000259376
0.0039957
-0.000108207
0.00381022
0.000185503
0.00311121
0.000699052
0.00168925
0.00142203
0.00168929
3.15903e-05
-6.08909e-05
0.000171411
-0.000213247
0.0004176
-0.000372166
0.000760771
-0.00052509
0.00118916
-0.00066134
0.00168809
-0.00077568
0.00224087
-0.000865443
0.00282893
-0.000928537
0.00343141
-0.000962619
0.00402456
-0.000964958
0.00458113
-0.000932241
0.00506888
-0.000859418
0.00544749
-0.000736609
0.00566376
-0.000543188
0.00564275
-0.000238384
0.00528349
0.000251033
0.0044513
0.00101767
0.00304457
0.00210574
0.00123421
0.00323235
0.00292348
6.52523e-05
-0.000126135
0.000251069
-0.000399042
0.000549737
-0.000670806
0.000947985
-0.000923314
0.00143116
-0.0011445
0.00198266
-0.00132717
0.00258333
-0.0014661
0.00321046
-0.00155567
0.0038369
-0.00158906
0.00443055
-0.0015586
0.00495436
-0.00145605
0.00536598
-0.00127103
0.005616
-0.000986623
0.00564463
-0.000571812
0.00537966
2.6577e-05
0.00474587
0.000884793
0.00369924
0.00206423
0.00229153
0.00351333
0.000819956
0.00470378
0.00374335
6.71227e-05
-0.000193243
0.00025028
-0.000582163
0.000534999
-0.000955479
0.000908235
-0.00129651
0.00135666
-0.00159289
0.00186546
-0.00183595
0.00241667
-0.0020173
0.00298719
-0.00212617
0.00354752
-0.00214937
0.00406231
-0.00207335
0.00449228
-0.00188597
0.00479607
-0.00157476
0.00492997
-0.00112046
0.00484575
-0.000487559
0.00449062
0.000381715
0.00382494
0.00155044
0.00284805
0.00304102
0.00165743
0.00470377
0.000536891
0.00582412
0.00428013
5.04134e-05
-0.000243636
0.000186287
-0.000717986
0.000398247
-0.00116738
0.000679028
-0.00157723
0.00102112
-0.00193494
0.00141531
-0.0022301
0.00184804
-0.00244999
0.00229849
-0.00257656
0.00273749
-0.00258826
0.0031298
-0.00246551
0.00343909
-0.00219505
0.00363209
-0.00176756
0.00367892
-0.00116711
0.00354969
-0.000358203
0.00321135
0.000720131
0.00264663
0.00211519
0.00187901
0.00380856
0.00101397
0.00556864
0.000281412
0.00655647
0.00456144
1.40653e-05
-0.000257676
5.88254e-05
-0.000762685
0.000138625
-0.00124711
0.000256757
-0.0016953
0.000414984
-0.00209311
0.000612607
-0.00242766
0.000843162
-0.00268044
0.00109084
-0.00282406
0.00133027
-0.00282736
0.00153145
-0.00266621
0.00166776
-0.00233078
0.0017212
-0.00182043
0.00168118
-0.00112662
0.00153891
-0.000215609
0.00128527
0.000974032
0.000930388
0.00247023
0.000519935
0.00421906
0.000152437
0.00593609
-3.7245e-05
0.00674612
0.00452416
-4.19168e-05
-0.000215732
-0.000130011
-0.000674525
-0.000241071
-0.00113597
-0.000360779
-0.00157552
-0.000477995
-0.00197582
-0.000584001
-0.00232154
-0.000675986
-0.00258821
-0.000760455
-0.0027391
-0.000851559
-0.00273542
-0.000963148
-0.00255344
-0.00109973
-0.00219284
-0.00125325
-0.00166562
-0.00140704
-0.00097181
-0.00154142
-8.04777e-05
-0.00161806
0.00105135
-0.00159408
0.00244677
-0.00141567
0.00404102
-0.00103121
0.00555187
-0.000463203
0.00617827
0.00406102
-0.00010082
-0.000114885
-0.000333428
-0.000441853
-0.000664314
-0.000805004
-0.00107583
-0.00116392
-0.00155182
-0.0014997
-0.00207482
-0.00179827
-0.00262857
-0.00203387
-0.00319996
-0.00216656
-0.00377599
-0.00215754
-0.0043367
-0.00199032
-0.00484959
-0.00167731
-0.00526954
-0.00124322
-0.00554134
-0.000697975
-0.00560895
-1.12545e-05
-0.00537839
0.00082208
-0.00479393
0.00186335
-0.00381507
0.00306297
-0.00246735
0.00420479
-0.000970316
0.00468167
0.0030909
-0.000102162
-1.26987e-05
-0.000393076
-0.000150879
-0.000864492
-0.00033351
-0.00150992
-0.000518382
-0.00231482
-0.000694617
-0.00325563
-0.000857002
-0.00429822
-0.000990218
-0.0053959
-0.00106685
-0.00648919
-0.00106109
-0.00750937
-0.000966124
-0.00838405
-0.000798308
-0.00904008
-0.000583133
-0.00939935
-0.000335264
-0.00936604
-4.18368e-05
-0.00886086
0.000318961
-0.00778935
0.000793499
-0.00610315
0.00137812
-0.00387067
0.00197339
-0.00147216
0.00228395
0.00161912
-1.26727e-05
-0.000163492
-0.000496926
-0.00101522
-0.00170967
-0.00256625
-0.00355541
-0.00462009
-0.00567763
-0.00663899
-0.00743193
-0.00800975
-0.00834025
-0.0083781
-0.00805596
-0.00725992
-0.00587977
-0.00390479
-0.00161968
)
;

boundaryField
{
    leftWall
    {
        type            calculated;
        value           nonuniform List<scalar> 10(1.05879e-22 0 0 0 0 0 0 0 0 0);
    }
    rightWall
    {
        type            calculated;
        value           nonuniform List<scalar> 10(0 0 -4.33681e-19 0 0 0 0 0 -8.67362e-19 0);
    }
    topWall
    {
        type            calculated;
        value           uniform 0;
    }
    bottomWall
    {
        type            calculated;
        value           uniform 0;
    }
    frontAndBackPlanes
    {
        type            empty;
    }
}


// ************************************************************************* //
