/*--------------------------------*- C++ -*----------------------------------*\
| =========                 |                                                 |
| \\      /  F ield         | OpenFOAM: The Open Source CFD Toolbox           |
|  \\    /   O peration     | Version:  2506                                  |
|   \\  /    A nd           | Website:  www.openfoam.com                      |
|    \\/     M anipulation  |                                                 |
\*---------------------------------------------------------------------------*/
FoamFile
{
    version     2.0;
    format      ascii;
    arch        "LSB;label=32;scalar=64";
    class       volVectorField;
    location    "17.8";
    object      U;
}
// * * * * * * * * * * * * * * * * * * * * * * * * * * * * * * * * * * * * * //

dimensions      [0 1 -1 0 0 0 0];

internalField   nonuniform List<vector> 
200
(
(-0.000251617 -9.49669e-05 0)
(-0.0002522 -0.000176099 0)
(0.000165591 -0.000242687 0)
(0.000835924 -0.000352824 0)
(0.00170086 -0.000462477 0)
(0.00276673 -0.000558065 0)
(0.00400151 -0.000639939 0)
(0.00536973 -0.000710133 0)
(0.006837 -0.000771809 0)
(0.00836978 -0.000829786 0)
(0.00993558 -0.000890577 0)
(0.0115033 -0.00096116 0)
(0.0130408 -0.00104516 0)
(0.0145015 -0.00113281 0)
(0.0157876 -0.00117519 0)
(0.0166615 -0.00102396 0)
(0.0166449 -0.00032526 0)
(0.0149004 0.00150384 0)
(0.0105161 0.00469339 0)
(0.00312905 0.00658715 0)
(-7.38312e-06 -0.000341268 0)
(0.000314866 -0.00110458 0)
(0.00112761 -0.00193393 0)
(0.00236714 -0.00277211 0)
(0.00398713 -0.0035322 0)
(0.00593347 -0.00418117 0)
(0.00814089 -0.0047061 0)
(0.010536 -0.00510059 0)
(0.0130373 -0.00535959 0)
(0.0155524 -0.00547801 0)
(0.0179762 -0.00544892 0)
(0.0201865 -0.0052561 0)
(0.022036 -0.00485451 0)
(0.0233372 -0.00412944 0)
(0.0238375 -0.00281984 0)
(0.0231683 -0.000391152 0)
(0.0207735 0.00403012 0)
(0.016087 0.0111807 0)
(0.00924289 0.0197091 0)
(0.00158549 0.0197258 0)
(4.47152e-05 -0.000754493 0)
(0.000555552 -0.0025019 0)
(0.00156351 -0.00430686 0)
(0.00302818 -0.00600964 0)
(0.00488033 -0.00751289 0)
(0.00705284 -0.0087644 0)
(0.00947242 -0.0097323 0)
(0.0120532 -0.0103872 0)
(0.0146923 -0.0106942 0)
(0.0172665 -0.0106128 0)
(0.0196323 -0.0100949 0)
(0.0216252 -0.00907331 0)
(0.0230568 -0.00743018 0)
(0.0237058 -0.00494004 0)
(0.0233007 -0.00118927 0)
(0.0214831 0.00449339 0)
(0.0179821 0.0127744 0)
(0.0127422 0.0236419 0)
(0.00647658 0.0336252 0)
(0.000856024 0.0283422 0)
(4.77511e-05 -0.00134724 0)
(0.00056905 -0.00414623 0)
(0.00154303 -0.00687331 0)
(0.00292551 -0.00937941 0)
(0.00465113 -0.0115616 0)
(0.00666021 -0.0133535 0)
(0.00888667 -0.0147002 0)
(0.0112469 -0.0155364 0)
(0.013632 -0.0157823 0)
(0.0159062 -0.0153505 0)
(0.0179126 -0.014153 0)
(0.0194828 -0.0120879 0)
(0.0204428 -0.00899508 0)
(0.0206085 -0.00458752 0)
(0.0197436 0.0016154 0)
(0.0176411 0.0101917 0)
(0.014181 0.021511 0)
(0.00950233 0.0347214 0)
(0.00441063 0.044566 0)
(0.000474956 0.0340095 0)
(3.87123e-05 -0.00187045 0)
(0.000426428 -0.00555593 0)
(0.00114942 -0.00905437 0)
(0.00218219 -0.0122357 0)
(0.00348738 -0.0149979 0)
(0.00503059 -0.0172627 0)
(0.00676717 -0.0189448 0)
(0.00862757 -0.019928 0)
(0.0105077 -0.0200703 0)
(0.012271 -0.0192329 0)
(0.0137649 -0.0173045 0)
(0.0148426 -0.0141857 0)
(0.0153777 -0.00972206 0)
(0.0152587 -0.00361133 0)
(0.0143043 0.00464234 0)
(0.0124258 0.0155017 0)
(0.00960138 0.0289938 0)
(0.00604758 0.0435102 0)
(0.00247812 0.0524749 0)
(0.000170333 0.0374857 0)
(1.11367e-05 -0.00216856 0)
(0.000125028 -0.00638387 0)
(0.000381063 -0.0103798 0)
(0.00079127 -0.0140358 0)
(0.0013657 -0.0172459 0)
(0.0021085 -0.0199152 0)
(0.00300732 -0.0219152 0)
(0.00401721 -0.0230582 0)
(0.00505134 -0.0231233 0)
(0.00599067 -0.021923 0)
(0.00671256 -0.019353 0)
(0.00712197 -0.0153641 0)
(0.00716672 -0.00984842 0)
(0.00682558 -0.00250479 0)
(0.00598207 0.0071803 0)
(0.00469922 0.0195418 0)
(0.00306516 0.0342691 0)
(0.00134105 0.0491328 0)
(5.01863e-06 0.0567488 0)
(-0.000206764 0.0386385 0)
(-3.66615e-05 -0.0020733 0)
(-0.000328319 -0.00625968 0)
(-0.000746967 -0.0103402 0)
(-0.00123827 -0.0141568 0)
(-0.00174201 -0.0175848 0)
(-0.00221436 -0.0205073 0)
(-0.00263043 -0.0227436 0)
(-0.00299818 -0.0240212 0)
(-0.00336252 -0.0240373 0)
(-0.00378519 -0.0225765 0)
(-0.00430834 -0.019582 0)
(-0.00492654 -0.0150914 0)
(-0.00558447 -0.00905957 0)
(-0.00619076 -0.00120499 0)
(-0.00668494 0.00891184 0)
(-0.00681076 0.021454 0)
(-0.00638618 0.0358604 0)
(-0.00520912 0.0496377 0)
(-0.00326176 0.0555768 0)
(-0.000668293 0.0367287 0)
(-9.17675e-05 -0.00145004 0)
(-0.000808737 -0.00487337 0)
(-0.00197801 -0.00846443 0)
(-0.00353673 -0.011948 0)
(-0.00540135 -0.0151663 0)
(-0.00749944 -0.0179864 0)
(-0.00976262 -0.0201851 0)
(-0.0121321 -0.0214241 0)
(-0.0145551 -0.02136 0)
(-0.0169634 -0.0198099 0)
(-0.0192473 -0.0168181 0)
(-0.021247 -0.012537 0)
(-0.022763 -0.00701058 0)
(-0.0235596 -4.15969e-05 0)
(-0.0232611 0.0086929 0)
(-0.0215578 0.01935 0)
(-0.0182297 0.0314387 0)
(-0.0132601 0.0427607 0)
(-0.00725114 0.0472189 0)
(-0.00125203 0.0308281 0)
(-7.45295e-05 -0.000445707 0)
(-0.000868995 -0.00244869 0)
(-0.00244047 -0.00487568 0)
(-0.00477387 -0.00733596 0)
(-0.00781152 -0.00967612 0)
(-0.0114746 -0.0117935 0)
(-0.0156485 -0.0134866 0)
(-0.0201684 -0.0144365 0)
(-0.0248114 -0.014345 0)
(-0.0293043 -0.0131137 0)
(-0.0333467 -0.0108894 0)
(-0.0366352 -0.00791816 0)
(-0.0388671 -0.00432948 0)
(-0.0396988 -1.04422e-05 0)
(-0.0386104 0.00536904 0)
(-0.0353128 0.0121128 0)
(-0.0294485 0.019999 0)
(-0.0210624 0.0275934 0)
(-0.0112232 0.0308825 0)
(-0.00187512 0.0205474 0)
(6.36304e-05 0.000126472 0)
(-0.000217611 -0.000252032 0)
(-0.00121914 -0.000814307 0)
(-0.00299073 -0.00139243 0)
(-0.00552382 -0.0019503 0)
(-0.00877633 -0.00247806 0)
(-0.0126634 -0.00292388 0)
(-0.0170062 -0.00318603 0)
(-0.0215063 -0.00317045 0)
(-0.0257946 -0.00286715 0)
(-0.0295272 -0.00236596 0)
(-0.0324576 -0.00179031 0)
(-0.0344286 -0.00120609 0)
(-0.0352862 -0.000559867 0)
(-0.0347895 0.00034893 0)
(-0.0325077 0.00180313 0)
(-0.0278953 0.00391214 0)
(-0.0206857 0.006396 0)
(-0.0116802 0.00810083 0)
(-0.00277074 0.00616864 0)
)
;

boundaryField
{
    leftWall
    {
        type            fixedValue;
        value           uniform (0 0 0);
    }
    rightWall
    {
        type            fixedValue;
        value           uniform (0 0 0);
    }
    topWall
    {
        type            fixedValue;
        value           uniform (0 0 0);
    }
    bottomWall
    {
        type            fixedValue;
        value           uniform (0 0 0);
    }
    frontAndBackPlanes
    {
        type            empty;
    }
}


// ************************************************************************* //
