/*--------------------------------*- C++ -*----------------------------------*\
| =========                 |                                                 |
| \\      /  F ield         | OpenFOAM: The Open Source CFD Toolbox           |
|  \\    /   O peration     | Version:  2506                                  |
|   \\  /    A nd           | Website:  www.openfoam.com                      |
|    \\/     M anipulation  |                                                 |
\*---------------------------------------------------------------------------*/
FoamFile
{
    version     2.0;
    format      ascii;
    arch        "LSB;label=32;scalar=64";
    class       surfaceScalarField;
    location    "96.6";
    object      phi;
}
// * * * * * * * * * * * * * * * * * * * * * * * * * * * * * * * * * * * * * //

dimensions      [1 0 -1 0 0 0 0];

oriented        oriented;

internalField   nonuniform List<scalar> 
370
(
0.000234713
-0.000281257
0.000664285
-0.000429495
0.00105025
-0.000385849
0.0013299
-0.000279517
0.00150615
-0.00017609
0.00160916
-0.000102841
0.00167444
-6.51015e-05
0.00173271
-5.80897e-05
0.00180716
-7.42562e-05
0.00191408
-0.000106715
0.00206464
-0.000150355
0.0022659
-0.00020105
0.00251927
-0.000253149
0.00281397
-0.000294474
0.00311284
-0.000298649
0.00332653
-0.000213454
0.00327305
5.37126e-05
0.00273546
0.000537833
0.00149581
0.00123986
0.00149592
0.00037271
-0.000653926
0.00101375
-0.00107042
0.00164192
-0.00101387
0.00214367
-0.000781088
0.00250271
-0.000534932
0.00274665
-0.000346577
0.00291623
-0.000234465
0.00304968
-0.000191327
0.00317627
-0.000200632
0.00331493
-0.000245161
0.00347469
-0.000309884
0.00365427
-0.000380403
0.00383878
-0.000437424
0.00399194
-0.0004474
0.00404382
-0.000350279
0.00388166
-5.1047e-05
0.00336528
0.000570345
0.00234545
0.00155791
0.000953553
0.00263197
0.00244958
0.000385105
-0.00103898
0.00102362
-0.00170879
0.00164351
-0.00163356
0.00214006
-0.0012774
0.00250022
-0.000894847
0.00274973
-0.000595823
0.00292365
-0.000408131
0.00305282
-0.000320243
0.00315913
-0.000306683
0.00325501
-0.000340787
0.00334404
-0.000398658
0.00342038
-0.000456488
0.00346567
-0.000482444
0.00344326
-0.000424726
0.00329337
-0.000200117
0.00293551
0.000307093
0.00230918
0.00119695
0.00142278
0.00244456
0.000486381
0.00356859
0.00293606
0.000349741
-0.00138866
0.000896499
-0.00225538
0.00139498
-0.0021318
0.00176935
-0.0016515
0.00202474
-0.00114994
0.00219238
-0.000763173
0.00230345
-0.000518908
0.00238011
-0.000396623
0.0024351
-0.000361379
0.00247405
-0.000379452
0.00249751
-0.000421838
0.00250066
-0.000459346
0.00247014
-0.000451635
0.00237924
-0.00033354
0.002187
-7.58511e-06
0.00184932
0.000645073
0.00134805
0.00169851
0.000735811
0.00305708
0.000194161
0.00411046
0.00313032
0.000287327
-0.00167591
0.000682293
-0.00265016
0.000991309
-0.00244055
0.00118349
-0.00184338
0.00128832
-0.00125446
0.00134229
-0.000816837
0.00137018
-0.000546483
0.00138376
-0.000409907
0.00138678
-0.000364092
0.00137974
-0.000372115
0.00136219
-0.000403994
0.00133162
-0.000428478
0.00127978
-0.000399488
0.00118898
-0.000242437
0.00103219
0.000149523
0.000792571
0.000885001
0.000478731
0.00201265
0.000163007
0.00337309
-2.08701e-05
0.00429457
0.00310954
0.000192845
-0.00186868
0.00037027
-0.00282737
0.000428521
-0.00249852
0.00039837
-0.00181292
0.000332095
-0.00118787
0.000262976
-0.000747406
0.000202702
-0.000485903
0.000150768
-0.000357672
0.000103389
-0.000316416
5.79256e-05
-0.000326354
1.28882e-05
-0.00035866
-3.46125e-05
-0.000380681
-9.1293e-05
-0.000342507
-0.00016686
-0.000166561
-0.00026603
0.000249012
-0.000376073
0.000995367
-0.000454214
0.00209111
-0.0004261
0.00334527
-0.000236672
0.00410536
0.00287296
3.29896e-05
-0.00190159
-9.95548e-05
-0.0026946
-0.000358577
-0.00223921
-0.000644504
-0.00152668
-0.000895406
-0.000936657
-0.00109377
-0.000548738
-0.00124628
-0.000333102
-0.00136609
-0.000237572
-0.00146413
-0.000218083
-0.00154744
-0.000242754
-0.00162081
-0.000285002
-0.0016883
-0.000312902
-0.0017516
-0.000278919
-0.00180346
-0.000114397
-0.00181558
0.000261431
-0.00173854
0.000918642
-0.00150567
0.00185853
-0.00106383
0.00290369
-0.000458246
0.00349997
0.00241479
-0.000232715
-0.00166878
-0.000797297
-0.00212979
-0.00143221
-0.001604
-0.00197962
-0.000978964
-0.00239506
-0.000520925
-0.00269291
-0.000250591
-0.00290601
-0.000119723
-0.0030641
-7.92019e-05
-0.00318957
-9.23448e-05
-0.00329769
-0.000134359
-0.00339663
-0.000185794
-0.00348646
-0.000222808
-0.00355411
-0.000210995
-0.00356543
-0.000102814
-0.00346067
0.000156937
-0.00315998
0.000618227
-0.00258607
0.00128488
-0.00171541
0.00203326
-0.000688663
0.00247339
0.0017262
-0.00064438
-0.00102429
-0.00171291
-0.00106101
-0.00265528
-0.000661351
-0.003318
-0.000315949
-0.00373295
-0.000105681
-0.00397507
-8.19332e-06
-0.00412453
3.00044e-05
-0.00422776
2.42801e-05
-0.00431638
-3.47278e-06
-0.00441234
-3.81614e-05
-0.004521
-7.69075e-05
-0.00463504
-0.000108543
-0.00472682
-0.000118991
-0.00474124
-8.81833e-05
-0.00459725
1.31612e-05
-0.0041822
0.000203384
-0.00340094
0.000503816
-0.00223429
0.000866793
-0.000879912
0.00111915
0.000846342
-0.00102418
-0.00208495
-0.00274601
-0.00306167
-0.00316707
-0.003175
-0.00314475
-0.00312023
-0.00312348
-0.00316144
-0.00323814
-0.0033465
-0.00346532
-0.00355333
-0.00354002
-0.00333648
-0.00283253
-0.00196562
-0.000846381
)
;

boundaryField
{
    leftWall
    {
        type            calculated;
        value           nonuniform List<scalar> 10(0 1.35525e-20 0 0 0 0 0 0 0 -8.67362e-19);
    }
    rightWall
    {
        type            calculated;
        value           nonuniform List<scalar> 10(0 2.1684e-19 0 4.33681e-19 0 0 4.33681e-19 0 4.33681e-19 0);
    }
    topWall
    {
        type            calculated;
        value           uniform 0;
    }
    bottomWall
    {
        type            calculated;
        value           uniform 0;
    }
    frontAndBackPlanes
    {
        type            empty;
    }
}


// ************************************************************************* //
