/*--------------------------------*- C++ -*----------------------------------*\
| =========                 |                                                 |
| \\      /  F ield         | OpenFOAM: The Open Source CFD Toolbox           |
|  \\    /   O peration     | Version:  2506                                  |
|   \\  /    A nd           | Website:  www.openfoam.com                      |
|    \\/     M anipulation  |                                                 |
\*---------------------------------------------------------------------------*/
FoamFile
{
    version     2.0;
    format      ascii;
    arch        "LSB;label=32;scalar=64";
    class       surfaceScalarField;
    location    "89.4";
    object      phi;
}
// * * * * * * * * * * * * * * * * * * * * * * * * * * * * * * * * * * * * * //

dimensions      [1 0 -1 0 0 0 0];

oriented        oriented;

internalField   nonuniform List<scalar> 
370
(
0.000203347
-0.000254239
0.000598245
-0.000394817
0.000959578
-0.000361215
0.00122824
-0.000268516
0.00140462
-0.000176219
0.00151491
-0.000110115
0.00159111
-7.60219e-05
0.00166158
-7.0276e-05
0.00174817
-8.6395e-05
0.00186671
-0.00011834
0.0020285
-0.000161583
0.00224098
-0.00021226
0.00250587
-0.000264672
0.00281248
-0.00030638
0.0031233
-0.000310595
0.00334819
-0.000224654
0.00330164
4.67944e-05
0.00276553
0.000536345
0.00151611
0.00124964
0.00151622
0.000346571
-0.000600767
0.000949916
-0.000998047
0.00154888
-0.000960015
0.00203523
-0.000754671
0.00239141
-0.000532195
0.00264154
-0.00036002
0.00282273
-0.000256993
0.00297044
-0.000217766
0.00311222
-0.000227944
0.00326617
-0.000272059
0.00344106
-0.000336236
0.00363565
-0.000406608
0.00383503
-0.000463814
0.00400262
-0.000473713
0.00406751
-0.00037523
0.00391477
-7.16535e-05
0.00340315
0.000558671
0.00237735
0.0015624
0.00096893
0.00265828
0.00248526
0.000368961
-0.000969671
0.000985723
-0.00161465
0.00159038
-0.00156445
0.0020808
-0.00124484
0.00244244
-0.00089357
0.00269848
-0.000615785
0.00288174
-0.000439973
0.00302148
-0.000357233
0.00313871
-0.000344899
0.00324548
-0.000378552
0.00334527
-0.000435746
0.00343225
-0.000493313
0.00348801
-0.000519286
0.00347551
-0.00046092
0.00333371
-0.000233138
0.00298022
0.000282122
0.00235108
0.0011881
0.00145336
0.00246041
0.000499314
0.00361256
0.00298469
0.000343046
-0.00131265
0.000884769
-0.00215619
0.00138415
-0.00206358
0.00176417
-0.00162455
0.00202737
-0.00115646
0.002203
-0.000791098
0.0023212
-0.000557856
0.00240391
-0.000439628
0.00246404
-0.000404711
0.00250755
-0.000421748
0.00253525
-0.000463141
0.00254251
-0.000500258
0.00251607
-0.000492525
0.00242903
-0.00037356
0.00223894
-4.27311e-05
0.00189982
0.000621568
0.00139106
0.00169718
0.000764573
0.0030872
0.000205018
0.00417235
0.00318981
0.000288581
-0.00160115
0.000692451
-0.00255985
0.00101525
-0.00238609
0.00122154
-0.00183051
0.00133773
-0.00127231
0.0013992
-0.000852232
0.00143105
-0.000589361
0.00144603
-0.000454274
0.00144889
-0.000407243
0.00144093
-0.000413463
0.00142217
-0.00044405
0.00139032
-0.000468084
0.00133732
-0.000439185
0.00124526
-0.000281168
0.00108652
0.000116354
0.000841234
0.000867202
0.000517208
0.00202154
0.000187003
0.00341771
-1.18159e-05
0.00437142
0.0031781
0.000199713
-0.00180078
0.000395934
-0.00275585
0.00047515
-0.00246499
0.000461761
-0.00181677
0.000405685
-0.00121588
0.000340756
-0.000786957
0.000280363
-0.000528629
0.00022572
-0.000399297
0.000174317
-0.00035551
0.000124312
-0.000363128
7.46489e-05
-0.000394058
2.25767e-05
-0.000415681
-3.88149e-05
-0.000377459
-0.000119712
-0.000199928
-0.000225821
0.000222818
-0.00034431
0.000986048
-0.000432565
0.00211014
-0.000415309
0.00340077
-0.000234782
0.00419113
0.00294341
4.44668e-05
-0.00184516
-6.63426e-05
-0.00264479
-0.000304324
-0.00222669
-0.000576658
-0.00154409
-0.000822137
-0.000970057
-0.0010212
-0.000587559
-0.00117812
-0.000371376
-0.00130427
-0.00027283
-0.00140945
-0.000250005
-0.00150009
-0.000272166
-0.00158071
-0.000313123
-0.00165539
-0.000340673
-0.00172628
-0.000306248
-0.00178672
-0.000139144
-0.00180832
0.000244753
-0.00173993
0.000917997
-0.00151298
0.00188352
-0.00107272
0.00296081
-0.000463703
0.00358234
0.00247979
-0.000219675
-0.00162538
-0.000763041
-0.00210116
-0.0013827
-0.0016067
-0.00192437
-0.00100209
-0.00234198
-0.000552108
-0.00264707
-0.000282143
-0.00286964
-0.000148497
-0.0030382
-0.000103954
-0.00317444
-0.000113467
-0.00329302
-0.000153279
-0.00340213
-0.00020372
-0.00350202
-0.000240483
-0.00357979
-0.000228179
-0.00360097
-0.000117666
-0.0035043
0.000148382
-0.00320739
0.000621392
-0.00263036
0.00130678
-0.00174813
0.00207883
-0.000703189
0.00253759
0.00177668
-0.000627208
-0.00099805
-0.00167701
-0.00105109
-0.00261411
-0.000669283
-0.00328344
-0.000332426
-0.00371176
-0.000123464
-0.00397136
-2.22329e-05
-0.00413473
1.51705e-05
-0.00425124
1.284e-05
-0.00435324
-1.11909e-05
-0.00446079
-4.54554e-05
-0.00458054
-8.3714e-05
-0.00470542
-0.000115354
-0.00480751
-0.000125847
-0.00483054
-9.43965e-05
-0.00469171
9.79636e-06
-0.00427458
0.000204497
-0.00348111
0.00051353
-0.00229033
0.000888245
-0.000903424
0.00115083
0.000873321
-0.000997922
-0.00204874
-0.0027177
-0.0030498
-0.00317295
-0.00319489
-0.00317944
-0.00316634
-0.00317728
-0.0032225
-0.00330599
-0.00342114
-0.00354679
-0.003641
-0.00363103
-0.00342637
-0.00291268
-0.0020243
-0.000873365
)
;

boundaryField
{
    leftWall
    {
        type            calculated;
        value           uniform 0;
    }
    rightWall
    {
        type            calculated;
        value           nonuniform List<scalar> 10(0 0 0 0 4.33681e-19 0 0 0 0 0);
    }
    topWall
    {
        type            calculated;
        value           uniform 0;
    }
    bottomWall
    {
        type            calculated;
        value           uniform 0;
    }
    frontAndBackPlanes
    {
        type            empty;
    }
}


// ************************************************************************* //
