/*--------------------------------*- C++ -*----------------------------------*\
| =========                 |                                                 |
| \\      /  F ield         | OpenFOAM: The Open Source CFD Toolbox           |
|  \\    /   O peration     | Version:  2506                                  |
|   \\  /    A nd           | Website:  www.openfoam.com                      |
|    \\/     M anipulation  |                                                 |
\*---------------------------------------------------------------------------*/
FoamFile
{
    version     2.0;
    format      ascii;
    arch        "LSB;label=32;scalar=64";
    class       volVectorField;
    location    "89.4";
    object      U;
}
// * * * * * * * * * * * * * * * * * * * * * * * * * * * * * * * * * * * * * //

dimensions      [0 1 -1 0 0 0 0];

internalField   nonuniform List<vector> 
200
(
(0.000258926 -0.000838591 0)
(0.00164246 -0.0011124 0)
(0.00325389 -0.000861266 0)
(0.00462693 -0.000519457 0)
(0.00555773 -0.000247426 0)
(0.00613432 -8.8428e-05 0)
(0.00649736 -3.66772e-05 0)
(0.00678051 -6.80489e-05 0)
(0.00709051 -0.000158287 0)
(0.00750582 -0.000291355 0)
(0.00808263 -0.000460979 0)
(0.00886127 -0.000667122 0)
(0.00986587 -0.000906807 0)
(0.0110895 -0.00115696 0)
(0.0124495 -0.00134442 0)
(0.013687 -0.00129256 0)
(0.0142114 -0.000634777 0)
(0.0131023 0.00119418 0)
(0.00941454 0.00429853 0)
(0.00284653 0.00603364 0)
(0.000400327 -0.00351654 0)
(0.00266418 -0.00569759 0)
(0.00524966 -0.005363 0)
(0.00757261 -0.00410935 0)
(0.00934109 -0.00280059 0)
(0.0105827 -0.00182491 0)
(0.0114483 -0.00128494 0)
(0.0121031 -0.00114219 0)
(0.0126837 -0.00130862 0)
(0.0132865 -0.00169514 0)
(0.0139684 -0.0022277 0)
(0.0147468 -0.00283708 0)
(0.0155934 -0.00342317 0)
(0.0164092 -0.00379088 0)
(0.0169828 -0.00355705 0)
(0.0169354 -0.00204482 0)
(0.0156601 0.00173559 0)
(0.0124638 0.00853607 0)
(0.00728424 0.0168562 0)
(0.00124986 0.0173152 0)
(0.000428481 -0.00656634 0)
(0.00280129 -0.0109594 0)
(0.00542005 -0.0106413 0)
(0.0077599 -0.00847216 0)
(0.00954923 -0.00607371 0)
(0.010818 -0.00418033 0)
(0.011705 -0.00300288 0)
(0.0123528 -0.00249055 0)
(0.0128709 -0.00249188 0)
(0.0133292 -0.0028392 0)
(0.0137603 -0.00337686 0)
(0.0141611 -0.00394471 0)
(0.0144852 -0.00432162 0)
(0.0146231 -0.00413385 0)
(0.0143734 -0.00274923 0)
(0.0134066 0.000771848 0)
(0.0113791 0.00738994 0)
(0.00812297 0.017202 0)
(0.0040646 0.0268695 0)
(0.000481652 0.0234044 0)
(0.000409852 -0.00959194 0)
(0.00257038 -0.0159421 0)
(0.0047971 -0.015432 0)
(0.0066704 -0.0122854 0)
(0.00801463 -0.00883819 0)
(0.00890907 -0.00610604 0)
(0.0094971 -0.00435207 0)
(0.00989718 -0.00347957 0)
(0.0101838 -0.00326401 0)
(0.0103951 -0.00346859 0)
(0.0105447 -0.00387745 0)
(0.0106259 -0.00426683 0)
(0.0106048 -0.00432645 0)
(0.0104015 -0.00354977 0)
(0.00987018 -0.00114478 0)
(0.00878641 0.00390561 0)
(0.00700787 0.0123648 0)
(0.00454248 0.0237035 0)
(0.00187475 0.0331941 0)
(9.95078e-05 0.0262688 0)
(0.00036925 -0.0122774 0)
(0.00210098 -0.020003 0)
(0.00364397 -0.0189929 0)
(0.00475853 -0.0148408 0)
(0.00541864 -0.0104962 0)
(0.00576616 -0.00713943 0)
(0.00594138 -0.00499943 0)
(0.00602768 -0.00389123 0)
(0.00605963 -0.00351453 0)
(0.00604706 -0.00358661 0)
(0.00599191 -0.00386553 0)
(0.00589106 -0.00409815 0)
(0.00572593 -0.0039165 0)
(0.00544401 -0.00271614 0)
(0.00493747 0.000401673 0)
(0.0040957 0.00643285 0)
(0.00287999 0.0159316 0)
(0.00142505 0.0277878 0)
(0.000147196 0.0364132 0)
(-0.000168731 0.0270469 0)
(0.000296063 -0.0143872 0)
(0.0013436 -0.0226581 0)
(0.00190391 -0.0208253 0)
(0.00201515 -0.0157546 0)
(0.00184227 -0.0108031 0)
(0.00156888 -0.00714484 0)
(0.00129745 -0.00488208 0)
(0.00105526 -0.00371959 0)
(0.000834679 -0.00330145 0)
(0.000624068 -0.00333226 0)
(0.000417521 -0.00357024 0)
(0.000208331 -0.00374619 0)
(-2.30997e-05 -0.00344426 0)
(-0.000314941 -0.00199022 0)
(-0.000719519 0.00155065 0)
(-0.00121525 0.00807087 0)
(-0.00168349 0.0178372 0)
(-0.00187409 0.0292722 0)
(-0.00150727 0.0365815 0)
(-0.000367323 0.026043 0)
(0.00016581 -0.0155131 0)
(0.000112936 -0.0232166 0)
(-0.000708435 -0.0203107 0)
(-0.00184441 -0.0146171 0)
(-0.00295884 -0.00954356 0)
(-0.00389515 -0.00602292 0)
(-0.00463349 -0.00395233 0)
(-0.00521585 -0.0029445 0)
(-0.00569138 -0.00263186 0)
(-0.00609511 -0.00273553 0)
(-0.00644978 -0.00302085 0)
(-0.00677502 -0.00320408 0)
(-0.00708905 -0.00285098 0)
(-0.00738889 -0.00131162 0)
(-0.00760775 0.00222783 0)
(-0.00755537 0.00845705 0)
(-0.00695953 0.0174273 0)
(-0.00555019 0.0274943 0)
(-0.00333205 0.0333706 0)
(-0.000617265 0.0231441 0)
(-0.000137859 -0.0149058 0)
(-0.00192472 -0.0205957 0)
(-0.00450192 -0.016712 0)
(-0.00701674 -0.0111057 0)
(-0.00904174 -0.00662244 0)
(-0.0105352 -0.00376154 0)
(-0.0116111 -0.00222634 0)
(-0.0124051 -0.00159712 0)
(-0.0130256 -0.00153734 0)
(-0.0135487 -0.0018058 0)
(-0.0140233 -0.00219582 0)
(-0.0144716 -0.00245263 0)
(-0.0148751 -0.0022049 0)
(-0.0151432 -0.000937611 0)
(-0.0150594 0.00195023 0)
(-0.0142926 0.00695776 0)
(-0.0124666 0.0140738 0)
(-0.0093446 0.0219499 0)
(-0.00522277 0.0264247 0)
(-0.000890799 0.0182301 0)
(-0.00074381 -0.0114447 0)
(-0.00485432 -0.0138589 0)
(-0.00914442 -0.00980788 0)
(-0.0125685 -0.00545998 0)
(-0.0148406 -0.00248666 0)
(-0.0162194 -0.000875129 0)
(-0.0170483 -0.000214234 0)
(-0.0175947 -0.000128186 0)
(-0.0180294 -0.00036616 0)
(-0.0184581 -0.000770857 0)
(-0.018938 -0.00121794 0)
(-0.0194728 -0.00155935 0)
(-0.0199965 -0.0015802 0)
(-0.0203426 -0.000981406 0)
(-0.0202034 0.000602694 0)
(-0.0191116 0.00353115 0)
(-0.0165766 0.00787089 0)
(-0.0123212 0.0128606 0)
(-0.00679288 0.0159779 0)
(-0.00115835 0.0113787 0)
(-0.00181908 -0.00389304 0)
(-0.00657768 -0.00360943 0)
(-0.0101993 -0.00185575 0)
(-0.0123004 -0.000539461 0)
(-0.0131892 0.000132664 0)
(-0.0134189 0.000373578 0)
(-0.0133815 0.000381245 0)
(-0.0132933 0.000281043 0)
(-0.0132741 0.000135032 0)
(-0.0133877 -3.14311e-05 0)
(-0.0136629 -0.000205202 0)
(-0.0140978 -0.000371588 0)
(-0.0146399 -0.000500334 0)
(-0.0151602 -0.000534731 0)
(-0.0154157 -0.000378697 0)
(-0.0150441 0.000119242 0)
(-0.0135543 0.00109346 0)
(-0.0105362 0.00249555 0)
(-0.00619869 0.00374803 0)
(-0.00148599 0.00319462 0)
)
;

boundaryField
{
    leftWall
    {
        type            fixedValue;
        value           uniform (0 0 0);
    }
    rightWall
    {
        type            fixedValue;
        value           uniform (0 0 0);
    }
    topWall
    {
        type            fixedValue;
        value           uniform (0 0 0);
    }
    bottomWall
    {
        type            fixedValue;
        value           uniform (0 0 0);
    }
    frontAndBackPlanes
    {
        type            empty;
    }
}


// ************************************************************************* //
