/*--------------------------------*- C++ -*----------------------------------*\
| =========                 |                                                 |
| \\      /  F ield         | OpenFOAM: The Open Source CFD Toolbox           |
|  \\    /   O peration     | Version:  2506                                  |
|   \\  /    A nd           | Website:  www.openfoam.com                      |
|    \\/     M anipulation  |                                                 |
\*---------------------------------------------------------------------------*/
FoamFile
{
    version     2.0;
    format      ascii;
    arch        "LSB;label=32;scalar=64";
    class       surfaceScalarField;
    location    "31.4";
    object      phi;
}
// * * * * * * * * * * * * * * * * * * * * * * * * * * * * * * * * * * * * * //

dimensions      [1 0 -1 0 0 0 0];

oriented        oriented;

internalField   nonuniform List<scalar> 
370
(
-5.64937e-05
-4.69506e-05
7.72156e-05
-0.000133706
0.000291583
-0.000214361
0.000568651
-0.000277061
0.000880439
-0.000311778
0.00120141
-0.000320962
0.00151372
-0.000312294
0.00180846
-0.000294729
0.00208493
-0.000276469
0.00234871
-0.000263774
0.002609
-0.000260275
0.00287532
-0.000266322
0.00315243
-0.000277105
0.00343301
-0.000280575
0.00368428
-0.000251268
0.00382086
-0.000136572
0.0036832
0.000137681
0.00304109
0.000642144
0.00166513
0.001376
0.00166516
0.000103021
-0.000149965
0.00041095
-0.000441617
0.000874353
-0.000677732
0.00143242
-0.000835084
0.00203015
-0.000909452
0.0026232
-0.000913945
0.00318137
-0.000870395
0.0036884
-0.00080169
0.00413883
-0.000726826
0.00453337
-0.000658254
0.00487359
-0.000600434
0.00515579
-0.000548461
0.00536442
-0.000485684
0.00546318
-0.000379288
0.00538455
-0.0001726
0.00502505
0.000222963
0.00424572
0.000917052
0.0029188
0.00196913
0.0011895
0.00310539
0.00285472
0.000186233
-0.000336183
0.00063863
-0.000893967
0.0012581
-0.00129712
0.00195192
-0.00152878
0.00264695
-0.00160431
0.00329379
-0.0015606
0.00386552
-0.00144192
0.00435238
-0.00128835
0.004755
-0.00112925
0.00507741
-0.000980485
0.00532057
-0.000843416
0.00547599
-0.000703724
0.00551968
-0.000529236
0.00540701
-0.000266497
0.00507078
0.00016373
0.00443538
0.000858453
0.00344585
0.00190667
0.00213266
0.00328245
0.000761533
0.00447666
0.00361634
0.000237269
-0.000573422
0.000773755
-0.00143035
0.00145581
-0.00197899
0.00216226
-0.00223495
0.00281095
-0.00225265
0.00335848
-0.00210773
0.00379254
-0.00187557
0.00412063
-0.00161604
0.00435903
-0.00136727
0.00452379
-0.00114489
0.00462362
-0.00094293
0.00465402
-0.000733838
0.00459239
-0.000467352
0.00439755
-7.14386e-05
0.00401261
0.000548857
0.00338966
0.00148156
0.0025112
0.00278528
0.00145121
0.00434261
0.000461385
0.00546668
0.00407784
0.000261854
-0.000835222
0.000802185
-0.0019705
0.00142913
-0.00260558
0.00201028
-0.00281557
0.00247134
-0.00271305
0.00278936
-0.00242503
0.00297778
-0.00206328
0.00306837
-0.00170598
0.00309652
-0.00139482
0.00309119
-0.00113903
0.00306846
-0.000919722
0.00302714
-0.000692104
0.00294649
-0.000386333
0.00278659
8.87617e-05
0.00250108
0.000834624
0.00205295
0.00192992
0.00144345
0.003395
0.000753081
0.00503323
0.000187743
0.00603226
0.00426571
0.000234668
-0.0010698
0.000652856
-0.00238836
0.00106219
-0.00301428
0.00135275
-0.00310522
0.00148082
-0.00284004
0.00146059
-0.00240371
0.00133771
-0.00193939
0.00116641
-0.0015338
0.000993523
-0.0012212
0.000850167
-0.00099504
0.000748853
-0.000817846
0.000683626
-0.00062637
0.000632278
-0.000334528
0.00056147
0.000159951
0.000441976
0.000954453
0.000260898
0.00211131
4.55329e-05
0.00361068
-0.000123435
0.00520255
-0.000136579
0.00604568
0.00412924
0.000115385
-0.00118503
0.000227069
-0.00249951
0.000212256
-0.00299845
3.27872e-05
-0.00292435
-0.000287793
-0.0025179
-0.00069473
-0.00199533
-0.00112236
-0.00151055
-0.00151641
-0.00113879
-0.00184293
-0.000893892
-0.00208804
-0.000749246
-0.00225292
-0.000652328
-0.00234701
-0.000531643
-0.00238104
-0.000299884
-0.00235844
0.000137902
-0.00226603
0.000862562
-0.00207861
0.00192436
-0.00174708
0.00327959
-0.00121669
0.00467256
-0.000525592
0.00535487
0.00360376
-0.000138076
-0.00104671
-0.000548003
-0.00208875
-0.00117052
-0.00237445
-0.00191765
-0.00217532
-0.0026944
-0.00173923
-0.00342293
-0.00126513
-0.00405801
-0.000874158
-0.00458301
-0.00061275
-0.00500097
-0.000475051
-0.00532356
-0.000425837
-0.00556029
-0.000414799
-0.0057088
-0.00038233
-0.0057469
-0.000261001
-0.00563451
2.62588e-05
-0.00530093
0.000529659
-0.00468156
0.0013056
-0.00371701
0.00231557
-0.00240806
0.00336403
-0.000951413
0.00389853
0.00265247
-0.000477326
-0.000569046
-0.0014944
-0.00107054
-0.00271702
-0.00114992
-0.0039125
-0.000977504
-0.0049433
-0.000706148
-0.00576039
-0.000446082
-0.00637828
-0.000254711
-0.00684348
-0.000146297
-0.0072085
-0.000108998
-0.00751336
-0.000120058
-0.00777394
-0.000153362
-0.00797537
-0.000180082
-0.00806652
-0.000169037
-0.00795648
-8.29691e-05
-0.00754106
0.000114959
-0.0066877
0.000452865
-0.00530556
0.000933961
-0.0034135
0.0014724
-0.00132219
0.00180751
0.00133039
-0.000568665
-0.00163795
-0.00278574
-0.00376062
-0.00446412
-0.00490781
-0.00516052
-0.00530519
-0.00541288
-0.00553188
-0.00568435
-0.00586367
-0.00603203
-0.00611438
-0.00599883
-0.00554544
-0.00461103
-0.00313827
-0.0013305
)
;

boundaryField
{
    leftWall
    {
        type            calculated;
        value           nonuniform List<scalar> 10(0 0 8.47033e-22 0 -8.47033e-22 0 0 -6.77626e-21 0 0);
    }
    rightWall
    {
        type            calculated;
        value           uniform 0;
    }
    topWall
    {
        type            calculated;
        value           uniform 0;
    }
    bottomWall
    {
        type            calculated;
        value           uniform 0;
    }
    frontAndBackPlanes
    {
        type            empty;
    }
}


// ************************************************************************* //
