/*--------------------------------*- C++ -*----------------------------------*\
| =========                 |                                                 |
| \\      /  F ield         | OpenFOAM: The Open Source CFD Toolbox           |
|  \\    /   O peration     | Version:  2506                                  |
|   \\  /    A nd           | Website:  www.openfoam.com                      |
|    \\/     M anipulation  |                                                 |
\*---------------------------------------------------------------------------*/
FoamFile
{
    version     2.0;
    format      ascii;
    arch        "LSB;label=32;scalar=64";
    class       surfaceScalarField;
    location    "91.6";
    object      phi;
}
// * * * * * * * * * * * * * * * * * * * * * * * * * * * * * * * * * * * * * //

dimensions      [1 0 -1 0 0 0 0];

oriented        oriented;

internalField   nonuniform List<scalar> 
370
(
0.000213136
-0.00026266
0.000618845
-0.000405629
0.000987829
-0.000368867
0.00125986
-0.000271885
0.00143612
-0.0001761
0.00154406
-0.000107768
0.00161679
-7.25516e-05
0.00168341
-6.64318e-05
0.00176619
-8.25855e-05
0.0018811
-0.000114703
0.00203938
-0.000158077
0.00224836
-0.000208762
0.00250966
-0.000261079
0.00281257
-0.00030268
0.00311971
-0.000306908
0.00334118
-0.000221239
0.00329257
4.88459e-05
0.00275611
0.000536698
0.0015098
0.00124653
0.00150991
0.000354794
-0.000617412
0.000969969
-0.00102069
0.00157807
-0.000976803
0.00206918
-0.00076281
0.00242617
-0.000532882
0.00267425
-0.000355635
0.0028517
-0.000249783
0.00299485
-0.000209364
0.00313179
-0.000219303
0.00328089
-0.000263574
0.00345099
-0.000327941
0.00364084
-0.000398374
0.00383555
-0.000455545
0.00399862
-0.000465508
0.00405949
-0.00036752
0.00390387
-6.5373e-05
0.00339091
0.000562067
0.00236714
0.00156073
0.000964031
0.00264985
0.00247405
0.000374088
-0.000991444
0.000997745
-0.0016442
0.00160722
-0.00158606
0.00209955
-0.00125489
0.00246067
-0.000893742
0.00271457
-0.000609268
0.0028948
-0.000429739
0.00303112
-0.000345415
0.00314482
-0.000332734
0.00324807
-0.000366562
0.0033444
-0.000423997
0.00342798
-0.000481677
0.0034804
-0.000507689
0.00346477
-0.000449595
0.00332044
-0.000222906
0.00296567
0.000289693
0.00233752
0.0011905
0.00144349
0.00245502
0.000495143
0.00359843
0.0029693
0.000345216
-0.00133659
0.000888606
-0.00218741
0.00138776
-0.00208496
0.00176601
-0.00163285
0.00202673
-0.00115415
0.0021998
-0.000782024
0.00231568
-0.000545317
0.00239642
-0.000425839
0.00245484
-0.000390856
0.00249684
-0.000408253
0.00252313
-0.00044999
0.00252903
-0.000487269
0.00250126
-0.000479607
0.00241299
-0.000361018
0.00222215
-3.17562e-05
0.00188353
0.000628631
0.0013772
0.00169714
0.000755311
0.00307721
0.000201526
0.00415245
0.00317093
0.000288244
-0.00162476
0.000689389
-0.00258835
0.0010079
-0.00240319
0.00120976
-0.00183439
0.00132236
-0.00126642
0.00138145
-0.000840782
0.00141202
-0.000575554
0.00142652
-0.000440022
0.00142939
-0.000393406
0.00142168
-0.000400221
0.00140325
-0.000431239
0.00137175
-0.000455448
0.00131905
-0.000426585
0.00122733
-0.000268976
0.00106925
0.000126662
0.000825723
0.000872496
0.000504912
0.00201827
0.000179296
0.00340313
-1.47755e-05
0.00434677
0.00315626
0.000197589
-0.00182227
0.000387943
-0.00277848
0.00046058
-0.00247552
0.000441914
-0.00181539
0.000382626
-0.0012068
0.000316386
-0.000774207
0.000256047
-0.000514887
0.000202275
-0.000385927
0.000152151
-0.000342962
0.000103576
-0.000351327
5.5355e-05
-0.0003827
4.69197e-06
-0.000404465
-5.52227e-05
-0.000366347
-0.00013447
-0.000189396
-0.000238427
0.000230961
-0.000354294
0.000988709
-0.000439397
0.00210371
-0.000418732
0.00338277
-0.000235375
0.00416364
0.00292097
4.08914e-05
-0.00186307
-7.67558e-05
-0.00266059
-0.000321379
-0.00223059
-0.000597993
-0.00153844
-0.000845152
-0.000959304
-0.00104395
-0.000575088
-0.00119942
-0.000359095
-0.00132351
-0.000261523
-0.0014264
-0.000239766
-0.00151469
-0.000262724
-0.00159299
-0.00030409
-0.00166537
-0.000331767
-0.00173388
-0.000297524
-0.00179164
-0.000131311
-0.00181029
0.000249935
-0.00173924
0.000917988
-0.0015105
0.0018753
-0.00106983
0.00294238
-0.000461961
0.00355598
0.0024591
-0.000223794
-0.00163918
-0.000773869
-0.00211027
-0.00139833
-0.00160581
-0.00194178
-0.000994671
-0.00235864
-0.00054212
-0.00266138
-0.00027204
-0.00288087
-0.00013929
-0.00304606
-9.60346e-05
-0.00317883
-0.0001067
-0.00329405
-0.000147211
-0.00339989
-0.000197962
-0.00349656
-0.000234808
-0.00357112
-0.00022268
-0.00358919
-0.000112947
-0.00349001
0.000151044
-0.00319201
0.000620269
-0.00261608
0.00129966
-0.00173764
0.00206419
-0.000698554
0.00251708
0.00176062
-0.000632651
-0.00100641
-0.00168839
-0.00105427
-0.00262712
-0.000666762
-0.00329429
-0.000327179
-0.00371829
-0.00011781
-0.00397238
-1.76517e-05
-0.00413131
1.99289e-05
-0.00424356
1.64898e-05
-0.00434129
-8.69996e-06
-0.0044451
-4.31491e-05
-0.00456126
-8.15452e-05
-0.00468265
-0.000113174
-0.00478144
-0.000123653
-0.00480174
-9.2415e-05
-0.00466132
1.08457e-05
-0.00424493
0.000204108
-0.00345545
0.000510388
-0.00227244
0.000881369
-0.000895936
0.00114073
0.000864742
-0.00100629
-0.00206029
-0.00272674
-0.00305361
-0.00317112
-0.00318848
-0.00316829
-0.00315154
-0.00316
-0.00320292
-0.00328426
-0.00339723
-0.00352069
-0.00361293
-0.00360191
-0.00339764
-0.00288711
-0.00200561
-0.000864785
)
;

boundaryField
{
    leftWall
    {
        type            calculated;
        value           uniform 0;
    }
    rightWall
    {
        type            calculated;
        value           uniform 0;
    }
    topWall
    {
        type            calculated;
        value           uniform 0;
    }
    bottomWall
    {
        type            calculated;
        value           uniform 0;
    }
    frontAndBackPlanes
    {
        type            empty;
    }
}


// ************************************************************************* //
