/*--------------------------------*- C++ -*----------------------------------*\
| =========                 |                                                 |
| \\      /  F ield         | OpenFOAM: The Open Source CFD Toolbox           |
|  \\    /   O peration     | Version:  2506                                  |
|   \\  /    A nd           | Website:  www.openfoam.com                      |
|    \\/     M anipulation  |                                                 |
\*---------------------------------------------------------------------------*/
FoamFile
{
    version     2.0;
    format      ascii;
    arch        "LSB;label=32;scalar=64";
    class       volVectorField;
    location    "91.6";
    object      U;
}
// * * * * * * * * * * * * * * * * * * * * * * * * * * * * * * * * * * * * * //

dimensions      [0 1 -1 0 0 0 0];

internalField   nonuniform List<vector> 
200
(
(0.000277205 -0.000869343 0)
(0.00170829 -0.001148 0)
(0.00335847 -0.000883716 0)
(0.0047546 -0.000526656 0)
(0.00569195 -0.00024377 0)
(0.00626265 -7.90027e-05 0)
(0.00661275 -2.52666e-05 0)
(0.0068801 -5.68463e-05 0)
(0.00717387 -0.000148164 0)
(0.00757358 -0.000282288 0)
(0.00813556 -0.000452471 0)
(0.00889969 -0.000658526 0)
(0.00988957 -0.000897578 0)
(0.0110979 -0.00114686 0)
(0.0124424 -0.00133364 0)
(0.0136647 -0.00128167 0)
(0.014177 -0.000625138 0)
(0.0130618 0.00119782 0)
(0.00937905 0.00428836 0)
(0.00283421 0.00600858 0)
(0.000411193 -0.00362458 0)
(0.00272498 -0.00584431 0)
(0.00535531 -0.00547134 0)
(0.00770801 -0.00416114 0)
(0.00948794 -0.0028041 0)
(0.0107262 -0.00179603 0)
(0.0115788 -0.00123853 0)
(0.0122155 -0.00108894 0)
(0.0127761 -0.0012546 0)
(0.0133586 -0.00164269 0)
(0.0140203 -0.00217674 0)
(0.0147789 -0.00278646 0)
(0.0156058 -0.00337191 0)
(0.0164023 -0.00373918 0)
(0.0169579 -0.00350697 0)
(0.0168954 -0.00200079 0)
(0.0156101 0.00176513 0)
(0.0124145 0.00853582 0)
(0.00724978 0.0168105 0)
(0.00124262 0.0172422 0)
(0.000435197 -0.00673086 0)
(0.00283864 -0.0111869 0)
(0.0054825 -0.0108121 0)
(0.00783676 -0.00855647 0)
(0.00962885 -0.00608252 0)
(0.0108915 -0.00413697 0)
(0.0117672 -0.00292975 0)
(0.0124011 -0.00240416 0)
(0.0129045 -0.00240208 0)
(0.013348 -0.00275033 0)
(0.0137645 -0.00328963 0)
(0.014151 -0.00385824 0)
(0.014461 -0.00423527 0)
(0.0145852 -0.004049 0)
(0.0143234 -0.00267086 0)
(0.0133474 0.000833934 0)
(0.0113188 0.00741792 0)
(0.00807201 0.0171759 0)
(0.0040336 0.0267774 0)
(0.000476311 0.023293 0)
(0.000413245 -0.00978657 0)
(0.00258466 -0.0162047 0)
(0.0048142 -0.0156213 0)
(0.00668308 -0.0123697 0)
(0.00801812 -0.00883371 0)
(0.00890167 -0.00604228 0)
(0.0094793 -0.00425592 0)
(0.00987035 -0.00337003 0)
(0.0101493 -0.0031519 0)
(0.010354 -0.00335836 0)
(0.0104975 -0.0037696 0)
(0.010573 -0.00416021 0)
(0.0105462 -0.00422044 0)
(0.0103374 -0.00344663 0)
(0.0098014 -0.0010525 0)
(0.00871634 0.00396993 0)
(0.00694339 0.0123777 0)
(0.00449264 0.0236419 0)
(0.00184741 0.0330534 0)
(9.55466e-05 0.0261247 0)
(0.000369752 -0.0124788 0)
(0.00209563 -0.020259 0)
(0.00362303 -0.0191605 0)
(0.00471854 -0.0148962 0)
(0.00536144 -0.0104636 0)
(0.00569636 -0.00705304 0)
(0.00586405 -0.00488729 0)
(0.00594694 -0.00377135 0)
(0.00597815 -0.00339591 0)
(0.0059663 -0.00347204 0)
(0.00591247 -0.00375435 0)
(0.00581311 -0.00398852 0)
(0.00564937 -0.00380744 0)
(0.00536873 -0.00261017 0)
(0.00486311 0.000493881 0)
(0.00402652 0.0064874 0)
(0.00282057 0.0159205 0)
(0.00138265 0.0276867 0)
(0.000129126 0.0362263 0)
(-0.000168573 0.0268752 0)
(0.000294503 -0.0145773 0)
(0.00132392 -0.0228759 0)
(0.00185664 -0.0209442 0)
(0.00194193 -0.0157659 0)
(0.00175091 -0.0107389 0)
(0.00146826 -0.00704073 0)
(0.00119465 -0.00476375 0)
(0.00095485 -0.00360128 0)
(0.000739078 -0.00318877 0)
(0.000534318 -0.00322557 0)
(0.000333895 -0.0034674 0)
(0.000130847 -0.0036446 0)
(-9.49185e-05 -0.00334265 0)
(-0.00038067 -0.00189225 0)
(-0.000777358 0.00163086 0)
(-0.00126296 0.00810624 0)
(-0.0017191 0.0177966 0)
(-0.00189566 0.0291333 0)
(-0.0015146 0.0363593 0)
(-0.000366933 0.0258547 0)
(0.000163764 -0.0156783 0)
(8.55953e-05 -0.0233783 0)
(-0.000767671 -0.0203696 0)
(-0.00192715 -0.0145844 0)
(-0.0030539 -0.00945686 0)
(-0.00399264 -0.00591405 0)
(-0.00472681 -0.00384063 0)
(-0.00530141 -0.00283893 0)
(-0.00576757 -0.00253454 0)
(-0.00616147 -0.00264483 0)
(-0.00650636 -0.00293373 0)
(-0.00682202 -0.00311805 0)
(-0.00712636 -0.00276626 0)
(-0.00741558 -0.00123362 0)
(-0.00762213 0.00228387 0)
(-0.00755769 0.00846661 0)
(-0.00695244 0.0173624 0)
(-0.00553845 0.0273363 0)
(-0.00332132 0.033139 0)
(-0.000614337 0.0229594 0)
(-0.000142561 -0.0150388 0)
(-0.00195725 -0.0206986 0)
(-0.00455999 -0.016721 0)
(-0.00708886 -0.011046 0)
(-0.00911551 -0.00653065 0)
(-0.0106017 -0.00366275 0)
(-0.0116658 -0.002133 0)
(-0.012446 -0.00151401 0)
(-0.0130519 -0.00146412 0)
(-0.0135607 -0.00173929 0)
(-0.0140215 -0.00213261 0)
(-0.0144562 -0.00239064 0)
(-0.0148461 -0.00214516 0)
(-0.0151006 -0.000886266 0)
(-0.0150041 0.0019803 0)
(-0.0142293 0.00694804 0)
(-0.0124032 0.0140026 0)
(-0.00929165 0.021803 0)
(-0.00518992 0.0262202 0)
(-0.000884297 0.0180715 0)
(-0.000751736 -0.011538 0)
(-0.00489353 -0.0139079 0)
(-0.0091997 -0.0097854 0)
(-0.0126219 -0.00539642 0)
(-0.0148792 -0.00241129 0)
(-0.0162365 -0.000804501 0)
(-0.017044 -0.000154892 0)
(-0.0175718 -7.98398e-05 0)
(-0.0179889 -0.000326014 0)
(-0.018401 -0.00073581 0)
(-0.0188654 -0.00118507 0)
(-0.0193854 -0.00152696 0)
(-0.0198946 -0.00154886 0)
(-0.0202274 -0.00095492 0)
(-0.020078 0.000616674 0)
(-0.0189838 0.00352114 0)
(-0.0164585 0.00782235 0)
(-0.0122281 0.012763 0)
(-0.00673813 0.0158414 0)
(-0.00114808 0.0112713 0)
(-0.00183547 -0.00392698 0)
(-0.00662371 -0.00362032 0)
(-0.0102465 -0.00184347 0)
(-0.0123299 -0.000518088 0)
(-0.0131946 0.000153865 0)
(-0.013402 0.000390412 0)
(-0.0133448 0.000392219 0)
(-0.0132391 0.000288283 0)
(-0.0132069 0.000140599 0)
(-0.0133107 -2.68441e-05 0)
(-0.0135768 -0.000200779 0)
(-0.0140025 -0.000366561 0)
(-0.0145353 -0.00049436 0)
(-0.0150464 -0.000528136 0)
(-0.0152948 -0.000372855 0)
(-0.014921 0.000121243 0)
(-0.0134384 0.00108642 0)
(-0.0104416 0.002474 0)
(-0.0061398 0.00371185 0)
(-0.00147069 0.00316135 0)
)
;

boundaryField
{
    leftWall
    {
        type            fixedValue;
        value           uniform (0 0 0);
    }
    rightWall
    {
        type            fixedValue;
        value           uniform (0 0 0);
    }
    topWall
    {
        type            fixedValue;
        value           uniform (0 0 0);
    }
    bottomWall
    {
        type            fixedValue;
        value           uniform (0 0 0);
    }
    frontAndBackPlanes
    {
        type            empty;
    }
}


// ************************************************************************* //
