/*--------------------------------*- C++ -*----------------------------------*\
| =========                 |                                                 |
| \\      /  F ield         | OpenFOAM: The Open Source CFD Toolbox           |
|  \\    /   O peration     | Version:  2506                                  |
|   \\  /    A nd           | Website:  www.openfoam.com                      |
|    \\/     M anipulation  |                                                 |
\*---------------------------------------------------------------------------*/
FoamFile
{
    version     2.0;
    format      ascii;
    arch        "LSB;label=32;scalar=64";
    class       volVectorField;
    location    "96.8";
    object      U;
}
// * * * * * * * * * * * * * * * * * * * * * * * * * * * * * * * * * * * * * //

dimensions      [0 1 -1 0 0 0 0];

internalField   nonuniform List<vector> 
200
(
(0.000318946 -0.000940058 0)
(0.00185891 -0.00122998 0)
(0.00359832 -0.000935755 0)
(0.00504807 -0.000543898 0)
(0.00600151 -0.000236117 0)
(0.00655983 -5.79532e-05 0)
(0.00688134 5.92005e-07 0)
(0.00711321 -3.12095e-05 0)
(0.00737021 -0.00012481 0)
(0.0077344 -0.000261259 0)
(0.00826245 -0.000432719 0)
(0.00899336 -0.000638628 0)
(0.00994953 -0.000876279 0)
(0.0111229 -0.00112353 0)
(0.0124312 -0.00130854 0)
(0.013618 -0.00125598 0)
(0.0141011 -0.000601929 0)
(0.0129704 0.00120724 0)
(0.00929769 0.00426539 0)
(0.0028057 0.00595049 0)
(0.000435752 -0.00387159 0)
(0.00286269 -0.00618025 0)
(0.00559511 -0.00572084 0)
(0.00801612 -0.00428266 0)
(0.00982329 -0.00281593 0)
(0.0110553 -0.00173373 0)
(0.0118799 -0.00113552 0)
(0.0124769 -0.000969396 0)
(0.0129931 -0.00113247 0)
(0.0135302 -0.00152353 0)
(0.0141469 -0.00206062 0)
(0.0148609 -0.00267092 0)
(0.0156435 -0.00325458 0)
(0.0163961 -0.00362013 0)
(0.0169102 -0.00339036 0)
(0.0168124 -0.00189626 0)
(0.0155028 0.001838 0)
(0.0123066 0.00854068 0)
(0.00717336 0.0167092 0)
(0.00122649 0.0170752 0)
(0.000450173 -0.00710488 0)
(0.00292203 -0.0117049 0)
(0.00562214 -0.0112029 0)
(0.00800901 -0.0087528 0)
(0.0098079 -0.0061085 0)
(0.0110579 -0.00404461 0)
(0.0119091 -0.00276916 0)
(0.0125129 -0.00221243 0)
(0.0129843 -0.00220149 0)
(0.0133956 -0.00255094 0)
(0.0137803 -0.00309329 0)
(0.0141354 -0.00366294 0)
(0.0144141 -0.00403931 0)
(0.0145079 -0.00385493 0)
(0.0142184 -0.00248914 0)
(0.0132209 0.000981799 0)
(0.0111886 0.00749072 0)
(0.00796118 0.0171263 0)
(0.00396592 0.026575 0)
(0.000464669 0.0230417 0)
(0.000420647 -0.0102271 0)
(0.00261541 -0.0168 0)
(0.00485033 -0.0160527 0)
(0.00670872 -0.0125657 0)
(0.00802305 -0.00883052 0)
(0.00888256 -0.00590552 0)
(0.0094375 -0.00404556 0)
(0.00980915 -0.00312849 0)
(0.0100719 -0.00290349 0)
(0.0102627 -0.00311322 0)
(0.0103938 -0.00352892 0)
(0.0104573 -0.00392127 0)
(0.0104185 -0.0039813 0)
(0.0101976 -0.00321148 0)
(0.0096516 -0.000838419 0)
(0.00856389 0.00412448 0)
(0.00680279 0.0124192 0)
(0.00438378 0.0235157 0)
(0.00178757 0.0327452 0)
(8.67927e-05 0.0258023 0)
(0.000370625 -0.0129329 0)
(0.00208211 -0.0208369 0)
(0.00357331 -0.0195412 0)
(0.00462531 -0.0150264 0)
(0.0052293 -0.0103974 0)
(0.005536 -0.00686615 0)
(0.00568706 -0.00464222 0)
(0.00576269 -0.0035081 0)
(0.00579278 -0.00313459 0)
(0.00578313 -0.00321898 0)
(0.00573299 -0.00350812 0)
(0.00563777 -0.00374474 0)
(0.00547807 -0.00356292 0)
(0.00520108 -0.00236966 0)
(0.0046976 0.000707383 0)
(0.00387271 0.00662019 0)
(0.00268903 0.0159087 0)
(0.00128903 0.0274733 0)
(8.81709e-05 0.0358165 0)
(-0.000169341 0.0264929 0)
(0.000290897 -0.0150044 0)
(0.00127858 -0.0233655 0)
(0.00174831 -0.0212139 0)
(0.00177474 -0.015796 0)
(0.00154276 -0.0106011 0)
(0.00123913 -0.00681404 0)
(0.000960446 -0.00450492 0)
(0.000725776 -0.00334187 0)
(0.000520675 -0.00294127 0)
(0.000329072 -0.00299097 0)
(0.000142497 -0.00324105 0)
(-4.70741e-05 -0.00342023 0)
(-0.000259279 -0.00311624 0)
(-0.000530412 -0.00167134 0)
(-0.000908986 0.00181542 0)
(-0.00137129 0.00819442 0)
(-0.00179954 0.0177179 0)
(-0.00194401 0.0288348 0)
(-0.00153106 0.0358707 0)
(-0.000366228 0.0254367 0)
(0.000159448 -0.0160479 0)
(2.40616e-05 -0.0237403 0)
(-0.000901693 -0.0205036 0)
(-0.00211454 -0.0145154 0)
(-0.00326935 -0.0092681 0)
(-0.00421408 -0.00567586 0)
(-0.00493961 -0.00359566 0)
(-0.00549755 -0.00260709 0)
(-0.00594333 -0.00232076 0)
(-0.00631561 -0.00244568 0)
(-0.00663897 -0.00274254 0)
(-0.00693346 -0.00292884 0)
(-0.00721602 -0.00257807 0)
(-0.00748105 -0.00105835 0)
(-0.00765944 0.00241305 0)
(-0.00756703 0.00849527 0)
(-0.00693941 0.017227 0)
(-0.00551361 0.0269931 0)
(-0.00329777 0.0326284 0)
(-0.000607818 0.0225493 0)
(-0.00015312 -0.0153354 0)
(-0.00203035 -0.0209283 0)
(-0.00469053 -0.0167427 0)
(-0.00725138 -0.0109158 0)
(-0.00928252 -0.00632938 0)
(-0.0107535 -0.00344588 0)
(-0.0117917 -0.00192785 0)
(-0.0125419 -0.00133128 0)
(-0.0131162 -0.00130326 0)
(-0.0135936 -0.00159337 0)
(-0.0140241 -0.00199408 0)
(-0.014429 -0.00225457 0)
(-0.0147888 -0.00201317 0)
(-0.0150127 -0.000771471 0)
(-0.0148872 0.00204976 0)
(-0.0140934 0.00693107 0)
(-0.0122655 0.0138501 0)
(-0.00917553 0.0214817 0)
(-0.0051173 0.0257681 0)
(-0.000869838 0.0177191 0)
(-0.000769488 -0.0117452 0)
(-0.00498124 -0.0140166 0)
(-0.00932366 -0.00973554 0)
(-0.0127426 -0.00525549 0)
(-0.0149675 -0.0022437 0)
(-0.0162773 -0.00064676 0)
(-0.0170369 -2.19955e-05 0)
(-0.0175235 2.85165e-05 0)
(-0.0179018 -0.000236248 0)
(-0.0182772 -0.000658 0)
(-0.0187082 -0.0011126 0)
(-0.0191958 -0.00145575 0)
(-0.0196733 -0.0014798 0)
(-0.0199765 -0.000896072 0)
(-0.0198039 0.000648635 0)
(-0.0187035 0.00350082 0)
(-0.0161986 0.00771703 0)
(-0.0120225 0.0125484 0)
(-0.00661665 0.0155393 0)
(-0.00112522 0.0110321 0)
(-0.00187179 -0.00400225 0)
(-0.00672576 -0.00364408 0)
(-0.0103509 -0.00181578 0)
(-0.0123949 -0.000470002 0)
(-0.0132062 0.000202241 0)
(-0.0133646 0.000429968 0)
(-0.0132645 0.000418881 0)
(-0.0131203 0.000306306 0)
(-0.0130595 0.0001544 0)
(-0.0131415 -1.58958e-05 0)
(-0.0133872 -0.000190677 0)
(-0.0137927 -0.000355395 0)
(-0.0143047 -0.000481235 0)
(-0.0147955 -0.000513679 0)
(-0.0150282 -0.000360013 0)
(-0.0146491 0.000125754 0)
(-0.0131817 0.00107105 0)
(-0.0102318 0.00242643 0)
(-0.00600877 0.00363155 0)
(-0.00143656 0.00308722 0)
)
;

boundaryField
{
    leftWall
    {
        type            fixedValue;
        value           uniform (0 0 0);
    }
    rightWall
    {
        type            fixedValue;
        value           uniform (0 0 0);
    }
    topWall
    {
        type            fixedValue;
        value           uniform (0 0 0);
    }
    bottomWall
    {
        type            fixedValue;
        value           uniform (0 0 0);
    }
    frontAndBackPlanes
    {
        type            empty;
    }
}


// ************************************************************************* //
