/*--------------------------------*- C++ -*----------------------------------*\
| =========                 |                                                 |
| \\      /  F ield         | OpenFOAM: The Open Source CFD Toolbox           |
|  \\    /   O peration     | Version:  2506                                  |
|   \\  /    A nd           | Website:  www.openfoam.com                      |
|    \\/     M anipulation  |                                                 |
\*---------------------------------------------------------------------------*/
FoamFile
{
    version     2.0;
    format      ascii;
    arch        "LSB;label=32;scalar=64";
    class       volVectorField;
    location    "102.2";
    object      U;
}
// * * * * * * * * * * * * * * * * * * * * * * * * * * * * * * * * * * * * * //

dimensions      [0 1 -1 0 0 0 0];

internalField   nonuniform List<vector> 
200
(
(0.000360069 -0.00101028 0)
(0.00200763 -0.00131156 0)
(0.00383577 -0.000988001 0)
(0.00533946 -0.000561935 0)
(0.00631009 -0.000229526 0)
(0.00685759 -3.79057e-05 0)
(0.00715209 2.57207e-05 0)
(0.00734983 -5.96789e-06 0)
(0.00757104 -0.000101567 0)
(0.00790033 -0.000240167 0)
(0.00839489 -0.000412858 0)
(0.00909296 -0.000618673 0)
(0.0100158 -0.000854989 0)
(0.0111544 -0.00110018 0)
(0.0124265 -0.00128318 0)
(0.013577 -0.00122961 0)
(0.0140296 -0.000577544 0)
(0.0128814 0.00121795 0)
(0.00921711 0.00424313 0)
(0.00277713 0.00589213 0)
(0.000459661 -0.00411524 0)
(0.00299702 -0.00651217 0)
(0.00582946 -0.00596903 0)
(0.00831804 -0.00440623 0)
(0.0101531 -0.00283219 0)
(0.0113805 -0.00167681 0)
(0.0121792 -0.00103769 0)
(0.0127388 -0.00085416 0)
(0.0132127 -0.00101363 0)
(0.0137064 -0.00140687 0)
(0.0142798 -0.00194654 0)
(0.0149509 -0.00255718 0)
(0.0156905 -0.00313876 0)
(0.0164004 -0.00350174 0)
(0.0168733 -0.0032727 0)
(0.01674 -0.00178842 0)
(0.0154047 0.00191635 0)
(0.0122055 0.00855204 0)
(0.00710069 0.0166133 0)
(0.00121107 0.0169103 0)
(0.000464518 -0.00747135 0)
(0.0030019 -0.0122133 0)
(0.00575596 -0.0115886 0)
(0.0081743 -0.00895006 0)
(0.00998012 -0.00614034 0)
(0.0112185 -0.00396092 0)
(0.0120471 -0.00261809 0)
(0.0126229 -0.00202977 0)
(0.0130645 -0.00200902 0)
(0.0134458 -0.00235869 0)
(0.013801 -0.00290338 0)
(0.0141267 -0.00347349 0)
(0.0143761 -0.00384825 0)
(0.0144409 -0.00366373 0)
(0.0141244 -0.00230646 0)
(0.013105 0.00113463 0)
(0.011068 0.00757261 0)
(0.00785789 0.0170888 0)
(0.00390267 0.0263848 0)
(0.000453843 0.0227976 0)
(0.000427532 -0.0106563 0)
(0.00264345 -0.0173806 0)
(0.00488219 -0.0164756 0)
(0.00672952 -0.0127617 0)
(0.00802345 -0.00883419 0)
(0.00885983 -0.00577986 0)
(0.00939338 -0.00384803 0)
(0.0097471 -0.00289985 0)
(0.00999522 -0.00266722 0)
(0.0101738 -0.00287933 0)
(0.0102939 -0.00329871 0)
(0.010347 -0.00369189 0)
(0.0102976 -0.00375026 0)
(0.0100661 -0.00298197 0)
(0.00950904 -0.00062571 0)
(0.00841939 0.00428308 0)
(0.00667 0.0124717 0)
(0.00428129 0.0234065 0)
(0.00173139 0.0324556 0)
(7.85407e-05 0.0254919 0)
(0.00037115 -0.0133732 0)
(0.00206714 -0.0213975 0)
(0.00352191 -0.0199124 0)
(0.0045309 -0.0151571 0)
(0.00509683 -0.0103395 0)
(0.0053762 -0.00669233 0)
(0.00551137 -0.00441212 0)
(0.00558033 -0.00325989 0)
(0.00560981 -0.0028876 0)
(0.00560293 -0.00297947 0)
(0.00555718 -0.00327478 0)
(0.00546681 -0.00351268 0)
(0.00531153 -0.00332823 0)
(0.00503843 -0.00213671 0)
(0.00454001 0.000916535 0)
(0.00372706 0.00675656 0)
(0.00256489 0.0159098 0)
(0.0012009 0.0272808 0)
(4.8966e-05 0.0354307 0)
(-0.000170827 0.026127 0)
(0.000287334 -0.0154167 0)
(0.00123346 -0.0238377 0)
(0.00164112 -0.0214757 0)
(0.00161016 -0.0158289 0)
(0.00133843 -0.0104738 0)
(0.00101441 -0.00660165 0)
(0.00073061 -0.00426155 0)
(0.00050066 -0.00309755 0)
(0.000305675 -0.00270808 0)
(0.000126689 -0.00277013 0)
(-4.64487e-05 -0.00302814 0)
(-0.000222452 -0.00320793 0)
(-0.000421172 -0.00289998 0)
(-0.000677809 -0.00145789 0)
(-0.00103828 0.00199725 0)
(-0.00147743 0.00828791 0)
(-0.00187785 0.0176544 0)
(-0.00199062 0.0285604 0)
(-0.00154682 0.0354098 0)
(-0.000365663 0.0250379 0)
(0.00015589 -0.0164028 0)
(-3.52025e-05 -0.0240874 0)
(-0.00103207 -0.0206336 0)
(-0.00229678 -0.0144525 0)
(-0.00347882 -0.00909133 0)
(-0.00442976 -0.00545175 0)
(-0.00514763 -0.00336471 0)
(-0.00569024 -0.00238834 0)
(-0.00611705 -0.00211918 0)
(-0.00646911 -0.00225835 0)
(-0.00677225 -0.00256305 0)
(-0.00704668 -0.00275064 0)
(-0.00730827 -0.00239938 0)
(-0.00754975 -0.000890014 0)
(-0.00770054 0.00254002 0)
(-0.00758039 0.00852934 0)
(-0.00692995 0.0171066 0)
(-0.00549132 0.0266735 0)
(-0.00327561 0.0321456 0)
(-0.000601579 0.0221579 0)
(-0.000163273 -0.0156189 0)
(-0.00210077 -0.0211479 0)
(-0.00481624 -0.0167648 0)
(-0.00740803 -0.0107938 0)
(-0.00944399 -0.00613957 0)
(-0.0109011 -0.00324068 0)
(-0.0119155 -0.00173358 0)
(-0.0126376 -0.00115815 0)
(-0.0131824 -0.00115095 0)
(-0.0136304 -0.00145585 0)
(-0.0140325 -0.00186401 0)
(-0.0144093 -0.00212671 0)
(-0.0147406 -0.00188845 0)
(-0.0149352 -0.000661784 0)
(-0.0147814 0.00211812 0)
(-0.0139684 0.00691899 0)
(-0.0121373 0.01371 0)
(-0.00906631 0.02118 0)
(-0.00504839 0.0253393 0)
(-0.00085603 0.0173825 0)
(-0.000786505 -0.0119429 0)
(-0.00506519 -0.0141202 0)
(-0.00944229 -0.0096887 0)
(-0.0128582 -0.00512229 0)
(-0.0150525 -0.00208501 0)
(-0.0163178 -0.000497106 0)
(-0.0170322 0.000104526 0)
(-0.0174792 0.000131698 0)
(-0.017821 -0.000151185 0)
(-0.0181626 -0.000584585 0)
(-0.0185621 -0.00104453 0)
(-0.0190191 -0.00138898 0)
(-0.0194667 -0.00141484 0)
(-0.0197418 -0.000840262 0)
(-0.0195468 0.000679715 0)
(-0.0184398 0.00348306 0)
(-0.015953 0.00761886 0)
(-0.0118274 0.0123458 0)
(-0.00650092 0.0152519 0)
(-0.00110336 0.0108036 0)
(-0.00190634 -0.00407397 0)
(-0.00682292 -0.00366663 0)
(-0.0104504 -0.00178955 0)
(-0.0124575 -0.000424471 0)
(-0.0132184 0.000248037 0)
(-0.0133298 0.000467366 0)
(-0.0131885 0.000444651 0)
(-0.0130083 0.00032375 0)
(-0.0129199 0.000167204 0)
(-0.0129805 -5.70741e-06 0)
(-0.013207 -0.000181241 0)
(-0.0135937 -0.000345006 0)
(-0.0140863 -0.000469033 0)
(-0.0145579 -0.000500206 0)
(-0.0147755 -0.000347999 0)
(-0.0143911 0.000130036 0)
(-0.0129376 0.0010566 0)
(-0.0100319 0.00238133 0)
(-0.00588361 0.00355503 0)
(-0.00140389 0.00301632 0)
)
;

boundaryField
{
    leftWall
    {
        type            fixedValue;
        value           uniform (0 0 0);
    }
    rightWall
    {
        type            fixedValue;
        value           uniform (0 0 0);
    }
    topWall
    {
        type            fixedValue;
        value           uniform (0 0 0);
    }
    bottomWall
    {
        type            fixedValue;
        value           uniform (0 0 0);
    }
    frontAndBackPlanes
    {
        type            empty;
    }
}


// ************************************************************************* //
