/*--------------------------------*- C++ -*----------------------------------*\
| =========                 |                                                 |
| \\      /  F ield         | OpenFOAM: The Open Source CFD Toolbox           |
|  \\    /   O peration     | Version:  2506                                  |
|   \\  /    A nd           | Website:  www.openfoam.com                      |
|    \\/     M anipulation  |                                                 |
\*---------------------------------------------------------------------------*/
FoamFile
{
    version     2.0;
    format      ascii;
    arch        "LSB;label=32;scalar=64";
    class       volVectorField;
    location    "63.6";
    object      U;
}
// * * * * * * * * * * * * * * * * * * * * * * * * * * * * * * * * * * * * * //

dimensions      [0 1 -1 0 0 0 0];

internalField   nonuniform List<vector> 
200
(
(2.12131e-05 -0.000460477 0)
(0.000797743 -0.000671191 0)
(0.00192726 -0.000587835 0)
(0.00302128 -0.000442587 0)
(0.00389178 -0.000308802 0)
(0.00457162 -0.000220307 0)
(0.00512637 -0.000189098 0)
(0.00563296 -0.000212928 0)
(0.00616566 -0.000285683 0)
(0.00679032 -0.000403475 0)
(0.00756382 -0.000566167 0)
(0.00853365 -0.000774686 0)
(0.00973082 -0.00102289 0)
(0.0111494 -0.00128134 0)
(0.0126995 -0.00146971 0)
(0.0141053 -0.00140696 0)
(0.0147435 -0.000721864 0)
(0.0136632 0.00118203 0)
(0.00987138 0.00444118 0)
(0.00299656 0.00633594 0)
(0.000249116 -0.00212817 0)
(0.00183038 -0.00381305 0)
(0.00381758 -0.00400189 0)
(0.00576314 -0.00351376 0)
(0.00741535 -0.00285149 0)
(0.00874833 -0.00229834 0)
(0.00983511 -0.00197359 0)
(0.0107748 -0.00190041 0)
(0.0116605 -0.00205753 0)
(0.0125664 -0.002409 0)
(0.0135417 -0.00291312 0)
(0.0146043 -0.00351128 0)
(0.0157259 -0.00409433 0)
(0.016802 -0.00444344 0)
(0.0176044 -0.00414576 0)
(0.0177259 -0.002499 0)
(0.0165264 0.0015168 0)
(0.0132493 0.0087071 0)
(0.00780421 0.0175555 0)
(0.00135599 0.0182673 0)
(0.000326116 -0.00436498 0)
(0.00223873 -0.00793459 0)
(0.00449082 -0.0084294 0)
(0.00663533 -0.00747805 0)
(0.00841217 -0.00613217 0)
(0.00980495 -0.00495064 0)
(0.0108964 -0.00416031 0)
(0.0117849 -0.00379925 0)
(0.0125528 -0.00381572 0)
(0.0132564 -0.00412317 0)
(0.0139243 -0.00461663 0)
(0.0145531 -0.00515337 0)
(0.0150952 -0.0054983 0)
(0.0154343 -0.00523797 0)
(0.0153509 -0.00368551 0)
(0.0144859 0.000154007 0)
(0.0124288 0.00730834 0)
(0.00898035 0.0178622 0)
(0.00457544 0.0283314 0)
(0.000569876 0.0249648 0)
(0.000350812 -0.00690455 0)
(0.00230734 -0.0123458 0)
(0.00445644 -0.0129176 0)
(0.00637709 -0.0112968 0)
(0.00785881 -0.00912857 0)
(0.00893139 -0.00723575 0)
(0.0097014 -0.00592025 0)
(0.010269 -0.0052047 0)
(0.0107044 -0.00498927 0)
(0.0110489 -0.00513394 0)
(0.0113211 -0.00548043 0)
(0.0115183 -0.00582204 0)
(0.0116078 -0.00582728 0)
(0.0115061 -0.00493369 0)
(0.0110534 -0.00226444 0)
(0.00998367 0.0033039 0)
(0.00810062 0.0125848 0)
(0.00538318 0.024984 0)
(0.00234426 0.0354704 0)
(0.000174674 0.0283877 0)
(0.000350673 -0.00941854 0)
(0.00211212 -0.0163958 0)
(0.0038344 -0.0167183 0)
(0.00519904 -0.0142401 0)
(0.00610228 -0.0112017 0)
(0.00664052 -0.00863452 0)
(0.00694244 -0.00685538 0)
(0.00710126 -0.00583203 0)
(0.00716948 -0.00540339 0)
(0.00717373 -0.0053846 0)
(0.00712756 -0.00558588 0)
(0.00703409 -0.00576397 0)
(0.00687672 -0.00552138 0)
(0.00660198 -0.00418417 0)
(0.00610162 -0.000738379 0)
(0.00519913 0.00598068 0)
(0.00383755 0.0165465 0)
(0.00212281 0.029721 0)
(0.0005116 0.0394563 0)
(-0.000114679 0.0296239 0)
(0.000310924 -0.0116219 0)
(0.00157299 -0.0194975 0)
(0.00249242 -0.0191886 0)
(0.00296095 -0.015763 0)
(0.00304322 -0.0119632 0)
(0.002902 -0.00890929 0)
(0.0026627 -0.00685097 0)
(0.00238866 -0.00566773 0)
(0.00210362 -0.00513991 0)
(0.00181683 -0.00505645 0)
(0.00153369 -0.0052138 0)
(0.00125161 -0.00534215 0)
(0.000949721 -0.00498742 0)
(0.000585106 -0.00339239 0)
(9.40578e-05 0.00052803 0)
(-0.000527246 0.00786446 0)
(-0.00115495 0.018875 0)
(-0.0015364 0.0317836 0)
(-0.00136669 0.0401983 0)
(-0.000359009 0.0288934 0)
(0.000198599 -0.0130542 0)
(0.000484295 -0.0207978 0)
(9.97386e-05 -0.0195007 0)
(-0.000705201 -0.0152399 0)
(-0.00165589 -0.0110154 0)
(-0.00257599 -0.00784133 0)
(-0.00339622 -0.005808 0)
(-0.00411154 -0.00469386 0)
(-0.00473903 -0.00424092 0)
(-0.00529616 -0.00422967 0)
(-0.0057985 -0.00444518 0)
(-0.00626577 -0.00458851 0)
(-0.0067216 -0.00417202 0)
(-0.00717156 -0.00244896 0)
(-0.00755596 0.00153029 0)
(-0.00765366 0.0085814 0)
(-0.00715526 0.0187625 0)
(-0.00576832 0.030231 0)
(-0.00349896 0.0370966 0)
(-0.000660007 0.0259679 0)
(-6.93645e-05 -0.0128944 0)
(-0.00144905 -0.0190245 0)
(-0.00365573 -0.0166059 0)
(-0.00598101 -0.0120849 0)
(-0.0080089 -0.0081151 0)
(-0.00964169 -0.00536729 0)
(-0.0109303 -0.0037425 0)
(-0.0119644 -0.00295577 0)
(-0.0128272 -0.00274771 0)
(-0.0135838 -0.00291232 0)
(-0.0142814 -0.00324524 0)
(-0.0149451 -0.00346637 0)
(-0.0155596 -0.00314964 0)
(-0.01603 -0.00169666 0)
(-0.0161195 0.00159167 0)
(-0.0154347 0.00728646 0)
(-0.0135538 0.015393 0)
(-0.0102125 0.0244115 0)
(-0.00573838 0.0296744 0)
(-0.000989447 0.020654 0)
(-0.000623859 -0.0100265 0)
(-0.00425982 -0.0130946 0)
(-0.0083088 -0.0101501 0)
(-0.0117726 -0.00644964 0)
(-0.014288 -0.00367014 0)
(-0.0160056 -0.00199645 0)
(-0.0171896 -0.00117585 0)
(-0.018066 -0.00092508 0)
(-0.0187987 -0.00103582 0)
(-0.0194989 -0.00136295 0)
(-0.0202323 -0.00177535 0)
(-0.021011 -0.00210158 0)
(-0.021767 -0.00208808 0)
(-0.0223164 -0.00138457 0)
(-0.0223156 0.000431025 0)
(-0.021222 0.00376804 0)
(-0.0184862 0.00872552 0)
(-0.013794 0.0144593 0)
(-0.00764009 0.0181204 0)
(-0.00131392 0.0130152 0)
(-0.0015685 -0.00337735 0)
(-0.00587135 -0.0034357 0)
(-0.00947354 -0.00203829 0)
(-0.0118469 -0.000864361 0)
(-0.0131149 -0.000192256 0)
(-0.0137092 0.000105967 0)
(-0.0139795 0.00018335 0)
(-0.0141426 0.000140962 0)
(-0.0143268 3.33531e-05 0)
(-0.0146122 -0.000113518 0)
(-0.0150458 -0.000284875 0)
(-0.0156363 -0.00046076 0)
(-0.016335 -0.000602548 0)
(-0.0170024 -0.000642161 0)
(-0.017364 -0.000467477 0)
(-0.0170114 9.70875e-05 0)
(-0.0153846 0.00121793 0)
(-0.0120068 0.00284471 0)
(-0.00710035 0.00431188 0)
(-0.00171717 0.00369888 0)
)
;

boundaryField
{
    leftWall
    {
        type            fixedValue;
        value           uniform (0 0 0);
    }
    rightWall
    {
        type            fixedValue;
        value           uniform (0 0 0);
    }
    topWall
    {
        type            fixedValue;
        value           uniform (0 0 0);
    }
    bottomWall
    {
        type            fixedValue;
        value           uniform (0 0 0);
    }
    frontAndBackPlanes
    {
        type            empty;
    }
}


// ************************************************************************* //
