/*--------------------------------*- C++ -*----------------------------------*\
| =========                 |                                                 |
| \\      /  F ield         | OpenFOAM: The Open Source CFD Toolbox           |
|  \\    /   O peration     | Version:  2506                                  |
|   \\  /    A nd           | Website:  www.openfoam.com                      |
|    \\/     M anipulation  |                                                 |
\*---------------------------------------------------------------------------*/
FoamFile
{
    version     2.0;
    format      ascii;
    arch        "LSB;label=32;scalar=64";
    class       surfaceScalarField;
    location    "128.4";
    object      phi;
}
// * * * * * * * * * * * * * * * * * * * * * * * * * * * * * * * * * * * * * //

dimensions      [1 0 -1 0 0 0 0];

oriented        oriented;

internalField   nonuniform List<scalar> 
370
(
0.000348592
-0.000379842
0.00090467
-0.000556022
0.00138235
-0.000477599
0.00170613
-0.000323679
0.00188721
-0.000180978
0.00196925
-8.19179e-05
0.00199971
-3.03292e-05
0.00201735
-1.74946e-05
0.0020498
-3.23075e-05
0.0021155
-6.55482e-05
0.00222559
-0.000109922
0.002386
-0.000160244
0.00259688
-0.000210703
0.00284667
-0.00024962
0.0030986
-0.000251739
0.0032651
-0.000166318
0.00317849
8.6807e-05
0.00262773
0.000550943
0.00141983
0.00120807
0.00141992
0.00046446
-0.000844274
0.00123875
-0.00133023
0.00197166
-0.0012104
0.00253119
-0.00088308
0.00290509
-0.000554739
0.00313261
-0.000309297
0.00326637
-0.000163943
0.00335412
-0.000105085
0.0034312
-0.000109239
0.00351928
-0.000153466
0.00362829
-0.000218764
0.00375684
-0.000288626
0.0038897
-0.000343389
0.00399107
-0.000350817
0.00399372
-0.000254204
0.00379214
3.54472e-05
0.00325085
0.000628281
0.00224355
0.00155843
0.000903132
0.00254865
0.00232313
0.000439208
-0.00128344
0.00115072
-0.00204164
0.00182183
-0.00188137
0.00233946
-0.00140055
0.00269586
-0.000910967
0.00292531
-0.000538571
0.00307032
-0.000308778
0.00316677
-0.000201352
0.0032393
-0.00018159
0.00330149
-0.00021548
0.00335709
-0.000274182
0.00340001
-0.00033136
0.00341176
-0.000354963
0.00335656
-0.000295426
0.00317734
-7.47912e-05
0.00280254
0.000410431
0.0021816
0.00124942
0.00132852
0.0024117
0.000446675
0.00343066
0.00276988
0.000369643
-0.00165304
0.000928978
-0.00260086
0.00142033
-0.00237256
0.00177287
-0.0017529
0.00200057
-0.00113847
0.00214139
-0.000679197
0.0022297
-0.00039689
0.00228812
-0.000259578
0.0023284
-0.000221667
0.00235486
-0.000241747
0.00236691
-0.000286039
0.00235883
-0.000323086
0.00231691
-0.000312849
0.00221558
-0.000193901
0.00201729
0.0001237
0.00168691
0.000741016
0.00121105
0.00172548
0.00064501
0.00297793
0.0001604
0.00391542
0.00293035
0.000279467
-0.00193246
0.000638667
-0.00295994
0.00089653
-0.00263025
0.00103815
-0.00189432
0.00110311
-0.00120322
0.00113128
-0.000707164
0.00114622
-0.000411628
0.00115608
-0.000269231
0.00116097
-0.000226363
0.00115879
-0.000239364
0.00114737
-0.000274432
0.00112313
-0.000298648
0.0010774
-0.000266922
0.000993604
-0.000109901
0.000849533
0.000267975
0.000631177
0.000959577
0.000353128
0.00200374
8.68905e-05
0.00324436
-4.73957e-05
0.00404986
0.00288301
0.000166227
-0.00209864
0.000275531
-0.0030691
0.000260008
-0.00261454
0.000172049
-0.00180616
7.08078e-05
-0.00110177
-1.30931e-05
-0.000623061
-7.40785e-05
-0.000350444
-0.00011785
-0.000225264
-0.000152251
-0.000191768
-0.000182474
-0.000208948
-0.000211454
-0.000245259
-0.000242631
-0.000267278
-0.000282215
-0.000227143
-0.00033833
-5.35862e-05
-0.00041229
0.000342139
-0.000490671
0.00103817
-0.000530919
0.00204419
-0.000463156
0.00317678
-0.000243017
0.00382987
0.00264005
-8.72157e-06
-0.00208986
-0.000216842
-0.00286084
-0.000547261
-0.00228393
-0.000879247
-0.00147398
-0.00114942
-0.000831403
-0.00134728
-0.000425
-0.00148725
-0.000210288
-0.00158823
-0.0001241
-0.00166441
-0.000115398
-0.00172475
-0.000148423
-0.00177486
-0.000194964
-0.00181845
-0.000223505
-0.0018557
-0.000189697
-0.00187805
-3.10482e-05
-0.00185673
0.000321014
-0.00174743
0.000929067
-0.00148983
0.00178678
-0.00103771
0.00272483
-0.000440523
0.00323281
0.00219958
-0.000277362
-0.00181244
-0.000913343
-0.00222471
-0.0015997
-0.00159739
-0.0021673
-0.000906182
-0.00257739
-0.000421132
-0.00285455
-0.000147656
-0.00303849
-2.61595e-05
-0.00316388
1.46647e-06
-0.003256
-2.31058e-05
-0.00333117
-7.30739e-05
-0.00339778
-0.000128188
-0.0034551
-0.000166008
-0.00348943
-0.000155206
-0.00346696
-5.33438e-05
-0.00333337
0.000187595
-0.00301639
0.000612257
-0.00244776
0.00121832
-0.00161053
0.00188774
-0.000641013
0.00226341
0.00155861
-0.000701553
-0.00111082
-0.00183207
-0.00109404
-0.00279211
-0.00063717
-0.00343349
-0.00026461
-0.0038029
-5.15372e-05
-0.00399899
4.86081e-05
-0.00409968
7.46988e-05
-0.00415768
5.96323e-05
-0.00420639
2.57621e-05
-0.00426446
-1.48593e-05
-0.00433746
-5.50344e-05
-0.00441664
-8.66852e-05
-0.00447481
-9.68964e-05
-0.00446018
-6.78373e-05
-0.00429762
2.51676e-05
-0.00388617
0.000200939
-0.00314122
0.000473496
-0.00205082
0.000797448
-0.000802141
0.00101482
0.000756504
-0.00111074
-0.00220463
-0.00284162
-0.00310605
-0.00315741
-0.00310864
-0.00303378
-0.002974
-0.0029481
-0.00296282
-0.00301773
-0.00310429
-0.00320108
-0.00326881
-0.00324354
-0.00304251
-0.00256892
-0.0017714
-0.000756528
)
;

boundaryField
{
    leftWall
    {
        type            calculated;
        value           uniform 0;
    }
    rightWall
    {
        type            calculated;
        value           uniform 0;
    }
    topWall
    {
        type            calculated;
        value           uniform 0;
    }
    bottomWall
    {
        type            calculated;
        value           uniform 0;
    }
    frontAndBackPlanes
    {
        type            empty;
    }
}


// ************************************************************************* //
