/*--------------------------------*- C++ -*----------------------------------*\
| =========                 |                                                 |
| \\      /  F ield         | OpenFOAM: The Open Source CFD Toolbox           |
|  \\    /   O peration     | Version:  2506                                  |
|   \\  /    A nd           | Website:  www.openfoam.com                      |
|    \\/     M anipulation  |                                                 |
\*---------------------------------------------------------------------------*/
FoamFile
{
    version     2.0;
    format      ascii;
    arch        "LSB;label=32;scalar=64";
    class       volVectorField;
    location    "1";
    object      U;
}
// * * * * * * * * * * * * * * * * * * * * * * * * * * * * * * * * * * * * * //

dimensions      [0 1 -1 0 0 0 0];

internalField   nonuniform List<vector> 
200
(
(-0.000817002 -0.00011599 0)
(-0.00177084 -0.000199102 0)
(-0.00190241 -0.000428515 0)
(-0.00165409 -0.000649827 0)
(-0.0013624 -0.000698742 0)
(-0.00105176 -0.00066352 0)
(-0.000779321 -0.000614773 0)
(-0.000546533 -0.000575514 0)
(-0.000339046 -0.000551352 0)
(-0.000143902 -0.000542106 0)
(4.9881e-05 -0.000546289 0)
(0.000252394 -0.000563551 0)
(0.000474567 -0.000595587 0)
(0.000729663 -0.00064431 0)
(0.00103145 -0.000705239 0)
(0.00138478 -0.000752793 0)
(0.00175221 -0.000717305 0)
(0.00197934 -0.000470882 0)
(0.00176802 0.000150185 0)
(0.000588835 0.00130942 0)
(-0.000173745 0.00089036 0)
(-0.000938235 0.00123994 0)
(-0.001289 0.000365733 0)
(-0.00133318 -0.000389414 0)
(-0.00119053 -0.00063098 0)
(-0.000978025 -0.00059731 0)
(-0.000757025 -0.000494125 0)
(-0.000543316 -0.000405012 0)
(-0.000336336 -0.000350662 0)
(-0.000131931 -0.000331044 0)
(7.44911e-05 -0.000342298 0)
(0.000286971 -0.000383463 0)
(0.000509535 -0.000458798 0)
(0.000745959 -0.000571617 0)
(0.000996607 -0.000702739 0)
(0.00124584 -0.000761297 0)
(0.00142656 -0.000510311 0)
(0.00137586 0.000408598 0)
(0.000990104 0.00209299 0)
(0.000132253 0.00381281 0)
(-6.36026e-05 0.00162098 0)
(-0.000431966 0.00199055 0)
(-0.00066785 0.000550077 0)
(-0.000748278 -0.000655687 0)
(-0.000721871 -0.00116582 0)
(-0.000636832 -0.00126535 0)
(-0.000519635 -0.00122452 0)
(-0.000385593 -0.00116614 0)
(-0.000242818 -0.00112863 0)
(-9.54284e-05 -0.00111934 0)
(5.43832e-05 -0.00113699 0)
(0.000204637 -0.00118008 0)
(0.000352282 -0.00124933 0)
(0.000491998 -0.00133977 0)
(0.000614237 -0.00141418 0)
(0.000703837 -0.00134341 0)
(0.000731455 -0.00082371 0)
(0.00060782 0.000562714 0)
(0.00038332 0.00279094 0)
(1.30659e-05 0.00457504 0)
(-2.1536e-05 0.0019381 0)
(-0.000178496 0.00242401 0)
(-0.000297495 0.000875552 0)
(-0.000365409 -0.000481239 0)
(-0.000378871 -0.00110602 0)
(-0.000353156 -0.00127357 0)
(-0.000303911 -0.00126897 0)
(-0.000241251 -0.00122909 0)
(-0.000171266 -0.00120092 0)
(-9.7681e-05 -0.00119668 0)
(-2.2786e-05 -0.00121758 0)
(5.19509e-05 -0.00126195 0)
(0.000124845 -0.00132713 0)
(0.000192337 -0.0014016 0)
(0.000248034 -0.00143781 0)
(0.000282978 -0.00129127 0)
(0.000279995 -0.00064544 0)
(0.000166059 0.000914742 0)
(7.78729e-05 0.00327302 0)
(-6.3583e-05 0.00495018 0)
(-1.13486e-05 0.0020715 0)
(-8.27254e-05 0.00261241 0)
(-0.00013358 0.00101856 0)
(-0.000167282 -0.000407142 0)
(-0.00017897 -0.00108946 0)
(-0.000176053 -0.00129868 0)
(-0.000164014 -0.0013223 0)
(-0.00014624 -0.0013001 0)
(-0.00012513 -0.00128131 0)
(-0.000102517 -0.00127988 0)
(-7.97174e-05 -0.00129864 0)
(-5.74968e-05 -0.00133685 0)
(-3.6353e-05 -0.00139068 0)
(-1.73235e-05 -0.00144592 0)
(-2.24393e-06 -0.00145223 0)
(3.47731e-06 -0.00126262 0)
(1.19515e-05 -0.000556748 0)
(-6.24057e-05 0.00106573 0)
(-4.2889e-05 0.00346497 0)
(-8.23371e-05 0.00509466 0)
(-9.72032e-06 0.00214649 0)
(-3.24523e-05 0.00268081 0)
(-2.92778e-05 0.00106223 0)
(-2.8242e-05 -0.000382608 0)
(-3.18968e-05 -0.00107543 0)
(-4.27844e-05 -0.00129001 0)
(-5.9285e-05 -0.00131655 0)
(-7.9427e-05 -0.00129592 0)
(-0.000101525 -0.00127766 0)
(-0.000124452 -0.0012759 0)
(-0.000147528 -0.0012941 0)
(-0.000169929 -0.00133256 0)
(-0.000190188 -0.00138824 0)
(-0.000206288 -0.00144665 0)
(-0.000215018 -0.00145635 0)
(-0.000209495 -0.00126835 0)
(-0.000185144 -0.000557238 0)
(-0.000224441 0.00106945 0)
(-0.000107044 0.00348486 0)
(-9.0195e-05 0.00513368 0)
(-2.2552e-06 0.00216521 0)
(5.33398e-05 0.00263312 0)
(0.000126817 0.00100735 0)
(0.000163701 -0.000409167 0)
(0.000163043 -0.0010679 0)
(0.000129126 -0.00125177 0)
(7.43286e-05 -0.00125493 0)
(7.56087e-06 -0.00121925 0)
(-6.5404e-05 -0.00119338 0)
(-0.000141088 -0.00118974 0)
(-0.000217711 -0.00121065 0)
(-0.000293752 -0.00125712 0)
(-0.000366435 -0.00132807 0)
(-0.000431029 -0.00141096 0)
(-0.000478909 -0.00145564 0)
(-0.000492984 -0.00131289 0)
(-0.000459656 -0.000655843 0)
(-0.000460544 0.000926044 0)
(-0.000228278 0.00333571 0)
(-0.000111569 0.00507668 0)
(3.97005e-05 0.00202287 0)
(0.00027163 0.00233139 0)
(0.00045975 0.000739684 0)
(0.000514068 -0.00057222 0)
(0.000479645 -0.0011351 0)
(0.000393584 -0.00125633 0)
(0.000274845 -0.00122465 0)
(0.000137475 -0.00117164 0)
(-9.60974e-06 -0.00113815 0)
(-0.00016139 -0.0011315 0)
(-0.000314764 -0.00115124 0)
(-0.000467347 -0.00119888 0)
(-0.000615837 -0.00127731 0)
(-0.000754283 -0.00138085 0)
(-0.000869959 -0.00146939 0)
(-0.000937239 -0.00140699 0)
(-0.000933857 -0.000876996 0)
(-0.000920517 0.000552102 0)
(-0.000529217 0.0028749 0)
(-0.000180336 0.00477559 0)
(7.31046e-05 0.00173193 0)
(0.000657775 0.00196723 0)
(0.00100917 0.000738467 0)
(0.00105022 -0.000202324 0)
(0.000905126 -0.000532822 0)
(0.000688201 -0.000530947 0)
(0.000462911 -0.000436364 0)
(0.000246147 -0.000350652 0)
(3.72272e-05 -0.000299674 0)
(-0.000168356 -0.000283766 0)
(-0.000374979 -0.000299756 0)
(-0.000587116 -0.00034977 0)
(-0.000809506 -0.000441067 0)
(-0.0010465 -0.000577475 0)
(-0.00129605 -0.000737593 0)
(-0.00153244 -0.000821814 0)
(-0.00169635 -0.000574149 0)
(-0.00176499 0.000388809 0)
(-0.00119567 0.00219696 0)
(-0.00031488 0.00407284 0)
(0.000241653 0.000440129 0)
(0.00098626 0.000185057 0)
(0.00133082 -0.000312262 0)
(0.0012463 -0.000606866 0)
(0.000980054 -0.000691211 0)
(0.000693525 -0.000671925 0)
(0.000438796 -0.00062731 0)
(0.000218425 -0.000590211 0)
(2.12703e-05 -0.000568643 0)
(-0.000165295 -0.000562252 0)
(-0.000352376 -0.000569763 0)
(-0.000551037 -0.000592079 0)
(-0.000774377 -0.00063243 0)
(-0.00103862 -0.000693575 0)
(-0.00135911 -0.000770417 0)
(-0.00173531 -0.000830537 0)
(-0.00213431 -0.0007822 0)
(-0.00250513 -0.000475657 0)
(-0.00209016 0.00032618 0)
(-0.000846388 0.00145387 0)
)
;

boundaryField
{
    leftWall
    {
        type            fixedValue;
        value           uniform (0 0 0);
    }
    rightWall
    {
        type            fixedValue;
        value           uniform (0 0 0);
    }
    topWall
    {
        type            fixedValue;
        value           uniform (0 0 0);
    }
    bottomWall
    {
        type            fixedValue;
        value           uniform (0 0 0);
    }
    frontAndBackPlanes
    {
        type            empty;
    }
}


// ************************************************************************* //
