/*--------------------------------*- C++ -*----------------------------------*\
| =========                 |                                                 |
| \\      /  F ield         | OpenFOAM: The Open Source CFD Toolbox           |
|  \\    /   O peration     | Version:  2506                                  |
|   \\  /    A nd           | Website:  www.openfoam.com                      |
|    \\/     M anipulation  |                                                 |
\*---------------------------------------------------------------------------*/
FoamFile
{
    version     2.0;
    format      ascii;
    arch        "LSB;label=32;scalar=64";
    class       surfaceScalarField;
    location    "124.8";
    object      phi;
}
// * * * * * * * * * * * * * * * * * * * * * * * * * * * * * * * * * * * * * //

dimensions      [1 0 -1 0 0 0 0];

oriented        oriented;

internalField   nonuniform List<scalar> 
370
(
0.00033769
-0.000370393
0.000881628
-0.00054388
0.0013504
-0.000468684
0.0016697
-0.000319203
0.00185
-0.000180181
0.00193369
-8.3563e-05
0.00196713
-3.33058e-05
0.00198835
-2.10743e-05
0.00202463
-3.61258e-05
0.00209416
-6.9371e-05
0.00220807
-0.000113741
0.0023724
-0.000164153
0.0025874
-0.000214825
0.00284164
-0.00025405
0.00309833
-0.0002565
0.00326985
-0.000171326
0.00318696
8.30828e-05
0.00263798
0.00054918
0.00142727
0.00121088
0.00142736
0.000455766
-0.000826128
0.0012174
-0.00130544
0.0019403
-0.00119147
0.00249417
-0.000872938
0.00286639
-0.000552261
0.00309516
-0.00031218
0.00323202
-0.000170006
0.00332383
-0.000112728
0.00340536
-0.000117497
0.00349804
-0.00016188
0.00361171
-0.00022724
0.00374501
-0.000297274
0.00388273
-0.000352373
0.00398908
-0.00036021
0.00399653
-0.000263763
0.00379924
2.6158e-05
0.00326068
0.000621837
0.00225264
0.00155741
0.000907707
0.00255599
0.00233515
0.000434174
-0.00126026
0.00113889
-0.00201005
0.00180524
-0.00185766
0.00232089
-0.00138842
0.00267759
-0.000908782
0.00290882
-0.000543226
0.00305642
-0.000317412
0.00315578
-0.000211911
0.00323133
-0.000192859
0.00329654
-0.000226904
0.00335514
-0.000285652
0.00340108
-0.000343017
0.00341589
-0.000366993
0.00336372
-0.000307846
0.0031873
-8.71458e-05
0.00281386
0.000399802
0.00219263
0.00124326
0.00133673
0.00241352
0.000450113
0.00344277
0.00278534
0.000367915
-0.00162813
0.000926255
-0.00256827
0.00141844
-0.00234967
0.00177313
-0.00174292
0.00200347
-0.00113892
0.00214681
-0.000686352
0.0022372
-0.000407598
0.00229726
-0.000271766
0.00233883
-0.000234228
0.00236638
-0.000254246
0.0023794
-0.000298473
0.00237226
-0.000335673
0.00233128
-0.000325808
0.00223078
-0.000207146
0.00203286
0.000110987
0.0017017
0.000731174
0.00122345
0.00172173
0.000653167
0.002984
0.000163384
0.00393271
0.00294879
0.000280397
-0.00190848
0.000643161
-0.0029309
0.000905946
-0.00261227
0.00105238
-0.00188915
0.00112111
-0.00120743
0.00115172
-0.000716748
0.00116784
-0.000423507
0.00117803
-0.000281743
0.00118275
-0.000238738
0.0011801
-0.000251395
0.0011681
-0.000286261
0.00114321
-0.000310584
0.00109682
-0.000279209
0.00101222
-0.000122337
0.000866811
0.000256609
0.000646298
0.000951903
0.000364768
0.00200347
9.38196e-05
0.00325515
-4.50792e-05
0.00407177
0.00290378
0.000169111
-0.00207754
0.000284789
-0.00304643
0.000276169
-0.00260346
0.000193588
-0.00180635
9.55894e-05
-0.00110922
1.3102e-05
-0.000634047
-4.77465e-05
-0.000362451
-9.22029e-05
-0.000237082
-0.000127742
-0.000202996
-0.00015933
-0.000219603
-0.000189778
-0.000255612
-0.000222473
-0.000277686
-0.000263678
-0.000237799
-0.000321633
-6.41731e-05
-0.000398031
0.000333223
-0.000479523
0.00103361
-0.000523513
0.00204768
-0.000459634
0.00319147
-0.000242433
0.00385472
0.0026614
-5.10989e-06
-0.00207237
-0.000205834
-0.00284556
-0.00052951
-0.00227959
-0.000857217
-0.00147844
-0.00112557
-0.000840662
-0.00132341
-0.000436005
-0.00146438
-0.000221285
-0.00156693
-0.000134334
-0.00164501
-0.000124714
-0.0017074
-0.000157022
-0.00175962
-0.000203199
-0.0018054
-0.000231707
-0.00184508
-0.000197925
-0.00187015
-3.88965e-05
-0.001852
0.000315281
-0.00174586
0.000927676
-0.0014908
0.00179282
-0.00103991
0.00274075
-0.000442126
0.00325707
0.00221933
-0.00027304
-0.00179926
-0.00090248
-0.00221596
-0.00158408
-0.0015978
-0.00214975
-0.000912563
-0.00256022
-0.000429998
-0.00283914
-0.000156882
-0.0030256
-3.46366e-05
-0.00315384
-5.90771e-06
-0.00324894
-2.94315e-05
-0.00332708
-7.87034e-05
-0.00339661
-0.000133488
-0.0034569
-0.000171239
-0.00349428
-0.000160364
-0.00347502
-5.7978e-05
-0.00334418
0.000184617
-0.00302888
0.000612561
-0.00246003
0.00122414
-0.00161998
0.00190085
-0.000645363
0.00228257
0.00157402
-0.000696257
-0.00110293
-0.00182104
-0.00109102
-0.00277937
-0.000639279
-0.00342256
-0.000269172
-0.00379606
-5.63043e-05
-0.00399626
4.34974e-05
-0.00410135
7.06328e-05
-0.00416346
5.63702e-05
-0.00421579
2.30648e-05
-0.00427728
-1.70527e-05
-0.00435352
-5.70936e-05
-0.00443588
-8.87272e-05
-0.00449715
-9.89519e-05
-0.00448524
-6.97387e-05
-0.00432448
2.3998e-05
-0.00391287
0.000201091
-0.0031648
0.000476191
-0.00206757
0.000803742
-0.000809277
0.00102438
0.000764775
-0.00110286
-0.00219371
-0.00283281
-0.00310179
-0.00315791
-0.00311424
-0.00304344
-0.00298691
-0.0029637
-0.00298061
-0.00303757
-0.00312617
-0.003225
-0.00329463
-0.00327053
-0.00306934
-0.00259306
-0.00178924
-0.000764801
)
;

boundaryField
{
    leftWall
    {
        type            calculated;
        value           nonuniform List<scalar> 10(0 0 5.42101e-20 0 -2.1684e-19 0 4.33681e-19 0 0 8.67362e-19);
    }
    rightWall
    {
        type            calculated;
        value           nonuniform List<scalar> 10(0 0 0 4.33681e-19 0 0 0 0 0 0);
    }
    topWall
    {
        type            calculated;
        value           uniform 0;
    }
    bottomWall
    {
        type            calculated;
        value           uniform 0;
    }
    frontAndBackPlanes
    {
        type            empty;
    }
}


// ************************************************************************* //
