/*--------------------------------*- C++ -*----------------------------------*\
| =========                 |                                                 |
| \\      /  F ield         | OpenFOAM: The Open Source CFD Toolbox           |
|  \\    /   O peration     | Version:  2506                                  |
|   \\  /    A nd           | Website:  www.openfoam.com                      |
|    \\/     M anipulation  |                                                 |
\*---------------------------------------------------------------------------*/
FoamFile
{
    version     2.0;
    format      ascii;
    arch        "LSB;label=32;scalar=64";
    class       surfaceScalarField;
    location    "40.4";
    object      phi;
}
// * * * * * * * * * * * * * * * * * * * * * * * * * * * * * * * * * * * * * //

dimensions      [1 0 -1 0 0 0 0];

oriented        oriented;

internalField   nonuniform List<scalar> 
370
(
-2.61051e-05
-6.71352e-05
0.000128785
-0.000154873
0.000340478
-0.000211664
0.000579811
-0.000239295
0.000821828
-0.000241972
0.00105302
-0.000231143
0.00127071
-0.000217635
0.00148004
-0.000209274
0.00169101
-0.000210922
0.00191595
-0.000224887
0.0021671
-0.000251096
0.00245383
-0.000286675
0.00277794
-0.000324058
0.00312622
-0.000348221
0.00345741
-0.000331142
0.00367799
-0.000220524
0.00360363
7.44128e-05
0.00300755
0.000596142
0.00165471
0.00135291
0.00165475
0.000131627
-0.000198746
0.000461645
-0.000484839
0.000899506
-0.00064944
0.00137247
-0.000712146
0.00183545
-0.000704823
0.00226584
-0.000661403
0.00265791
-0.000609556
0.00301669
-0.000567916
0.00335244
-0.000546525
0.00367571
-0.00054801
0.00399278
-0.000568028
0.00430046
-0.000594211
0.0045797
-0.000603157
0.00478683
-0.000555213
0.00484271
-0.000386895
0.00462919
-6.88279e-06
0.00399325
0.000710467
0.00278364
0.00180589
0.00114295
0.00299375
0.00279778
0.000214031
-0.000412735
0.000669595
-0.000940275
0.00122565
-0.00120529
0.00178619
-0.00127243
0.00229989
-0.00121823
0.00274798
-0.0011092
0.00313148
-0.000992755
0.00346086
-0.000897
0.0037488
-0.000834164
0.00400501
-0.000803931
0.00423205
-0.000794785
0.00442077
-0.000782647
0.00454473
-0.000726846
0.00455433
-0.000564562
0.00437432
-0.000206655
0.00390833
0.000459327
0.0030913
0.00152771
0.00193505
0.00296236
0.00069188
0.00423714
0.00348979
0.00025958
-0.000672232
0.00077095
-0.0014514
0.00134488
-0.00177884
0.00187294
-0.00180003
0.0023102
-0.00165499
0.00265201
-0.00145051
0.00291356
-0.00125382
0.00311597
-0.00109894
0.00327828
-0.000996015
0.00341329
-0.0009385
0.00352492
-0.000905975
0.00360518
-0.000862486
0.0036302
-0.000751452
0.00355612
-0.000490112
0.00332167
2.81341e-05
0.00286161
0.000919694
0.00214873
0.00224089
0.00124616
0.00386524
0.000389656
0.00509394
0.0038796
0.000274353
-0.000946446
0.000760347
-0.00193698
0.00124583
-0.00226373
0.00163056
-0.00218407
0.00189114
-0.00191487
0.00204595
-0.00160465
0.00212779
-0.00133503
0.00216815
-0.00113869
0.00219065
-0.00101793
0.00220935
-0.00095663
0.00222851
-0.000924571
0.00224161
-0.000875027
0.00222908
-0.000738377
0.00215613
-0.000416653
0.00197313
0.000211572
0.00164037
0.00125287
0.00115031
0.00273133
0.000582701
0.00443324
0.000129442
0.00554755
0.00400921
0.000239918
-0.00118616
0.000593016
-0.0022895
0.000866655
-0.00253655
0.000999286
-0.00231581
0.00100439
-0.00191911
0.000927162
-0.00152663
0.000812886
-0.00122003
0.000694825
-0.00101995
0.000592593
-0.000915033
0.000514593
-0.000877958
0.000460442
-0.00086973
0.000421903
-0.000835781
0.000382927
-0.000698693
0.000320959
-0.000354011
0.000213875
0.000319242
5.78003e-05
0.00140947
-0.0001144
0.00290405
-0.000222326
0.00454164
-0.000171036
0.00549663
0.00383832
0.000125443
-0.00131133
0.000196035
-0.00235934
0.000113099
-0.00245261
-0.00010498
-0.00209671
-0.000399728
-0.00162343
-0.000713951
-0.00121158
-0.00100932
-0.000923904
-0.00126718
-0.000761365
-0.00148264
-0.000698837
-0.00165844
-0.000701376
-0.0018008
-0.000726542
-0.00191643
-0.000719291
-0.00200878
-0.000605474
-0.00207173
-0.000290228
-0.00207689
0.000325156
-0.0019748
0.00130806
-0.00170012
0.00262998
-0.00119955
0.00404159
-0.000520664
0.00481813
0.00331781
-0.000116576
-0.0011944
-0.000503298
-0.00197171
-0.00106255
-0.00189223
-0.00167202
-0.00148615
-0.00224578
-0.00104873
-0.00274679
-0.000709753
-0.00316998
-0.000499951
-0.00352662
-0.000403965
-0.00383307
-0.000391601
-0.00410371
-0.00042993
-0.004346
-0.000483415
-0.00455527
-0.000509158
-0.00470763
-0.000452254
-0.00475205
-0.000244963
-0.00460935
0.000183263
-0.00418343
0.000882865
-0.00339553
0.00184272
-0.00223601
0.00288259
-0.000893983
0.00347647
0.00242397
-0.000479849
-0.000714111
-0.00142142
-0.00102908
-0.00243189
-0.000880513
-0.00330747
-0.000609429
-0.00398937
-0.000365865
-0.00449821
-0.000200105
-0.00488432
-0.000113113
-0.00520025
-8.73685e-05
-0.00548777
-0.000103418
-0.0057727
-0.000144355
-0.006062
-0.00019346
-0.00633895
-0.000231549
-0.00655561
-0.000234925
-0.00662606
-0.000173843
-0.00643886
-3.2572e-06
-0.00584135
0.000285987
-0.00472646
0.00072838
-0.00309049
0.00124708
-0.00121331
0.00159962
0.00121079
-0.000713595
-0.00174148
-0.0026206
-0.00322873
-0.0035935
-0.00379271
-0.00390508
-0.00399181
-0.00409468
-0.00423854
-0.00443153
-0.00466263
-0.00489711
-0.00507051
-0.00507334
-0.00478693
-0.00405816
-0.00281076
-0.0012109
)
;

boundaryField
{
    leftWall
    {
        type            calculated;
        value           nonuniform List<scalar> 10(0 0 0 -6.77626e-21 0 0 0 0 0 0);
    }
    rightWall
    {
        type            calculated;
        value           nonuniform List<scalar> 10(0 0 0 0 0 0 0 0 0 4.33681e-19);
    }
    topWall
    {
        type            calculated;
        value           uniform 0;
    }
    bottomWall
    {
        type            calculated;
        value           uniform 0;
    }
    frontAndBackPlanes
    {
        type            empty;
    }
}


// ************************************************************************* //
