/*--------------------------------*- C++ -*----------------------------------*\
| =========                 |                                                 |
| \\      /  F ield         | OpenFOAM: The Open Source CFD Toolbox           |
|  \\    /   O peration     | Version:  2506                                  |
|   \\  /    A nd           | Website:  www.openfoam.com                      |
|    \\/     M anipulation  |                                                 |
\*---------------------------------------------------------------------------*/
FoamFile
{
    version     2.0;
    format      ascii;
    arch        "LSB;label=32;scalar=64";
    class       volVectorField;
    location    "40.4";
    object      U;
}
// * * * * * * * * * * * * * * * * * * * * * * * * * * * * * * * * * * * * * //

dimensions      [0 1 -1 0 0 0 0];

internalField   nonuniform List<vector> 
200
(
(-0.00019465 -0.000168318 0)
(9.12815e-05 -0.000322151 0)
(0.000903045 -0.000390349 0)
(0.00190742 -0.00043445 0)
(0.0029251 -0.000435835 0)
(0.00391582 -0.000412137 0)
(0.00485059 -0.000391094 0)
(0.0057348 -0.000393467 0)
(0.00660173 -0.000432884 0)
(0.00750035 -0.000517915 0)
(0.00848471 -0.000653038 0)
(0.00960362 -0.000837451 0)
(0.0108866 -0.00106014 0)
(0.0123212 -0.00128821 0)
(0.013811 -0.00144369 0)
(0.0150834 -0.00135395 0)
(0.0155457 -0.000655247 0)
(0.0142651 0.00125199 0)
(0.0102477 0.00455151 0)
(0.003093 0.00651832 0)
(9.82723e-05 -0.000993781 0)
(0.00110878 -0.00240803 0)
(0.00276267 -0.0032811 0)
(0.00471683 -0.00367713 0)
(0.00670262 -0.0037067 0)
(0.00857905 -0.00353813 0)
(0.0102938 -0.00332288 0)
(0.0118514 -0.00317067 0)
(0.0132889 -0.00314769 0)
(0.0146541 -0.00328085 0)
(0.0159868 -0.00355921 0)
(0.0172991 -0.00392688 0)
(0.0185511 -0.00426269 0)
(0.0196207 -0.00434095 0)
(0.0202654 -0.0037662 0)
(0.0200791 -0.0018786 0)
(0.0184238 0.00231017 0)
(0.014587 0.00959553 0)
(0.0085361 0.0185303 0)
(0.00148488 0.0191243 0)
(0.000203214 -0.0024631 0)
(0.00172168 -0.00577211 0)
(0.00389208 -0.00759394 0)
(0.00628682 -0.00821325 0)
(0.0085652 -0.00804163 0)
(0.0105814 -0.00747735 0)
(0.0123102 -0.00682675 0)
(0.0137851 -0.00628668 0)
(0.0150606 -0.00595581 0)
(0.016188 -0.00585004 0)
(0.0171973 -0.00590832 0)
(0.0180793 -0.00598171 0)
(0.0187657 -0.00580309 0)
(0.0191046 -0.00493902 0)
(0.0188383 -0.00273251 0)
(0.0175667 0.00172775 0)
(0.0149188 0.00933976 0)
(0.0107197 0.0201896 0)
(0.00549463 0.0307724 0)
(0.000716441 0.0267968 0)
(0.000263613 -0.00449796 0)
(0.00205769 -0.00996822 0)
(0.00439319 -0.0125256 0)
(0.00675924 -0.0129976 0)
(0.00880343 -0.0122505 0)
(0.0104275 -0.0109926 0)
(0.0116699 -0.00970279 0)
(0.0126182 -0.00864808 0)
(0.0133625 -0.0079313 0)
(0.013973 -0.00753129 0)
(0.0144876 -0.0073191 0)
(0.0149009 -0.00704533 0)
(0.0151506 -0.00630246 0)
(0.0151009 -0.00447796 0)
(0.0145279 -0.000736148 0)
(0.0131144 0.0058783 0)
(0.0106624 0.0160204 0)
(0.00717652 0.0290027 0)
(0.00327791 0.0396295 0)
(0.00031709 0.0312894 0)
(0.00030773 -0.00679649 0)
(0.00212514 -0.0143038 0)
(0.00422021 -0.0171675 0)
(0.00608839 -0.017025 0)
(0.00744714 -0.0153454 0)
(0.00829625 -0.013196 0)
(0.00876172 -0.0112118 0)
(0.00899005 -0.00968799 0)
(0.0091016 -0.00868971 0)
(0.0091768 -0.00813022 0)
(0.00925463 -0.00780069 0)
(0.00933173 -0.00735418 0)
(0.00935699 -0.00625812 0)
(0.00922118 -0.00374826 0)
(0.00872756 0.00114645 0)
(0.00767535 0.0093405 0)
(0.00593715 0.0212044 0)
(0.00362098 0.0353114 0)
(0.00129186 0.0452439 0)
(5.10433e-06 0.0334829 0)
(0.000310682 -0.00904421 0)
(0.00178592 -0.0180335 0)
(0.00313545 -0.0205921 0)
(0.00400157 -0.0194008 0)
(0.00427444 -0.0165997 0)
(0.0040904 -0.0135879 0)
(0.0036557 -0.0110827 0)
(0.00314433 -0.00933361 0)
(0.00266912 -0.00831666 0)
(0.00228713 -0.00785381 0)
(0.00201288 -0.00765197 0)
(0.00182662 -0.00727817 0)
(0.00167766 -0.00610045 0)
(0.00148788 -0.00324454 0)
(0.00114313 0.00233845 0)
(0.000587499 0.0114917 0)
(-0.000127122 0.0242575 0)
(-0.000774604 0.0385179 0)
(-0.000986047 0.0472116 0)
(-0.00031584 0.0334047 0)
(0.000229791 -0.0107039 0)
(0.000804142 -0.0200746 0)
(0.000771732 -0.0216542 0)
(0.000108498 -0.0192036 0)
(-0.0010103 -0.0154191 0)
(-0.00232066 -0.0118975 0)
(-0.00361893 -0.00928891 0)
(-0.00478619 -0.0076947 0)
(-0.00577662 -0.00695506 0)
(-0.00659049 -0.00679509 0)
(-0.00725131 -0.00685567 0)
(-0.00779137 -0.00665471 0)
(-0.00823793 -0.00552822 0)
(-0.00858851 -0.00261248 0)
(-0.00877288 0.00303413 0)
(-0.00860187 0.0120367 0)
(-0.00781806 0.0241457 0)
(-0.00617826 0.0371327 0)
(-0.00371596 0.0443498 0)
(-0.000710259 0.0305901 0)
(-1.12958e-05 -0.0108675 0)
(-0.00109921 -0.01893 0)
(-0.00317752 -0.0190116 0)
(-0.00571278 -0.0156296 0)
(-0.00823624 -0.0115911 0)
(-0.0104986 -0.00827085 0)
(-0.012426 -0.0060853 0)
(-0.0140424 -0.00496522 0)
(-0.0154138 -0.00465669 0)
(-0.0166107 -0.00484965 0)
(-0.0176849 -0.00519036 0)
(-0.0186495 -0.00524017 0)
(-0.0194547 -0.00443165 0)
(-0.0199513 -0.00207043 0)
(-0.0198309 0.00255929 0)
(-0.0186847 0.00992861 0)
(-0.0161217 0.0197878 0)
(-0.0119547 0.0302513 0)
(-0.00663788 0.0359258 0)
(-0.00114375 0.0246577 0)
(-0.000505649 -0.00843417 0)
(-0.00383339 -0.0133302 0)
(-0.0080682 -0.012177 0)
(-0.0121304 -0.00896488 0)
(-0.0154187 -0.00579865 0)
(-0.0178819 -0.00350951 0)
(-0.019708 -0.0022211 0)
(-0.0211342 -0.00175959 0)
(-0.0223671 -0.0018761 0)
(-0.0235531 -0.0023257 0)
(-0.0247654 -0.00286433 0)
(-0.0259895 -0.00321357 0)
(-0.0270976 -0.00302824 0)
(-0.0278207 -0.0018896 0)
(-0.0277146 0.00066461 0)
(-0.0261386 0.00504165 0)
(-0.0225262 0.0112012 0)
(-0.0166276 0.01802 0)
(-0.00912664 0.0221192 0)
(-0.00156464 0.0156725 0)
(-0.00122177 -0.00269459 0)
(-0.00513955 -0.00349714 0)
(-0.00920343 -0.00264783 0)
(-0.0123986 -0.00151532 0)
(-0.0144304 -0.000632302 0)
(-0.0155603 -0.000103935 0)
(-0.0161583 0.00012207 0)
(-0.0165336 0.000132771 0)
(-0.0169048 4.05341e-06 0)
(-0.0174118 -0.000208537 0)
(-0.0181255 -0.000462371 0)
(-0.0190445 -0.000713076 0)
(-0.0200796 -0.000899989 0)
(-0.021022 -0.000933406 0)
(-0.0214991 -0.000673324 0)
(-0.0210062 9.87511e-05 0)
(-0.0188871 0.00155101 0)
(-0.0146318 0.00356844 0)
(-0.00859059 0.00530917 0)
(-0.00207054 0.00448065 0)
)
;

boundaryField
{
    leftWall
    {
        type            fixedValue;
        value           uniform (0 0 0);
    }
    rightWall
    {
        type            fixedValue;
        value           uniform (0 0 0);
    }
    topWall
    {
        type            fixedValue;
        value           uniform (0 0 0);
    }
    bottomWall
    {
        type            fixedValue;
        value           uniform (0 0 0);
    }
    frontAndBackPlanes
    {
        type            empty;
    }
}


// ************************************************************************* //
