/*--------------------------------*- C++ -*----------------------------------*\
| =========                 |                                                 |
| \\      /  F ield         | OpenFOAM: The Open Source CFD Toolbox           |
|  \\    /   O peration     | Version:  2506                                  |
|   \\  /    A nd           | Website:  www.openfoam.com                      |
|    \\/     M anipulation  |                                                 |
\*---------------------------------------------------------------------------*/
FoamFile
{
    version     2.0;
    format      ascii;
    arch        "LSB;label=32;scalar=64";
    class       surfaceScalarField;
    location    "51.6";
    object      phi;
}
// * * * * * * * * * * * * * * * * * * * * * * * * * * * * * * * * * * * * * //

dimensions      [1 0 -1 0 0 0 0];

oriented        oriented;

internalField   nonuniform List<scalar> 
370
(
2.16832e-05
-0.000102364
0.000214979
-0.000193252
0.000436191
-0.000221146
0.000649977
-0.000213704
0.000840253
-0.000190184
0.0010069
-0.00016655
0.0011592
-0.000152196
0.00131063
-0.000151323
0.00147591
-0.000165168
0.00166945
-0.000193428
0.00190421
-0.000234648
0.00218981
-0.000285475
0.00252815
-0.000338201
0.00290525
-0.000376974
0.00327722
-0.000371835
0.00354609
-0.000268733
0.00351267
3.35576e-05
0.0029545
0.000558299
0.0016307
0.00132393
0.00163077
0.000172791
-0.000275122
0.000535941
-0.000556308
0.000958802
-0.000643868
0.00136677
-0.000621509
0.00173058
-0.00055381
0.0020474
-0.00048318
0.0023282
-0.000432809
0.00258943
-0.000412365
0.00284778
-0.000423324
0.00311689
-0.00046233
0.00340452
-0.000522074
0.00370875
-0.000589482
0.00401179
-0.000641016
0.00427032
-0.000635274
0.00440266
-0.000503951
0.00427997
-0.000145817
0.00375088
0.000562865
0.00264006
0.00166934
0.00108809
0.00287609
0.00271897
0.000243739
-0.000518799
0.000700421
-0.00101281
0.00120299
-0.00114618
0.00166611
-0.00108433
0.00206064
-0.000948026
0.00238792
-0.000810138
0.0026622
-0.000706775
0.00290059
-0.000650429
0.00311778
-0.000640192
0.00332349
-0.000667714
0.00352049
-0.000718741
0.00370163
-0.000770272
0.00384459
-0.000783624
0.00390447
-0.000694808
0.00380745
-0.000406587
0.00345494
0.000207033
0.00276501
0.0012531
0.0017409
0.00269376
0.000619113
0.00399814
0.00333822
0.000273943
-0.000792645
0.000754885
-0.00149349
0.00124736
-0.00163828
0.001667
-0.00150354
0.00199498
-0.00127556
0.00224291
-0.00105761
0.00243142
-0.000894845
0.00257971
-0.000798279
0.00270171
-0.000761755
0.00280552
-0.000771073
0.00289326
-0.000806032
0.00295962
-0.000836172
0.00298783
-0.000811362
0.00294379
-0.000650294
0.00277265
-0.000234981
0.00240823
0.000571882
0.00181531
0.00184644
0.00104602
0.00346343
0.000315885
0.00472859
0.00365426
0.000273369
-0.00106589
0.00070854
-0.00192831
0.00110779
-0.00203705
0.00140432
-0.00179952
0.00159907
-0.00146976
0.00171745
-0.00117544
0.00178621
-0.000963074
0.00182513
-0.000836663
0.0018463
-0.000782404
0.00185621
-0.000780442
0.00185711
-0.000806375
0.00184631
-0.000824811
0.00181312
-0.000777591
0.0017347
-0.000571283
0.00157436
-7.40785e-05
0.00129135
0.000855427
0.00088052
0.00225777
0.000417062
0.00392734
7.04662e-05
0.00507556
0.0037249
0.000229144
-0.00129488
0.000529767
-0.00222852
0.000740612
-0.00224733
0.000835247
-0.00189354
0.000842731
-0.00147663
0.000800512
-0.00113262
0.000735677
-0.000897652
0.000663355
-0.000763757
0.000590715
-0.000709172
0.000520844
-0.000709962
0.000454106
-0.000739005
0.000387058
-0.000757108
0.000310621
-0.000700479
0.00021045
-0.000470432
7.28518e-05
6.41833e-05
-9.23642e-05
0.00102128
-0.000245963
0.00241195
-0.000308458
0.00399035
-0.000202087
0.00496957
0.00352297
0.000113239
-0.00140793
0.000149706
-0.00226451
5.26033e-05
-0.00214961
-0.000134217
-0.00170606
-0.000356295
-0.00125391
-0.000577437
-0.00091086
-0.000781651
-0.000692825
-0.000965322
-0.000579468
-0.00112998
-0.000543879
-0.00127872
-0.000560571
-0.00141553
-0.000601529
-0.0015452
-0.000626748
-0.00167087
-0.000574104
-0.00178639
-0.000354193
-0.00186143
0.000139934
-0.00183017
0.000990687
-0.00161405
0.00219645
-0.00115609
0.00353292
-0.000505208
0.00431907
0.00301791
-0.000124083
-0.00128364
-0.000508967
-0.0018791
-0.00102042
-0.0016375
-0.00153325
-0.00119257
-0.00198581
-0.00080071
-0.00236501
-0.000531043
-0.00268036
-0.000376867
-0.00294828
-0.000310942
-0.00318467
-0.000306872
-0.00340224
-0.000342375
-0.00360889
-0.00039425
-0.00380407
-0.000430933
-0.00397138
-0.000406146
-0.00406794
-0.000256979
-0.00401626
8.89089e-05
-0.00371248
0.000687532
-0.00306313
0.00154767
-0.00204381
0.00251408
-0.000825216
0.00310084
0.00219284
-0.000492893
-0.000790503
-0.00139666
-0.000974766
-0.00229643
-0.000737059
-0.0030248
-0.00046354
-0.00356444
-0.000260466
-0.00395545
-0.000139462
-0.00424913
-8.2642e-05
-0.00449015
-6.93859e-05
-0.00471191
-8.45869e-05
-0.00493622
-0.000117546
-0.00517202
-0.000157934
-0.00541022
-0.000192217
-0.00561497
-0.000200881
-0.00571452
-0.000156917
-0.00560191
-2.319e-05
-0.00513878
0.000224904
-0.00420459
0.00061395
-0.0027768
0.0010867
-0.00109949
0.00142383
0.00109348
-0.000790227
-0.00176439
-0.00250075
-0.00296364
-0.00322351
-0.00336245
-0.00344461
-0.00351354
-0.0035977
-0.00371484
-0.00387238
-0.00406421
-0.00426472
-0.00442128
-0.00444411
-0.00421887
-0.0036046
-0.00251762
-0.00109357
)
;

boundaryField
{
    leftWall
    {
        type            calculated;
        value           nonuniform List<scalar> 10(0 0 0 0 5.42101e-20 1.0842e-19 0 0 0 0);
    }
    rightWall
    {
        type            calculated;
        value           uniform 0;
    }
    topWall
    {
        type            calculated;
        value           uniform 0;
    }
    bottomWall
    {
        type            calculated;
        value           uniform 0;
    }
    frontAndBackPlanes
    {
        type            empty;
    }
}


// ************************************************************************* //
