/*--------------------------------*- C++ -*----------------------------------*\
| =========                 |                                                 |
| \\      /  F ield         | OpenFOAM: The Open Source CFD Toolbox           |
|  \\    /   O peration     | Version:  2506                                  |
|   \\  /    A nd           | Website:  www.openfoam.com                      |
|    \\/     M anipulation  |                                                 |
\*---------------------------------------------------------------------------*/
FoamFile
{
    version     2.0;
    format      ascii;
    arch        "LSB;label=32;scalar=64";
    class       volVectorField;
    location    "51.6";
    object      U;
}
// * * * * * * * * * * * * * * * * * * * * * * * * * * * * * * * * * * * * * //

dimensions      [0 1 -1 0 0 0 0];

internalField   nonuniform List<vector> 
200
(
(-0.000103742 -0.000300462 0)
(0.000388169 -0.000469196 0)
(0.00130907 -0.000457709 0)
(0.00227675 -0.000403809 0)
(0.00312638 -0.000334266 0)
(0.00386513 -0.000277899 0)
(0.00452039 -0.000255782 0)
(0.00514156 -0.000276814 0)
(0.0057891 -0.000344017 0)
(0.00652545 -0.000459195 0)
(0.00740968 -0.000624157 0)
(0.00849216 -0.000838229 0)
(0.00980319 -0.00109091 0)
(0.0113298 -0.00134736 0)
(0.0129693 -0.00152355 0)
(0.0144319 -0.00143975 0)
(0.0150841 -0.000730238 0)
(0.0139702 0.00120516 0)
(0.0100907 0.00451663 0)
(0.00306049 0.00646174 0)
(0.00016574 -0.00147862 0)
(0.0013911 -0.00291801 0)
(0.00308642 -0.00336933 0)
(0.00486704 -0.00326625 0)
(0.00649622 -0.00292408 0)
(0.00791306 -0.00257326 0)
(0.00914593 -0.0023465 0)
(0.0102597 -0.00230374 0)
(0.0113277 -0.0024606 0)
(0.0124165 -0.00280696 0)
(0.013574 -0.00331172 0)
(0.0148171 -0.00391157 0)
(0.0161116 -0.00448109 0)
(0.0173395 -0.00478135 0)
(0.0182526 -0.00438719 0)
(0.0184221 -0.00260159 0)
(0.0171902 0.00157987 0)
(0.0137877 0.00895576 0)
(0.00813227 0.0179958 0)
(0.00141932 0.018738 0)
(0.000260852 -0.00325063 0)
(0.00189896 -0.00643289 0)
(0.00395606 -0.00739073 0)
(0.00602176 -0.00709872 0)
(0.00783115 -0.00630156 0)
(0.00933211 -0.00547247 0)
(0.0105716 -0.00486085 0)
(0.0116245 -0.00456473 0)
(0.0125616 -0.00459175 0)
(0.0134362 -0.00489612 0)
(0.0142771 -0.0053882 0)
(0.0150787 -0.00591523 0)
(0.0157855 -0.00621272 0)
(0.0162645 -0.00583174 0)
(0.0162726 -0.00406326 0)
(0.0154243 8.06451e-05 0)
(0.0132812 0.0076024 0)
(0.00963648 0.0185417 0)
(0.0049501 0.0293278 0)
(0.000633654 0.0258514 0)
(0.000305413 -0.00546454 0)
(0.00210604 -0.0104882 0)
(0.00419386 -0.0117214 0)
(0.0061435 -0.0109677 0)
(0.0077164 -0.00948918 0)
(0.00890673 -0.00802126 0)
(0.0097984 -0.00691171 0)
(0.0104839 -0.0062679 0)
(0.0110357 -0.00606632 0)
(0.0115004 -0.00621457 0)
(0.0119004 -0.00656692 0)
(0.0122315 -0.00689581 0)
(0.012452 -0.00682424 0)
(0.0124617 -0.00573733 0)
(0.0120769 -0.00272398 0)
(0.010999 0.00333445 0)
(0.00900239 0.0132051 0)
(0.00605883 0.0261986 0)
(0.00271638 0.037105 0)
(0.000234926 0.0297057 0)
(0.000327463 -0.00780779 0)
(0.00205551 -0.0144523 0)
(0.00384299 -0.0156124 0)
(0.00532528 -0.0141136 0)
(0.00634972 -0.0117941 0)
(0.00698357 -0.00963338 0)
(0.007352 -0.00803166 0)
(0.00755982 -0.00706399 0)
(0.00767456 -0.00665227 0)
(0.00773395 -0.00665447 0)
(0.00775579 -0.00688211 0)
(0.00774041 -0.00705689 0)
(0.00766268 -0.00672127 0)
(0.00745686 -0.00513565 0)
(0.00699999 -0.00124053 0)
(0.00608343 0.00613912 0)
(0.00461767 0.0175073 0)
(0.00269763 0.0314729 0)
(0.000821975 0.0417069 0)
(-6.33605e-05 0.0313213 0)
(0.000309329 -0.00999188 0)
(0.0016498 -0.0177142 0)
(0.00273535 -0.0183686 0)
(0.00337354 -0.0159203 0)
(0.00356804 -0.012756 0)
(0.00346994 -0.0100152 0)
(0.00322564 -0.00807241 0)
(0.00292674 -0.00692418 0)
(0.00261794 -0.00642412 0)
(0.00231825 -0.00638746 0)
(0.00203388 -0.00659681 0)
(0.00175814 -0.00673693 0)
(0.0014644 -0.0062876 0)
(0.00110342 -0.00442058 0)
(0.000610894 4.51528e-06 0)
(-4.81724e-05 0.00812361 0)
(-0.000747346 0.0201182 0)
(-0.00124831 0.0339752 0)
(-0.00122707 0.0429207 0)
(-0.000343884 0.0308409 0)
(0.000215593 -0.011546 0)
(0.000674094 -0.0193728 0)
(0.000519985 -0.0190846 0)
(-0.00011595 -0.0156829 0)
(-0.00100775 -0.0119127 0)
(-0.00195544 -0.00891213 0)
(-0.00285345 -0.00692372 0)
(-0.00366524 -0.0058286 0)
(-0.00439055 -0.0054155 0)
(-0.00504164 -0.0054694 0)
(-0.00563511 -0.00574975 0)
(-0.00619265 -0.00590929 0)
(-0.00673741 -0.00539554 0)
(-0.00727097 -0.00338972 0)
(-0.00772749 0.00112111 0)
(-0.00786695 0.00897108 0)
(-0.00736521 0.0201231 0)
(-0.00593606 0.0325326 0)
(-0.00360406 0.0399045 0)
(-0.000685471 0.0279368 0)
(-2.83704e-05 -0.0116311 0)
(-0.00116313 -0.0180901 0)
(-0.00314569 -0.0165908 0)
(-0.00536715 -0.0126876 0)
(-0.00741811 -0.00895971 0)
(-0.00915779 -0.0062495 0)
(-0.0105968 -0.0046042 0)
(-0.0118003 -0.00381348 0)
(-0.0128407 -0.00363911 0)
(-0.0137808 -0.00386503 0)
(-0.0146672 -0.00425784 0)
(-0.015522 -0.00449416 0)
(-0.0163204 -0.00409406 0)
(-0.0169489 -0.00240196 0)
(-0.0171425 0.00132739 0)
(-0.0164585 0.0076723 0)
(-0.0144582 0.0165823 0)
(-0.0108839 0.0263978 0)
(-0.00611102 0.0320961 0)
(-0.00105711 0.0223503 0)
(-0.000547845 -0.00913228 0)
(-0.00388712 -0.012667 0)
(-0.0077885 -0.0104096 0)
(-0.0112776 -0.00703924 0)
(-0.0139357 -0.00429886 0)
(-0.0158451 -0.00255032 0)
(-0.0172334 -0.0016545 0)
(-0.0183165 -0.00137142 0)
(-0.0192608 -0.00149566 0)
(-0.0201832 -0.00186669 0)
(-0.0211518 -0.00232913 0)
(-0.0221732 -0.00268128 0)
(-0.0231626 -0.00263513 0)
(-0.0239057 -0.00180581 0)
(-0.0240143 0.000255549 0)
(-0.0228898 0.00396928 0)
(-0.0199556 0.00942864 0)
(-0.0148902 0.015697 0)
(-0.00824781 0.0196859 0)
(-0.00142164 0.0141509 0)
(-0.00140794 -0.00305142 0)
(-0.00543445 -0.00334974 0)
(-0.0090513 -0.00217257 0)
(-0.0116044 -0.00105763 0)
(-0.013088 -0.000353303 0)
(-0.0138678 -3.11725e-06 0)
(-0.0142839 0.000113173 0)
(-0.014569 8.92081e-05 0)
(-0.0148713 -1.79767e-05 0)
(-0.0152857 -0.000177368 0)
(-0.0158664 -0.000368439 0)
(-0.0166212 -0.000564764 0)
(-0.0174908 -0.000719949 0)
(-0.0183151 -0.000756831 0)
(-0.0187905 -0.000554416 0)
(-0.0184628 7.15117e-05 0)
(-0.0167221 0.00131174 0)
(-0.0130606 0.00310503 0)
(-0.00773021 0.00471489 0)
(-0.00187446 0.00404354 0)
)
;

boundaryField
{
    leftWall
    {
        type            fixedValue;
        value           uniform (0 0 0);
    }
    rightWall
    {
        type            fixedValue;
        value           uniform (0 0 0);
    }
    topWall
    {
        type            fixedValue;
        value           uniform (0 0 0);
    }
    bottomWall
    {
        type            fixedValue;
        value           uniform (0 0 0);
    }
    frontAndBackPlanes
    {
        type            empty;
    }
}


// ************************************************************************* //
