/*--------------------------------*- C++ -*----------------------------------*\
| =========                 |                                                 |
| \\      /  F ield         | OpenFOAM: The Open Source CFD Toolbox           |
|  \\    /   O peration     | Version:  2506                                  |
|   \\  /    A nd           | Website:  www.openfoam.com                      |
|    \\/     M anipulation  |                                                 |
\*---------------------------------------------------------------------------*/
FoamFile
{
    version     2.0;
    format      ascii;
    arch        "LSB;label=32;scalar=64";
    class       surfaceScalarField;
    location    "8.6";
    object      phi;
}
// * * * * * * * * * * * * * * * * * * * * * * * * * * * * * * * * * * * * * //

dimensions      [1 0 -1 0 0 0 0];

oriented        oriented;

internalField   nonuniform List<scalar> 
370
(
-9.6484e-05
-3.15021e-05
-4.16962e-05
-5.47986e-05
3.19491e-05
-7.36631e-05
0.000128402
-9.64763e-05
0.000246141
-0.000117764
0.000385053
-0.000138939
0.000547187
-0.000162162
0.000736258
-0.0001891
0.000957149
-0.000220921
0.00121528
-0.000258161
0.00151555
-0.000300303
0.00186045
-0.00034493
0.00224669
-0.000386269
0.00265883
-0.000412154
0.00305729
-0.000398441
0.00335706
-0.000299671
0.00337172
-1.43484e-05
0.00288742
0.000484947
0.00163323
0.00125518
0.00163397
-3.82768e-06
-2.76661e-05
4.29061e-05
-0.000101518
0.000143208
-0.000173958
0.000287877
-0.000241149
0.000472152
-0.000302048
0.000693337
-0.000360137
0.000950934
-0.000419773
0.00124606
-0.000484247
0.00158021
-0.00055508
0.0019534
-0.000631373
0.00236171
-0.000708627
0.00279345
-0.000776685
0.00322354
-0.000816371
0.00360554
-0.000794152
0.00386115
-0.000654022
0.00386915
-0.000307559
0.00348847
0.000366626
0.00252217
0.00145187
0.00106836
0.00270993
0.00270299
8.47545e-06
-3.61197e-05
5.76899e-05
-0.000150692
0.000155137
-0.000271373
0.000295811
-0.000381809
0.0004743
-0.000480535
0.000687005
-0.000572846
0.000932041
-0.000664815
0.00120832
-0.000760533
0.00151413
-0.000860897
0.0018452
-0.000962455
0.00219214
-0.00105558
0.00253699
-0.00112153
0.00284874
-0.00112813
0.00307839
-0.00102379
0.00315498
-0.00073056
0.00298776
-0.000140163
0.00248763
0.00086719
0.00163185
0.00230851
0.000610951
0.00373203
0.00331476
2.56367e-06
-3.86489e-05
3.48221e-05
-0.000182884
0.000103628
-0.000340126
0.00020639
-0.000484545
0.00033856
-0.000612694
0.000496713
-0.000730999
0.000678867
-0.000846971
0.000883716
-0.000965386
0.00110938
-0.00108656
0.00135172
-0.0012048
0.0016022
-0.00130607
0.00184509
-0.00136442
0.00205425
-0.00133729
0.00219043
-0.00115996
0.00220094
-0.000740989
0.00202742
3.36106e-05
0.00162347
0.00127177
0.00100763
0.00292558
0.00034432
0.00439702
0.00366019
-1.0203e-05
-2.83994e-05
-8.31708e-06
-0.000184681
1.57768e-05
-0.000364149
6.18185e-05
-0.000530549
0.000126656
-0.000677517
0.000207792
-0.00081213
0.00030432
-0.000943497
0.000416518
-0.00107758
0.000544902
-0.00121495
0.000688888
-0.00134879
0.000844955
-0.00146213
0.00100416
-0.00152362
0.00114909
-0.00148221
0.00125154
-0.00126237
0.00127321
-0.000762543
0.00117247
0.000134701
0.000925088
0.00152003
0.000552368
0.00329999
0.00017212
0.00477951
0.00383375
-2.53224e-05
-3.01951e-06
-5.90761e-05
-0.000150818
-8.66774e-05
-0.00033646
-0.000106606
-0.000510573
-0.000120934
-0.000663168
-0.000130895
-0.000802161
-0.000135644
-0.000938744
-0.000132319
-0.0010809
-0.000116578
-0.00123068
-8.35057e-05
-0.00138186
-2.91365e-05
-0.0015165
4.70554e-05
-0.00159981
0.000138724
-0.00157385
0.000229365
-0.00135294
0.000291982
-0.00082496
0.000297154
0.000130044
0.000228633
0.00158976
0.000111442
0.00341942
1.47888e-05
0.00487908
0.00385033
-3.67404e-05
3.37884e-05
-0.000101268
-8.61607e-05
-0.000177602
-0.000260022
-0.000264434
-0.000423684
-0.000363447
-0.00056413
-0.000474875
-0.00069072
-0.00059645
-0.000817159
-0.000723291
-0.000954055
-0.000847832
-0.00110613
-0.00095985
-0.00126983
-0.00104708
-0.00142926
-0.00109705
-0.0015498
-0.00110053
-0.00157029
-0.0010558
-0.00139746
-0.000970316
-0.000909955
-0.000854393
1.50965e-05
-0.000703592
0.00144085
-0.000489817
0.00320869
-0.000210728
0.00460363
0.0036417
-3.50535e-05
6.89198e-05
-0.000107807
-1.32574e-05
-0.000214358
-0.00015335
-0.000355809
-0.000282166
-0.00053317
-0.000386737
-0.000745352
-0.00047852
-0.000989976
-0.000572521
-0.0012633
-0.000680712
-0.00155912
-0.000810296
-0.00186695
-0.000961978
-0.00217021
-0.00112595
-0.00244519
-0.00127472
-0.00266148
-0.00135374
-0.00278375
-0.00127456
-0.00277251
-0.000919926
-0.00258244
-0.000172819
-0.00215566
0.00101731
-0.00145699
0.00251423
-0.000588989
0.00374001
0.00305506
-1.0126e-07
6.91128e-05
-3.6366e-05
2.3183e-05
-0.000134896
-5.46753e-05
-0.000298055
-0.000118924
-0.000519349
-0.000165399
-0.000793569
-0.000204272
-0.0011201
-0.000245963
-0.00150227
-0.000298523
-0.00194479
-0.000367745
-0.00244992
-0.000456801
-0.00301185
-0.000563929
-0.00360956
-0.000676776
-0.00419719
-0.000765462
-0.00469416
-0.000776108
-0.00497761
-0.00063368
-0.00488905
-0.000257134
-0.0042438
0.000377356
-0.00294467
0.0012208
-0.00121262
0.00201309
0.00184509
6.92198e-05
9.26142e-05
3.81207e-05
-8.06919e-05
-0.000246027
-0.000450257
-0.000696183
-0.00099467
-0.00136237
-0.00181912
-0.00238294
-0.00305942
-0.00382403
-0.00459808
-0.00522785
-0.00547911
-0.0050947
-0.00386688
-0.00184805
)
;

boundaryField
{
    leftWall
    {
        type            calculated;
        value           nonuniform List<scalar> 10(0 0 0 0 0 0 0 0 5.42101e-20 0);
    }
    rightWall
    {
        type            calculated;
        value           nonuniform List<scalar> 10(0 0 -4.33681e-19 0 0 8.67362e-19 0 0 0 0);
    }
    topWall
    {
        type            calculated;
        value           uniform 0;
    }
    bottomWall
    {
        type            calculated;
        value           uniform 0;
    }
    frontAndBackPlanes
    {
        type            empty;
    }
}


// ************************************************************************* //
