/*--------------------------------*- C++ -*----------------------------------*\
| =========                 |                                                 |
| \\      /  F ield         | OpenFOAM: The Open Source CFD Toolbox           |
|  \\    /   O peration     | Version:  2506                                  |
|   \\  /    A nd           | Website:  www.openfoam.com                      |
|    \\/     M anipulation  |                                                 |
\*---------------------------------------------------------------------------*/
FoamFile
{
    version     2.0;
    format      ascii;
    arch        "LSB;label=32;scalar=64";
    class       volVectorField;
    location    "42.6";
    object      U;
}
// * * * * * * * * * * * * * * * * * * * * * * * * * * * * * * * * * * * * * //

dimensions      [0 1 -1 0 0 0 0];

internalField   nonuniform List<vector> 
200
(
(-0.000182942 -0.000193146 0)
(0.000137052 -0.000345304 0)
(0.000964046 -0.000395876 0)
(0.00194179 -0.00041828 0)
(0.00290134 -0.000403165 0)
(0.00381482 -0.000372028 0)
(0.00466764 -0.000351929 0)
(0.00547731 -0.000361113 0)
(0.00628542 -0.000410597 0)
(0.00714561 -0.000507021 0)
(0.00811385 -0.000653732 0)
(0.00923911 -0.000849277 0)
(0.0105498 -0.00108191 0)
(0.0120309 -0.00131742 0)
(0.0135811 -0.00147581 0)
(0.0149204 -0.00138314 0)
(0.015443 -0.000677323 0)
(0.0142092 0.0012418 0)
(0.0102234 0.00454968 0)
(0.00308971 0.00651405 0)
(0.000109756 -0.00107645 0)
(0.00114946 -0.00247186 0)
(0.00278624 -0.00323973 0)
(0.00466742 -0.00351585 0)
(0.00653517 -0.00345725 0)
(0.00827029 -0.00324931 0)
(0.00984248 -0.00304108 0)
(0.0112736 -0.002931 0)
(0.0126117 -0.00297242 0)
(0.0139108 -0.00318158 0)
(0.0152135 -0.00353997 0)
(0.0165323 -0.00398643 0)
(0.0178269 -0.00439485 0)
(0.0189725 -0.00453291 0)
(0.0197202 -0.00399622 0)
(0.0196514 -0.0021169 0)
(0.0181214 0.00209404 0)
(0.014403 0.00942987 0)
(0.00844939 0.0184167 0)
(0.0014719 0.0190568 0)
(0.000213936 -0.00258935 0)
(0.00173984 -0.00582038 0)
(0.00385249 -0.00741769 0)
(0.00613091 -0.00781123 0)
(0.00825725 -0.00749021 0)
(0.0101127 -0.00687338 0)
(0.0116934 -0.006255 0)
(0.0130457 -0.0058077 0)
(0.0142298 -0.00560607 0)
(0.0152986 -0.0056476 0)
(0.0162815 -0.00585948 0)
(0.0171695 -0.00608581 0)
(0.0178948 -0.00605335 0)
(0.0183065 -0.00531893 0)
(0.0181463 -0.00321028 0)
(0.0170154 0.0012012 0)
(0.0145171 0.00883865 0)
(0.0104654 0.0197642 0)
(0.00537213 0.0304439 0)
(0.000698656 0.0266061 0)
(0.00027166 -0.0046434 0)
(0.00204794 -0.00992975 0)
(0.00429133 -0.0121318 0)
(0.00651634 -0.0122924 0)
(0.00840504 -0.0113719 0)
(0.00988777 -0.010086 0)
(0.0110184 -0.00888104 0)
(0.0118877 -0.00798207 0)
(0.0125821 -0.00745691 0)
(0.0131655 -0.00726176 0)
(0.0136707 -0.00725719 0)
(0.014091 -0.00719135 0)
(0.0143672 -0.00665523 0)
(0.014369 -0.00502736 0)
(0.0138806 -0.00144929 0)
(0.0125792 0.0050775 0)
(0.0102596 0.0152235 0)
(0.00691501 0.0282856 0)
(0.00315088 0.0390461 0)
(0.00029927 0.0309551 0)
(0.000311195 -0.0069325 0)
(0.00209016 -0.0141225 0)
(0.00408022 -0.016516 0)
(0.00581768 -0.0160226 0)
(0.00706009 -0.014199 0)
(0.00783041 -0.0120884 0)
(0.00825785 -0.0102622 0)
(0.0084788 -0.00895416 0)
(0.00859867 -0.00818725 0)
(0.00868451 -0.00785445 0)
(0.00876742 -0.00774532 0)
(0.0088431 -0.00752226 0)
(0.00886572 -0.00666207 0)
(0.00873592 -0.00439663 0)
(0.00827894 0.000274216 0)
(0.00727991 0.00833248 0)
(0.00562181 0.0201682 0)
(0.00340615 0.0343381 0)
(0.00118542 0.0444236 0)
(-9.62867e-06 0.0330179 0)
(0.000309664 -0.00914995 0)
(0.00174265 -0.0176948 0)
(0.00300932 -0.0197164 0)
(0.00379917 -0.0181977 0)
(0.00403795 -0.0153355 0)
(0.00387054 -0.0124553 0)
(0.00348888 -0.0101762 0)
(0.00304334 -0.0086725 0)
(0.00262505 -0.00788045 0)
(0.00227733 -0.0076142 0)
(0.00200997 -0.00759528 0)
(0.00180583 -0.00741556 0)
(0.00162128 -0.00646445 0)
(0.00138774 -0.00387013 0)
(0.00100612 0.0014493 0)
(0.000429956 0.0104151 0)
(-0.000278358 0.0231066 0)
(-0.000889259 0.0373738 0)
(-0.00104387 0.0462144 0)
(-0.000322484 0.0328469 0)
(0.000226925 -0.010783 0)
(0.000779439 -0.0196297 0)
(0.000723953 -0.0206762 0)
(7.73912e-05 -0.0179823 0)
(-0.000968887 -0.014248 0)
(-0.00216709 -0.0109388 0)
(-0.00334184 -0.00858149 0)
(-0.00439995 -0.00720692 0)
(-0.00531152 -0.00663467 0)
(-0.00608228 -0.00660274 0)
(-0.00673436 -0.00678178 0)
(-0.00729605 -0.00672256 0)
(-0.00779101 -0.00578505 0)
(-0.0082144 -0.00310931 0)
(-0.00849414 0.00227492 0)
(-0.00842154 0.0110551 0)
(-0.00771799 0.0230239 0)
(-0.0061309 0.0359709 0)
(-0.00369641 0.0433089 0)
(-0.000705818 0.0300059 0)
(-1.08878e-05 -0.010951 0)
(-0.00108132 -0.018493 0)
(-0.00309739 -0.0181232 0)
(-0.00551022 -0.014615 0)
(-0.00787113 -0.010707 0)
(-0.00996334 -0.00761783 0)
(-0.011739 -0.00564941 0)
(-0.0132358 -0.00468451 0)
(-0.0145224 -0.0044697 0)
(-0.0156667 -0.00472023 0)
(-0.0167177 -0.00511527 0)
(-0.017689 -0.00524571 0)
(-0.0185347 -0.0045635 0)
(-0.0191113 -0.00237847 0)
(-0.0191185 0.00203994 0)
(-0.018125 0.00919674 0)
(-0.0157243 0.0188886 0)
(-0.0117105 0.0292712 0)
(-0.00652254 0.0350204 0)
(-0.00112543 0.0241444 0)
(-0.000508753 -0.00855088 0)
(-0.00379542 -0.0130313 0)
(-0.00788611 -0.011564 0)
(-0.0117393 -0.00831801 0)
(-0.0148112 -0.00529701 0)
(-0.0170918 -0.00319535 0)
(-0.0187825 -0.00205507 0)
(-0.0201149 -0.00167838 0)
(-0.0212833 -0.00182688 0)
(-0.0224239 -0.00227957 0)
(-0.023607 -0.00281744 0)
(-0.0248217 -0.0031822 0)
(-0.0259495 -0.00304163 0)
(-0.0267311 -0.00198283 0)
(-0.0267299 0.000454356 0)
(-0.025309 0.00468052 0)
(-0.0218967 0.0106968 0)
(-0.0162184 0.0174234 0)
(-0.00892719 0.0215396 0)
(-0.00153332 0.015333 0)
(-0.00126554 -0.00277462 0)
(-0.00518328 -0.00343452 0)
(-0.00908762 -0.00249316 0)
(-0.0120695 -0.00136688 0)
(-0.0139197 -0.000538766 0)
(-0.0149329 -6.73385e-05 0)
(-0.0154724 0.000120851 0)
(-0.0158254 0.000115945 0)
(-0.0161897 -1.12451e-05 0)
(-0.0166909 -0.000212454 0)
(-0.017394 -0.000451666 0)
(-0.0182987 -0.000689487 0)
(-0.0193219 -0.000868492 0)
(-0.0202662 -0.000901357 0)
(-0.0207783 -0.000654082 0)
(-0.020359 7.80892e-05 0)
(-0.0183571 0.00147843 0)
(-0.0142615 0.00344801 0)
(-0.00839595 0.00516809 0)
(-0.00202802 0.00438458 0)
)
;

boundaryField
{
    leftWall
    {
        type            fixedValue;
        value           uniform (0 0 0);
    }
    rightWall
    {
        type            fixedValue;
        value           uniform (0 0 0);
    }
    topWall
    {
        type            fixedValue;
        value           uniform (0 0 0);
    }
    bottomWall
    {
        type            fixedValue;
        value           uniform (0 0 0);
    }
    frontAndBackPlanes
    {
        type            empty;
    }
}


// ************************************************************************* //
