/*--------------------------------*- C++ -*----------------------------------*\
| =========                 |                                                 |
| \\      /  F ield         | OpenFOAM: The Open Source CFD Toolbox           |
|  \\    /   O peration     | Version:  2506                                  |
|   \\  /    A nd           | Website:  www.openfoam.com                      |
|    \\/     M anipulation  |                                                 |
\*---------------------------------------------------------------------------*/
FoamFile
{
    version     2.0;
    format      ascii;
    arch        "LSB;label=32;scalar=64";
    class       surfaceScalarField;
    location    "36.2";
    object      phi;
}
// * * * * * * * * * * * * * * * * * * * * * * * * * * * * * * * * * * * * * //

dimensions      [1 0 -1 0 0 0 0];

oriented        oriented;

internalField   nonuniform List<scalar> 
370
(
-4.15898e-05
-5.68152e-05
0.000104835
-0.000146416
0.000321683
-0.000216831
0.000583419
-0.000261713
0.000861695
-0.000278248
0.00113617
-0.000274441
0.0013969
-0.000260704
0.0016431
-0.00024617
0.00188074
-0.000237601
0.0021199
-0.000239129
0.00237209
-0.000252168
0.00264715
-0.000275028
0.00294831
-0.000301132
0.00326499
-0.000316653
0.00355969
-0.000294681
0.0037426
-0.000182878
0.00364018
0.000102452
0.00302358
0.00061665
0.00166013
0.0013635
0.00166017
0.000120009
-0.000176814
0.000446626
-0.000472999
0.000906881
-0.000677029
0.00142965
-0.000784407
0.00196197
-0.000810468
0.00246976
-0.000782121
0.00293627
-0.000727106
0.00335804
-0.000667825
0.00373969
-0.00061913
0.00408869
-0.000588022
0.00441021
-0.000573588
0.00470139
-0.000566101
0.00494489
-0.000544534
0.00510027
-0.000471946
0.00509377
-0.000288103
0.00481166
9.93105e-05
0.00411008
0.000804116
0.00284681
0.00188003
0.00116504
0.00304539
0.00282528
0.000205607
-0.000382393
0.00067223
-0.000939534
0.0012725
-0.00127715
0.00190566
-0.00141735
0.00250697
-0.00141153
0.00304364
-0.00131853
0.00350591
-0.0011891
0.00389762
-0.00105928
0.00422826
-0.000949509
0.00450657
-0.000866083
0.00473521
-0.000801986
0.00490545
-0.000736119
0.00499157
-0.000630438
0.0049453
-0.000425488
0.00469422
-3.68527e-05
0.00415182
0.000641866
0.00325568
0.00170041
0.00202723
0.00310865
0.000724657
0.00434815
0.00355005
0.00025648
-0.000638815
0.000795398
-0.00147826
0.00143357
-0.001915
0.0020489
-0.00203226
0.00257761
-0.00193977
0.00300026
-0.00174068
0.00332413
-0.0015125
0.00356833
-0.00130301
0.00375347
-0.00113421
0.00389516
-0.00100736
0.00399958
-0.000906009
0.00405944
-0.000795612
0.00405005
-0.000620703
0.00392686
-0.000301997
0.0036286
0.000261675
0.00309904
0.00117167
0.00231352
0.00248617
0.00134022
0.0040822
0.000422797
0.00526583
0.00397298
0.000277656
-0.000916363
0.000803926
-0.00200419
0.00136206
-0.00247257
0.00182997
-0.00249948
0.00216264
-0.00227169
0.00236663
-0.00194393
0.00247316
-0.00161834
0.00251882
-0.00134802
0.00253476
-0.00114956
0.0025418
-0.00101385
0.0025481
-0.000911786
0.00254746
-0.000794473
0.00251747
-0.000590252
0.00241908
-0.000203198
0.00220081
0.000480295
0.00182292
0.00154988
0.0012832
0.0030262
0.000660818
0.00470491
0.000156395
0.00577056
0.00412953
0.000246507
-0.00116269
0.000639249
-0.00239639
0.000971281
-0.00280375
0.00115537
-0.00268255
0.00118555
-0.00230084
0.00110386
-0.0018613
0.000963786
-0.00147742
0.000811325
-0.00119482
0.0006777
-0.00101525
0.000578774
-0.000914273
0.000516726
-0.000849107
0.000481681
-0.000758806
0.000453032
-0.000561005
0.000401845
-0.000151465
0.000300882
0.000581719
0.000141887
0.0017093
-4.46711e-05
0.00321319
-0.000178243
0.0048389
-0.000155458
0.00574811
0.00397421
0.000127227
-0.00128966
0.000217404
-0.00248578
0.000150307
-0.00273549
-7.73956e-05
-0.00245355
-0.00041226
-0.00196477
-0.000787935
-0.00148459
-0.00115003
-0.00111446
-0.00146553
-0.000878536
-0.00172074
-0.000759303
-0.00191522
-0.000719053
-0.00205585
-0.000707701
-0.00215186
-0.000661991
-0.00220988
-0.000502193
-0.00222873
-0.000131865
-0.00218253
0.000536183
-0.00203534
0.00156271
-0.00173026
0.00290865
-0.0012116
0.00432071
-0.000524268
0.00506113
0.00345008
-0.000125701
-0.00116359
-0.000532613
-0.00207781
-0.00113952
-0.00212713
-0.00182924
-0.00176236
-0.00250167
-0.00129105
-0.00310072
-0.000884488
-0.00360712
-0.000607156
-0.00402502
-0.00045982
-0.00436924
-0.000414267
-0.00465545
-0.000431996
-0.0048927
-0.000469582
-0.00507673
-0.000477078
-0.00518296
-0.000395072
-0.00515991
-0.000154056
-0.00493365
0.000310707
-0.00442003
0.00104979
-0.00355016
0.00203937
-0.00231958
0.00309062
-0.000922159
0.00366406
0.00252806
-0.000489994
-0.000673113
-0.00148713
-0.0010794
-0.00260674
-0.00100586
-0.00362026
-0.000747207
-0.00443502
-0.000474904
-0.00505061
-0.000267773
-0.00551147
-0.000145352
-0.0058737
-9.67729e-05
-0.00618595
-0.000101247
-0.00647932
-0.00013788
-0.00676251
-0.00018566
-0.00701724
-0.000221622
-0.00719195
-0.00021964
-0.00719724
-0.000148048
-0.00692031
3.4488e-05
-0.00621766
0.000347787
-0.00498805
0.000810315
-0.00323849
0.00134151
-0.00126398
0.00168986
0.00126421
-0.000672546
-0.00175049
-0.00275448
-0.00349982
-0.00397308
-0.00423949
-0.00438374
-0.00447961
-0.00458011
-0.00471734
-0.00490242
-0.00512351
-0.00534265
-0.0054902
-0.00545522
-0.00510698
-0.00429626
-0.00295441
-0.00126431
)
;

boundaryField
{
    leftWall
    {
        type            calculated;
        value           nonuniform List<scalar> 10(1.05879e-22 0 0 0 0 0 0 0 0 -1.0842e-19);
    }
    rightWall
    {
        type            calculated;
        value           uniform 0;
    }
    topWall
    {
        type            calculated;
        value           uniform 0;
    }
    bottomWall
    {
        type            calculated;
        value           uniform 0;
    }
    frontAndBackPlanes
    {
        type            empty;
    }
}


// ************************************************************************* //
