/*--------------------------------*- C++ -*----------------------------------*\
| =========                 |                                                 |
| \\      /  F ield         | OpenFOAM: The Open Source CFD Toolbox           |
|  \\    /   O peration     | Version:  2506                                  |
|   \\  /    A nd           | Website:  www.openfoam.com                      |
|    \\/     M anipulation  |                                                 |
\*---------------------------------------------------------------------------*/
FoamFile
{
    version     2.0;
    format      ascii;
    arch        "LSB;label=32;scalar=64";
    class       volVectorField;
    location    "97.6";
    object      U;
}
// * * * * * * * * * * * * * * * * * * * * * * * * * * * * * * * * * * * * * //

dimensions      [0 1 -1 0 0 0 0];

internalField   nonuniform List<vector> 
200
(
(0.000325182 -0.000950675 0)
(0.00188145 -0.0012423 0)
(0.00363426 -0.000943617 0)
(0.00509212 -0.000546566 0)
(0.00604809 -0.000235055 0)
(0.00660468 -5.48655e-05 0)
(0.00692201 4.42962e-06 0)
(0.00714865 -2.73753e-05 0)
(0.0074002 -0.000121295 0)
(0.00775908 -0.00025808 0)
(0.00828205 -0.000429729 0)
(0.00900799 -0.000635623 0)
(0.00995911 -0.000873071 0)
(0.0111272 -0.00112002 0)
(0.0124301 -0.00130474 0)
(0.0136114 -0.00125205 0)
(0.0140901 -0.000598329 0)
(0.0129568 0.00120877 0)
(0.0092855 0.00426199 0)
(0.0028014 0.00594171 0)
(0.000439394 -0.00390852 0)
(0.00288314 -0.00623053 0)
(0.00563076 -0.00575833 0)
(0.00806201 -0.00430117 0)
(0.00987335 -0.00281811 0)
(0.0111045 -0.00172481 0)
(0.0119251 -0.00112045 0)
(0.0125164 -0.000951751 0)
(0.0130261 -0.00111434 0)
(0.0135565 -0.00150578 0)
(0.0141665 -0.00204329 0)
(0.014874 -0.00265365 0)
(0.01565 -0.00323703 0)
(0.0163961 -0.00360226 0)
(0.016904 -0.00337273 0)
(0.0168009 -0.00188023 0)
(0.0154875 0.00184947 0)
(0.012291 0.008542 0)
(0.00716219 0.0166944 0)
(0.00122413 0.0170502 0)
(0.000452372 -0.00716057 0)
(0.00293428 -0.0117821 0)
(0.00564266 -0.0112614 0)
(0.00803435 -0.00878249 0)
(0.00983428 -0.00611295 0)
(0.0110825 -0.00403148 0)
(0.0119302 -0.00274582 0)
(0.0125297 -0.00218434 0)
(0.0129964 -0.00217198 0)
(0.013403 -0.00252151 0)
(0.0137832 -0.00306426 0)
(0.0141337 -0.00363402 0)
(0.0144079 -0.00401022 0)
(0.0144971 -0.003826 0)
(0.0142036 -0.00246185 0)
(0.0132029 0.00100444 0)
(0.0111699 0.0075025 0)
(0.00794521 0.0171199 0)
(0.00395614 0.0265456 0)
(0.000462991 0.0230045 0)
(0.000421715 -0.0102924 0)
(0.0026198 -0.0168884 0)
(0.00485539 -0.016117 0)
(0.00671215 -0.0125953 0)
(0.00802339 -0.00883069 0)
(0.00887937 -0.00588594 0)
(0.00943102 -0.00401503 0)
(0.00979989 -0.00309326 0)
(0.0100603 -0.00286714 0)
(0.0102492 -0.00307726 0)
(0.0103785 -0.00349354 0)
(0.0104403 -0.00388605 0)
(0.0103998 -0.00394585 0)
(0.0101771 -0.00317633 0)
(0.00962989 -0.000805985 0)
(0.00854201 0.0041484 0)
(0.00678254 0.0124267 0)
(0.00436806 0.0234984 0)
(0.00177893 0.0327005 0)
(8.55269e-05 0.0257549 0)
(0.000370725 -0.0130001 0)
(0.00207994 -0.0209225 0)
(0.00356567 -0.0195978 0)
(0.00461116 -0.0150461 0)
(0.00520936 -0.0103882 0)
(0.00551189 -0.00683921 0)
(0.00566052 -0.00460667 0)
(0.00573512 -0.00346981 0)
(0.0057651 -0.00309651 0)
(0.00575585 -0.00318205 0)
(0.00570635 -0.00347214 0)
(0.00561187 -0.00370903 0)
(0.00545292 -0.00352683 0)
(0.0051766 -0.00233383 0)
(0.00467328 0.000739656 0)
(0.00384995 0.00664089 0)
(0.00266967 0.0159083 0)
(0.00127532 0.0274432 0)
(8.21029e-05 0.035757 0)
(-0.000169542 0.0264368 0)
(0.000290356 -0.0150675 0)
(0.00127176 -0.0234377 0)
(0.00173208 -0.0212539 0)
(0.00174977 -0.0158008 0)
(0.00151173 -0.0105813 0)
(0.00120499 -0.00678121 0)
(0.000925536 -0.00446735 0)
(0.000691605 -0.00330417 0)
(0.000488067 -0.00290529 0)
(0.000298403 -0.00295688 0)
(0.000113871 -0.00320816 0)
(-7.36679e-05 -0.00338757 0)
(-0.000283796 -0.00308306 0)
(-0.000552731 -0.00163876 0)
(-0.000928617 0.00184292 0)
(-0.00138746 0.00820818 0)
(-0.0018115 0.0177075 0)
(-0.00195115 0.0287921 0)
(-0.00153348 0.0357996 0)
(-0.000366135 0.0253754 0)
(0.000158856 -0.0161023 0)
(1.49803e-05 -0.0237935 0)
(-0.000921571 -0.0205234 0)
(-0.00214233 -0.0145055 0)
(-0.00330131 -0.00924078 0)
(-0.00424697 -0.00564128 0)
(-0.00497128 -0.00356005 0)
(-0.00552683 -0.00257337 0)
(-0.00596966 -0.00228968 0)
(-0.00633881 -0.00241676 0)
(-0.00665904 -0.0027148 0)
(-0.00695044 -0.00290135 0)
(-0.0072298 -0.00255056 0)
(-0.00749124 -0.00103254 0)
(-0.00766542 0.00243235 0)
(-0.00756882 0.00850013 0)
(-0.00693778 0.0172081 0)
(-0.00551011 0.0269435 0)
(-0.00329435 0.0325541 0)
(-0.000606861 0.0224892 0)
(-0.000154675 -0.0153789 0)
(-0.00204113 -0.020962 0)
(-0.00470978 -0.0167461 0)
(-0.00727538 -0.010897 0)
(-0.00930724 -0.00630016 0)
(-0.010776 -0.00341437 0)
(-0.0118105 -0.00189801 0)
(-0.0125564 -0.00130469 0)
(-0.0131261 -0.00127988 0)
(-0.0135989 -0.00157219 0)
(-0.014025 -0.001974 0)
(-0.0144256 -0.00223482 0)
(-0.014781 -0.00199394 0)
(-0.0150004 -0.000754624 0)
(-0.0148706 0.00206016 0)
(-0.0140739 0.00692899 0)
(-0.0122456 0.0138283 0)
(-0.00915867 0.0214351 0)
(-0.0051067 0.0257021 0)
(-0.000867719 0.0176674 0)
(-0.000772102 -0.0117756 0)
(-0.00499415 -0.0140325 0)
(-0.00934192 -0.00972822 0)
(-0.0127604 -0.00523484 0)
(-0.0149807 -0.00221908 0)
(-0.0162834 -0.00062348 0)
(-0.017036 -2.34915e-06 0)
(-0.0175166 4.45532e-05 0)
(-0.0178892 -0.000222967 0)
(-0.0182593 -0.000646559 0)
(-0.0186855 -0.00110201 0)
(-0.0191684 -0.00144538 0)
(-0.0196413 -0.00146974 0)
(-0.0199402 -0.000887462 0)
(-0.0197642 0.000653391 0)
(-0.0186628 0.00349801 0)
(-0.0161607 0.00770183 0)
(-0.0119925 0.0125172 0)
(-0.00659887 0.0154951 0)
(-0.00112186 0.0109971 0)
(-0.00187709 -0.00401324 0)
(-0.00674067 -0.00364751 0)
(-0.0103661 -0.00181166 0)
(-0.0124044 -0.000462863 0)
(-0.0132078 0.000209533 0)
(-0.0133592 0.000436096 0)
(-0.0132529 0.000423091 0)
(-0.013103 0.000309207 0)
(-0.0130381 0.00015665 0)
(-0.0131169 -1.41616e-05 0)
(-0.0133596 -0.000189142 0)
(-0.0137622 -0.000353746 0)
(-0.0142712 -0.00047932 0)
(-0.014759 -0.000511577 0)
(-0.0149893 -0.000358145 0)
(-0.0146094 0.000126419 0)
(-0.0131442 0.00106882 0)
(-0.0102011 0.00241949 0)
(-0.00598957 0.0036198 0)
(-0.00143155 0.00307635 0)
)
;

boundaryField
{
    leftWall
    {
        type            fixedValue;
        value           uniform (0 0 0);
    }
    rightWall
    {
        type            fixedValue;
        value           uniform (0 0 0);
    }
    topWall
    {
        type            fixedValue;
        value           uniform (0 0 0);
    }
    bottomWall
    {
        type            fixedValue;
        value           uniform (0 0 0);
    }
    frontAndBackPlanes
    {
        type            empty;
    }
}


// ************************************************************************* //
