/*--------------------------------*- C++ -*----------------------------------*\
| =========                 |                                                 |
| \\      /  F ield         | OpenFOAM: The Open Source CFD Toolbox           |
|  \\    /   O peration     | Version:  2506                                  |
|   \\  /    A nd           | Website:  www.openfoam.com                      |
|    \\/     M anipulation  |                                                 |
\*---------------------------------------------------------------------------*/
FoamFile
{
    version     2.0;
    format      ascii;
    arch        "LSB;label=32;scalar=64";
    class       surfaceScalarField;
    location    "12.4";
    object      phi;
}
// * * * * * * * * * * * * * * * * * * * * * * * * * * * * * * * * * * * * * //

dimensions      [1 0 -1 0 0 0 0];

oriented        oriented;

internalField   nonuniform List<scalar> 
370
(
-8.5489e-05
-2.8776e-05
-2.52775e-05
-6.0219e-05
6.86807e-05
-9.39713e-05
0.000200563
-0.0001319
0.000368304
-0.000167764
0.000569946
-0.000201667
0.000804961
-0.000235042
0.0010739
-0.000268965
0.0013776
-0.00030373
0.00171616
-0.000338591
0.0020876
-0.00037147
0.0024861
-0.000398519
0.00289937
-0.000413295
0.00330325
-0.000403895
0.0036511
-0.000347838
0.00385171
-0.000200568
0.00373698
0.000114846
0.00308912
0.000648069
0.00169012
0.00139926
0.00169029
1.05879e-05
-3.93598e-05
9.40402e-05
-0.000143663
0.000252879
-0.000252804
0.000479832
-0.000358854
0.000768826
-0.000456766
0.00111429
-0.000547147
0.00151165
-0.000632409
0.00195662
-0.000713955
0.00244353
-0.00079066
0.00296285
-0.000857926
0.0034982
-0.000906845
0.00402279
-0.000923121
0.00449467
-0.00088519
0.00485124
-0.00076047
0.00500196
-0.000498548
0.00482544
-2.40197e-05
0.00417217
0.000768158
0.00290783
0.00191248
0.00119305
0.00311411
0.00288338
2.9307e-05
-6.86545e-05
0.000128404
-0.000242731
0.000300961
-0.000425333
0.000541092
-0.000598966
0.000841852
-0.000757519
0.00119692
-0.000902221
0.00160064
-0.00103613
0.00204676
-0.00116009
0.00252629
-0.00127019
0.00302459
-0.00135624
0.00351817
-0.00140044
0.00397122
-0.00137618
0.00433239
-0.00124637
0.00453247
-0.000960544
0.00448454
-0.000450598
0.00409007
0.000370487
0.00327991
0.00157837
0.00207592
0.00311651
0.000752491
0.00443753
0.00363585
2.25821e-05
-9.12165e-05
0.000102341
-0.000322444
0.000241318
-0.000564263
0.000435901
-0.000793515
0.000680748
-0.00100235
0.000971072
-0.00119254
0.00130287
-0.00136793
0.00167153
-0.00152875
0.0020694
-0.00166807
0.00248265
-0.00176949
0.00288795
-0.00180575
0.0032496
-0.00173783
0.00351804
-0.00151479
0.00363099
-0.00107346
0.00351858
-0.000338139
0.00311663
0.000772527
0.00239824
0.00229686
0.00143108
0.00408376
0.000470716
0.00539792
0.00410657
4.52914e-06
-9.57182e-05
3.82206e-05
-0.000356073
0.000109504
-0.000635483
0.000218893
-0.000902858
0.000364321
-0.00114775
0.000544403
-0.00137261
0.000759145
-0.00158267
0.00100875
-0.00177836
0.00129053
-0.00194984
0.0015958
-0.00207476
0.00190596
-0.0021159
0.00218965
-0.00202149
0.00240251
-0.0017276
0.00249102
-0.0011619
0.00240096
-0.000247953
0.00209015
0.00108354
0.00155535
0.00283194
0.000874421
0.00476497
0.000253593
0.00601898
0.00436033
-2.14927e-05
-7.41919e-05
-4.95486e-05
-0.000327942
-6.79147e-05
-0.00061704
-7.14326e-05
-0.000899285
-5.83375e-05
-0.00116081
-2.57379e-05
-0.00140519
3.16105e-05
-0.00164
0.000120033
-0.00186677
0.00024475
-0.00207455
0.000405343
-0.00223532
0.000591416
-0.00230191
0.000779492
-0.00220945
0.000933636
-0.00188155
0.00101139
-0.00123939
0.000974756
-0.000211011
0.000804287
0.00125447
0.000523041
0.0031138
0.000215465
0.00507326
1.42523e-05
0.00622087
0.004375
-4.76573e-05
-2.64966e-05
-0.000140295
-0.000235218
-0.000256037
-0.000501212
-0.00038801
-0.000767248
-0.000532608
-0.00101618
-0.000683977
-0.0012538
-0.000832572
-0.00149139
-0.000965838
-0.00173348
-0.00107073
-0.00196961
-0.00113744
-0.00216851
-0.001164
-0.00227514
-0.00115895
-0.00221409
-0.00113907
-0.00190079
-0.00112109
-0.00125654
-0.00110974
-0.000221441
-0.00107961
0.00122552
-0.000973736
0.00300933
-0.000724545
0.00482557
-0.000330482
0.00582814
0.00404521
-5.86585e-05
3.22039e-05
-0.000190471
-0.000103311
-0.000382892
-0.000308693
-0.000633602
-0.000516466
-0.000940125
-0.000709606
-0.00129664
-0.00089725
-0.00169358
-0.0010944
-0.00211762
-0.00130939
-0.00255175
-0.00153536
-0.00297652
-0.00174345
-0.00337157
-0.00187946
-0.00371526
-0.00186922
-0.00397988
-0.00163441
-0.00412316
-0.00111101
-0.0040818
-0.000260316
-0.00376474
0.000911092
-0.00308998
0.00233719
-0.0020438
0.00378189
-0.000811745
0.00459814
0.00323443
-2.51279e-05
5.73794e-05
-0.000122104
-6.22438e-06
-0.000322891
-0.000107793
-0.000628821
-0.000210449
-0.00103662
-0.000301747
-0.00154278
-0.000391043
-0.00214635
-0.000490779
-0.00284655
-0.000609078
-0.00363674
-0.000744928
-0.00449697
-0.000882599
-0.00538661
-0.000988469
-0.00623775
-0.00101564
-0.00695097
-0.000917542
-0.00739434
-0.000663109
-0.0074126
-0.000237268
-0.00684601
0.000348942
-0.00558106
0.00107621
-0.00365081
0.00185505
-0.00142
0.00236997
0.00181568
5.74365e-05
5.13442e-05
-5.63114e-05
-0.000266655
-0.000568329
-0.000959318
-0.00145004
-0.00205902
-0.00280371
-0.00368564
-0.00467252
-0.00568511
-0.00659795
-0.00725508
-0.00748591
-0.00713093
-0.0060495
-0.00419022
-0.00181717
)
;

boundaryField
{
    leftWall
    {
        type            calculated;
        value           nonuniform List<scalar> 10(1.05879e-22 -8.47033e-22 0 0 0 0 0 0 -5.42101e-20 5.42101e-20);
    }
    rightWall
    {
        type            calculated;
        value           nonuniform List<scalar> 10(1.0842e-19 0 0 0 0 -8.67362e-19 8.67362e-19 0 -8.67362e-19 0);
    }
    topWall
    {
        type            calculated;
        value           uniform 0;
    }
    bottomWall
    {
        type            calculated;
        value           uniform 0;
    }
    frontAndBackPlanes
    {
        type            empty;
    }
}


// ************************************************************************* //
