/*--------------------------------*- C++ -*----------------------------------*\
| =========                 |                                                 |
| \\      /  F ield         | OpenFOAM: The Open Source CFD Toolbox           |
|  \\    /   O peration     | Version:  2506                                  |
|   \\  /    A nd           | Website:  www.openfoam.com                      |
|    \\/     M anipulation  |                                                 |
\*---------------------------------------------------------------------------*/
FoamFile
{
    version     2.0;
    format      ascii;
    arch        "LSB;label=32;scalar=64";
    class       volVectorField;
    location    "140.2";
    object      U;
}
// * * * * * * * * * * * * * * * * * * * * * * * * * * * * * * * * * * * * * //

dimensions      [0 1 -1 0 0 0 0];

internalField   nonuniform List<vector> 
200
(
(0.000587395 -0.00140409 0)
(0.00283348 -0.00177211 0)
(0.00516308 -0.0012901 0)
(0.00698093 -0.000677693 0)
(0.00806787 -0.000209756 0)
(0.00857911 5.80603e-05 0)
(0.00874726 0.00015357 0)
(0.00877619 0.000126914 0)
(0.0088136 2.40141e-05 0)
(0.00895782 -0.000123266 0)
(0.00927045 -0.000300283 0)
(0.0097868 -0.000503796 0)
(0.0105221 -0.000730925 0)
(0.0114616 -0.000961467 0)
(0.0125188 -0.00112718 0)
(0.013442 -0.00105813 0)
(0.0136896 -0.000410892 0)
(0.0124067 0.00130531 0)
(0.00876289 0.00412807 0)
(0.00261106 0.00555124 0)
(0.000590095 -0.00546756 0)
(0.00372946 -0.00836211 0)
(0.0071109 -0.00737685 0)
(0.00997826 -0.00514801 0)
(0.0119822 -0.00299575 0)
(0.0132053 -0.00143916 0)
(0.013884 -0.000566557 0)
(0.0142591 -0.000273045 0)
(0.01452 -0.000396754 0)
(0.014792 -0.000787042 0)
(0.0151417 -0.00132844 0)
(0.0155878 -0.00193014 0)
(0.0160986 -0.0024879 0)
(0.016575 -0.00281833 0)
(0.0168157 -0.00256552 0)
(0.0164651 -0.00109996 0)
(0.0149607 0.00246418 0)
(0.0117108 0.00872327 0)
(0.00672994 0.0161398 0)
(0.00113124 0.0159851 0)
(0.000540579 -0.00948405 0)
(0.00342276 -0.0150115 0)
(0.00646019 -0.0137384 0)
(0.00904469 -0.0100982 0)
(0.0108893 -0.00640645 0)
(0.0120713 -0.00360517 0)
(0.0127871 -0.00189102 0)
(0.0132238 -0.0011178 0)
(0.0135175 -0.0010266 0)
(0.0137506 -0.00136061 0)
(0.0139592 -0.00190271 0)
(0.014139 -0.0024602 0)
(0.0142415 -0.0028068 0)
(0.0141582 -0.00259125 0)
(0.0136987 -0.00123671 0)
(0.0125638 0.0020864 0)
(0.0104932 0.00817866 0)
(0.00735819 0.0170471 0)
(0.00359486 0.0254533 0)
(0.000402078 0.021481 0)
(0.000461415 -0.0129891 0)
(0.00277398 -0.0205396 0)
(0.00501741 -0.0187998 0)
(0.00679341 -0.013885 0)
(0.00797094 -0.0089413 0)
(0.00868128 -0.00520115 0)
(0.0091023 -0.00288198 0)
(0.00936504 -0.00175699 0)
(0.00954165 -0.00146939 0)
(0.00966226 -0.00167933 0)
(0.00973201 -0.00210391 0)
(0.00973756 -0.00248605 0)
(0.00964075 -0.00251467 0)
(0.00936269 -0.00172096 0)
(0.00875914 0.000596436 0)
(0.00767762 0.00526916 0)
(0.00599654 0.0129363 0)
(0.00376672 0.0230099 0)
(0.00145333 0.0310311 0)
(3.845e-05 0.0238541 0)
(0.000369641 -0.0157388 0)
(0.00196302 -0.0244105 0)
(0.00320735 -0.0219276 0)
(0.00397593 -0.0159088 0)
(0.00433207 -0.0101046 0)
(0.00446269 -0.0058539 0)
(0.00451344 -0.00327589 0)
(0.00454817 -0.00201959 0)
(0.00457636 -0.00164158 0)
(0.00458687 -0.00176029 0)
(0.00456756 -0.00207509 0)
(0.00450654 -0.00230624 0)
(0.00438019 -0.00209261 0)
(0.00413722 -0.000886933 0)
(0.00368204 0.00207769 0)
(0.00294553 0.00759232 0)
(0.00191188 0.0160838 0)
(0.000745636 0.0264396 0)
(-0.00015388 0.0335092 0)
(-0.000182374 0.0242205 0)
(0.000263248 -0.0176022 0)
(0.000971354 -0.0263498 0)
(0.00104007 -0.0228888 0)
(0.000700009 -0.0160515 0)
(0.000211532 -0.009865 0)
(-0.000221767 -0.00554993 0)
(-0.000530166 -0.00305172 0)
(-0.000739998 -0.00187774 0)
(-0.000887129 -0.00153659 0)
(-0.00100294 -0.0016521 0)
(-0.00110603 -0.00193885 0)
(-0.00120982 -0.00211127 0)
(-0.0013347 -0.00177268 0)
(-0.00151178 -0.000329527 0)
(-0.00177243 0.00298892 0)
(-0.00208099 0.00886851 0)
(-0.00231916 0.0174583 0)
(-0.0022476 0.0272654 0)
(-0.00163137 0.0330888 0)
(-0.000363262 0.0229714 0)
(0.000122184 -0.0182653 0)
(-0.000373239 -0.0259094 0)
(-0.00173601 -0.0213407 0)
(-0.00327512 -0.0141728 0)
(-0.00460249 -0.00822645 0)
(-0.00559016 -0.00433585 0)
(-0.00627529 -0.00220585 0)
(-0.00674831 -0.00128361 0)
(-0.00708582 -0.00109724 0)
(-0.00733936 -0.00130607 0)
(-0.00754078 -0.00164686 0)
(-0.00771126 -0.00183535 0)
(-0.00786253 -0.0014742 0)
(-0.00798051 -5.23644e-06 0)
(-0.00798497 0.00323455 0)
(-0.00771146 0.00877522 0)
(-0.00692515 0.0165755 0)
(-0.00539839 0.0251041 0)
(-0.00316641 0.029687 0)
(-0.00056917 0.0201269 0)
(-0.000220064 -0.0170946 0)
(-0.00247767 -0.0222915 0)
(-0.0054812 -0.0169037 0)
(-0.00823615 -0.010198 0)
(-0.0103021 -0.00518927 0)
(-0.0116972 -0.00219698 0)
(-0.0125996 -0.00074077 0)
(-0.013185 -0.000267947 0)
(-0.0135816 -0.000365891 0)
(-0.0138839 -0.000748802 0)
(-0.014143 -0.00119647 0)
(-0.0143777 -0.00146963 0)
(-0.0145624 -0.0012432 0)
(-0.0146027 -8.45848e-05 0)
(-0.0142969 0.00249779 0)
(-0.0133746 0.00690041 0)
(-0.0115106 0.0130389 0)
(-0.00851913 0.019664 0)
(-0.00469568 0.0231368 0)
(-0.000784262 0.0156321 0)
(-0.000875481 -0.0129651 0)
(-0.00550209 -0.0146617 0)
(-0.0100589 -0.00947034 0)
(-0.0134594 -0.00446789 0)
(-0.0154967 -0.00130007 0)
(-0.0165524 0.000244721 0)
(-0.0170524 0.000741339 0)
(-0.0172875 0.000657971 0)
(-0.0174416 0.000286445 0)
(-0.0176138 -0.000204797 0)
(-0.0178517 -0.0006925 0)
(-0.0181527 -0.0010441 0)
(-0.0184461 -0.00107802 0)
(-0.0185745 -0.000546445 0)
(-0.0182595 0.000852087 0)
(-0.0171086 0.00340993 0)
(-0.0147027 0.00713297 0)
(-0.010825 0.0113135 0)
(-0.00590143 0.013766 0)
(-0.00098949 0.00961211 0)
(-0.00208483 -0.0044443 0)
(-0.00732515 -0.0037865 0)
(-0.0109715 -0.00166502 0)
(-0.0128019 -0.000206421 0)
(-0.0133183 0.000459101 0)
(-0.0131766 0.000626977 0)
(-0.0128057 0.000561176 0)
(-0.0124481 0.000406837 0)
(-0.0122183 0.000228053 0)
(-0.0121618 4.50981e-05 0)
(-0.012289 -0.000132574 0)
(-0.0125783 -0.000291603 0)
(-0.0129707 -0.000406956 0)
(-0.0133427 -0.000431997 0)
(-0.0134799 -0.000287099 0)
(-0.0130634 0.000152273 0)
(-0.0116769 0.000983368 0)
(-0.00899431 0.00214949 0)
(-0.0052313 0.00315824 0)
(-0.00123308 0.00264638 0)
)
;

boundaryField
{
    leftWall
    {
        type            fixedValue;
        value           uniform (0 0 0);
    }
    rightWall
    {
        type            fixedValue;
        value           uniform (0 0 0);
    }
    topWall
    {
        type            fixedValue;
        value           uniform (0 0 0);
    }
    bottomWall
    {
        type            fixedValue;
        value           uniform (0 0 0);
    }
    frontAndBackPlanes
    {
        type            empty;
    }
}


// ************************************************************************* //
