/*--------------------------------*- C++ -*----------------------------------*\
| =========                 |                                                 |
| \\      /  F ield         | OpenFOAM: The Open Source CFD Toolbox           |
|  \\    /   O peration     | Version:  2506                                  |
|   \\  /    A nd           | Website:  www.openfoam.com                      |
|    \\/     M anipulation  |                                                 |
\*---------------------------------------------------------------------------*/
FoamFile
{
    version     2.0;
    format      ascii;
    arch        "LSB;label=32;scalar=64";
    class       surfaceScalarField;
    location    "5.4";
    object      phi;
}
// * * * * * * * * * * * * * * * * * * * * * * * * * * * * * * * * * * * * * //

dimensions      [1 0 -1 0 0 0 0];

oriented        oriented;

internalField   nonuniform List<scalar> 
370
(
-0.000124093
-3.7181e-05
-7.31784e-05
-5.09311e-05
-1.88713e-05
-5.43308e-05
4.49854e-05
-6.38838e-05
0.000118088
-7.31311e-05
0.000201612
-8.35527e-05
0.000297829
-9.62466e-05
0.000409792
-0.000111993
0.000541502
-0.00013174
0.000698149
-0.000156678
0.000886113
-0.000187995
0.00111241
-0.000226328
0.00138297
-0.000270597
0.00169807
-0.000315119
0.00204264
-0.000344583
0.00236661
-0.000323888
0.00254476
-0.000177719
0.0023392
0.000206943
0.00144261
0.000899542
0.00144559
-2.03252e-05
-1.68352e-05
-9.77339e-06
-6.14592e-05
3.59133e-05
-0.00010001
0.000106868
-0.000134843
0.000200847
-0.000167119
0.000316565
-0.00019928
0.000453838
-0.00023353
0.000613494
-0.00027166
0.000797127
-0.000315385
0.00100667
-0.000366233
0.00124348
-0.000424821
0.0015065
-0.00048936
0.00178872
-0.000552824
0.00207132
-0.00059773
0.00231368
-0.000586935
0.0024387
-0.000448795
0.00232319
-6.17155e-05
0.00180218
0.000729505
0.000821415
0.00188369
0.00227038
-9.34396e-06
-7.44251e-06
-6.31834e-07
-7.0109e-05
3.63259e-05
-0.000136937
9.79314e-05
-0.00019644
0.000180886
-0.000250074
0.000283322
-0.000301719
0.000404156
-0.000354368
0.000542702
-0.000410211
0.000698284
-0.000470972
0.000869634
-0.000537588
0.00105385
-0.000609046
0.00124469
-0.000680204
0.00142988
-0.00073802
0.00158739
-0.000755233
0.00168078
-0.000680303
0.00165597
-0.000423832
0.00144543
0.00014943
0.00100444
0.00117243
0.000404651
0.0024876
0.00267898
-9.82103e-06
2.45392e-06
-6.90894e-06
-7.29233e-05
1.60865e-05
-0.000159881
5.72375e-05
-0.000237574
0.000113737
-0.00030657
0.000183566
-0.000371549
0.000265399
-0.000436202
0.000358211
-0.000503025
0.000460865
-0.000573629
0.000571593
-0.000648318
0.000687228
-0.000724683
0.000802084
-0.000795061
0.000906416
-0.000842354
0.000984578
-0.00083339
0.00101346
-0.000709148
0.000963007
-0.000373208
0.000803435
0.00030972
0.000527042
0.00145109
0.000196038
0.00282338
0.00287948
-1.45885e-05
1.71438e-05
-2.40153e-05
-6.3364e-05
-2.00898e-05
-0.000163736
-4.41202e-06
-0.000253227
2.00032e-05
-0.000330979
5.10269e-05
-0.000402571
8.75356e-05
-0.000472711
0.000129065
-0.000544554
0.000175437
-0.00062
0.00022638
-0.00069926
0.000281055
-0.000779358
0.000337387
-0.000851394
0.000391123
-0.000896089
0.000434635
-0.000876895
0.000455858
-0.000730333
0.00043856
-0.000355713
0.000366682
0.000382411
0.00023683
0.00158349
8.39479e-05
0.00298154
0.00296825
-2.06421e-05
3.79131e-05
-4.38631e-05
-3.99767e-05
-6.04492e-05
-0.00014706
-7.22106e-05
-0.000241434
-8.24995e-05
-0.000320681
-9.34326e-05
-0.000391635
-0.000105638
-0.000460503
-0.000118584
-0.000531606
-0.000130869
-0.000607713
-0.000140409
-0.000689718
-0.000144586
-0.000775179
-0.000140532
-0.000855445
-0.000125772
-0.000910846
-9.94901e-05
-0.000903168
-6.44874e-05
-0.000765287
-2.89579e-05
-0.000391013
-4.9815e-06
0.000359341
1.16307e-06
0.00158011
-1.78133e-06
0.00299017
0.00297159
-2.38553e-05
6.19211e-05
-5.64107e-05
-7.22137e-06
-9.02405e-05
-0.000113123
-0.000128317
-0.000203319
-0.000174263
-0.000274724
-0.000229822
-0.000336071
-0.000294949
-0.000395373
-0.000368233
-0.000458318
-0.000447081
-0.000528861
-0.000527566
-0.00060923
-0.000604022
-0.000698718
-0.000668593
-0.00079087
-0.000711105
-0.000868326
-0.000719939
-0.000894314
-0.000684668
-0.000800472
-0.00060044
-0.000474889
-0.000470657
0.000230754
-0.000305708
0.00141839
-0.000122753
0.0028133
0.00285412
-1.74557e-05
7.95553e-05
-4.63417e-05
2.18981e-05
-8.86143e-05
-7.07246e-05
-0.000148698
-0.000143189
-0.000228785
-0.000194623
-0.000328939
-0.00023591
-0.00044826
-0.000276046
-0.000585422
-0.00032115
-0.000738585
-0.000375691
-0.000904747
-0.00044306
-0.00107851
-0.000524947
-0.00125029
-0.000619082
-0.00140415
-0.00071445
-0.00151591
-0.000782501
-0.00155303
-0.000763178
-0.00147838
-0.000548905
-0.00125345
7.61236e-06
-0.000868326
0.00103734
-0.000364623
0.00231633
0.00249496
1.19869e-05
6.77765e-05
9.26607e-06
2.48928e-05
-2.94291e-05
-3.1879e-05
-0.000104313
-6.82457e-05
-0.000209537
-8.93767e-05
-0.0003408
-0.000104634
-0.000496546
-0.000120288
-0.000677631
-0.000140054
-0.000886513
-0.000166795
-0.00112633
-0.000203228
-0.00139933
-0.000251927
-0.00170414
-0.000314246
-0.00203108
-0.00038748
-0.00235407
-0.000459395
-0.0026192
-0.000497652
-0.00273209
-0.00043477
-0.00256715
-0.00015429
-0.00194486
0.000420734
-0.00088153
0.00126081
0.0016192
6.80167e-05
9.32377e-05
6.15558e-05
-6.59828e-06
-9.59264e-05
-0.000200524
-0.000320778
-0.000460797
-0.000627556
-0.000830747
-0.00108264
-0.00139684
-0.00178425
-0.00224347
-0.00274052
-0.00317345
-0.00332341
-0.00289523
-0.0016254
)
;

boundaryField
{
    leftWall
    {
        type            calculated;
        value           nonuniform List<scalar> 10(0 1.69407e-21 0 0 0 -2.71051e-20 0 0 0 0);
    }
    rightWall
    {
        type            calculated;
        value           nonuniform List<scalar> 10(0 0 0 0 0 0 0 0 0 1.73472e-18);
    }
    topWall
    {
        type            calculated;
        value           uniform 0;
    }
    bottomWall
    {
        type            calculated;
        value           uniform 0;
    }
    frontAndBackPlanes
    {
        type            empty;
    }
}


// ************************************************************************* //
