/*--------------------------------*- C++ -*----------------------------------*\
| =========                 |                                                 |
| \\      /  F ield         | OpenFOAM: The Open Source CFD Toolbox           |
|  \\    /   O peration     | Version:  2506                                  |
|   \\  /    A nd           | Website:  www.openfoam.com                      |
|    \\/     M anipulation  |                                                 |
\*---------------------------------------------------------------------------*/
FoamFile
{
    version     2.0;
    format      ascii;
    arch        "LSB;label=32;scalar=64";
    class       volVectorField;
    location    "5.4";
    object      U;
}
// * * * * * * * * * * * * * * * * * * * * * * * * * * * * * * * * * * * * * //

dimensions      [0 1 -1 0 0 0 0];

internalField   nonuniform List<vector> 
200
(
(-0.000341537 -0.000220942 0)
(-0.000468659 -0.000272572 0)
(-0.000243292 -0.000205468 0)
(5.86484e-05 -0.000198235 0)
(0.000334516 -0.000207634 0)
(0.000655576 -0.000223428 0)
(0.00102785 -0.000249897 0)
(0.00145912 -0.000289654 0)
(0.00196327 -0.000345848 0)
(0.00255957 -0.000423324 0)
(0.00327258 -0.000528366 0)
(0.00413145 -0.000667485 0)
(0.00516627 -0.000844225 0)
(0.00639761 -0.00105118 0)
(0.00781176 -0.00125099 0)
(0.00929754 -0.00133287 0)
(0.0104977 -0.00101558 0)
(0.0106073 0.000295299 0)
(0.00843358 0.00323726 0)
(0.00279353 0.00590502 0)
(-4.60046e-05 -0.000265988 0)
(-0.000106585 -0.000537639 0)
(2.63837e-05 -0.000698508 0)
(0.000275687 -0.000867198 0)
(0.00062036 -0.00102733 0)
(0.00105751 -0.00119685 0)
(0.00158444 -0.00138994 0)
(0.00220219 -0.00161829 0)
(0.00291596 -0.0018947 0)
(0.00373369 -0.00223314 0)
(0.00466354 -0.00264486 0)
(0.00570846 -0.00312943 0)
(0.00685587 -0.00365674 0)
(0.00805918 -0.00413127 0)
(0.00920537 -0.00432415 0)
(0.0100612 -0.00375347 0)
(0.0102041 -0.00151686 0)
(0.00896731 0.00370711 0)
(0.00588613 0.0121228 0)
(0.00115706 0.0160929 0)
(-1.6537e-05 -8.25715e-05 0)
(-4.87675e-05 -0.000527432 0)
(4.77887e-05 -0.000991102 0)
(0.000257204 -0.00140103 0)
(0.000560832 -0.00177153 0)
(0.000948684 -0.00213238 0)
(0.00141487 -0.00250638 0)
(0.00195603 -0.00291091 0)
(0.00256976 -0.00336124 0)
(0.00325275 -0.00386847 0)
(0.00399754 -0.0044314 0)
(0.00478703 -0.0050204 0)
(0.00558556 -0.00554864 0)
(0.00632576 -0.00582164 0)
(0.00688984 -0.00545357 0)
(0.00708667 -0.00374589 0)
(0.00663892 0.000410222 0)
(0.00528946 0.00821069 0)
(0.00308502 0.0187325 0)
(0.000487616 0.0211062 0)
(-1.8197e-05 -2.64925e-05 0)
(-5.34206e-05 -0.000615202 0)
(3.31066e-07 -0.00126961 0)
(0.000136258 -0.00185376 0)
(0.000342044 -0.00237727 0)
(0.000606988 -0.00287612 0)
(0.000924209 -0.00337785 0)
(0.00128916 -0.00390153 0)
(0.00169776 -0.00446062 0)
(0.00214454 -0.0050596 0)
(0.00262004 -0.00568296 0)
(0.00310697 -0.00627498 0)
(0.00357478 -0.00670608 0)
(0.00397254 -0.00671814 0)
(0.00422049 -0.0058416 0)
(0.00420248 -0.00329181 0)
(0.00377315 0.00206414 0)
(0.00285287 0.0112223 0)
(0.00155051 0.0225264 0)
(0.000216758 0.0235153 0)
(-2.16431e-05 7.25824e-05 0)
(-9.26576e-05 -0.000591499 0)
(-0.000103764 -0.00138481 0)
(-6.07866e-05 -0.00209403 0)
(2.50241e-05 -0.00271872 0)
(0.000142207 -0.00330112 0)
(0.000283808 -0.00387531 0)
(0.000446785 -0.00446386 0)
(0.000630162 -0.00508035 0)
(0.000833381 -0.00572556 0)
(0.00105459 -0.00637518 0)
(0.00128836 -0.00695765 0)
(0.00152246 -0.00731818 0)
(0.00173358 -0.00716287 0)
(0.00188161 -0.00597884 0)
(0.00190399 -0.00294536 0)
(0.00172129 0.00305861 0)
(0.00129029 0.0128959 0)
(0.000686072 0.024495 0)
(8.97356e-05 0.0246539 0)
(-2.79554e-05 0.000221691 0)
(-0.000141108 -0.000452554 0)
(-0.000222276 -0.00133061 0)
(-0.000278788 -0.00211128 0)
(-0.000322414 -0.00278068 0)
(-0.000365186 -0.0033897 0)
(-0.000413128 -0.00398285 0)
(-0.000466275 -0.00459033 0)
(-0.000520344 -0.00523052 0)
(-0.000567927 -0.00590656 0)
(-0.000599132 -0.00659377 0)
(-0.000602293 -0.00721619 0)
(-0.000565557 -0.00760817 0)
(-0.000480486 -0.0074552 0)
(-0.000349182 -0.00621168 0)
(-0.0001939 -0.00301718 0)
(-5.97149e-05 0.00326875 0)
(1.09672e-06 0.0134427 0)
(8.01415e-06 0.0252051 0)
(-7.99346e-06 0.0250396 0)
(-3.13688e-05 0.000415899 0)
(-0.000168117 -0.000205245 0)
(-0.000302065 -0.00110895 0)
(-0.000448522 -0.00189795 0)
(-0.000621403 -0.00254611 0)
(-0.000831917 -0.00311665 0)
(-0.00108376 -0.00366853 0)
(-0.00137373 -0.00424361 0)
(-0.00169342 -0.00486987 0)
(-0.00202948 -0.00555955 0)
(-0.00236244 -0.00629743 0)
(-0.00266463 -0.00701664 0)
(-0.00289843 -0.00755682 0)
(-0.00301732 -0.00759777 0)
(-0.00297332 -0.00656724 0)
(-0.00273148 -0.00355192 0)
(-0.0022804 0.0026467 0)
(-0.00165547 0.0128209 0)
(-0.00088387 0.0246144 0)
(-0.000135123 0.0246388 0)
(-2.28564e-05 0.000608 0)
(-0.000124448 8.28124e-05 0)
(-0.000265329 -0.000769115 0)
(-0.000475408 -0.00147421 0)
(-0.000766749 -0.00200912 0)
(-0.00114249 -0.00245518 0)
(-0.00160048 -0.00288606 0)
(-0.00213597 -0.00335396 0)
(-0.00274259 -0.00389638 0)
(-0.00341108 -0.0045382 0)
(-0.00412535 -0.00528338 0)
(-0.00485609 -0.00609263 0)
(-0.00555217 -0.00684 0)
(-0.00613218 -0.00723832 0)
(-0.00648091 -0.00672822 0)
(-0.00645152 -0.00436303 0)
(-0.00585265 0.00114579 0)
(-0.00456847 0.0106741 0)
(-0.0026339 0.0220783 0)
(-0.000436873 0.0228497 0)
(1.98542e-05 0.000668779 0)
(7.3697e-05 0.000253531 0)
(-6.91874e-06 -0.000419182 0)
(-0.000246996 -0.000908474 0)
(-0.000626993 -0.00122595 0)
(-0.00112221 -0.00146583 0)
(-0.00172029 -0.00170204 0)
(-0.00242033 -0.00198351 0)
(-0.0032299 -0.00234679 0)
(-0.00416173 -0.00282315 0)
(-0.00522891 -0.00343638 0)
(-0.00643666 -0.00418801 0)
(-0.00776756 -0.00502148 0)
(-0.00915688 -0.00575137 0)
(-0.0104544 -0.00594605 0)
(-0.0113679 -0.00478613 0)
(-0.0114011 -0.00104675 0)
(-0.00978749 0.00633461 0)
(-0.00620304 0.0159558 0)
(-0.00119558 0.018045 0)
(0.000139775 0.000303544 0)
(0.000374522 0.000131178 0)
(0.000359702 -8.5778e-05 0)
(0.000142648 -0.000206702 0)
(-0.000194866 -0.000262438 0)
(-0.000602388 -0.000295441 0)
(-0.00106976 -0.000331385 0)
(-0.00160769 -0.00038482 0)
(-0.00224003 -0.000466569 0)
(-0.00300185 -0.000587888 0)
(-0.00393964 -0.0007617 0)
(-0.00510968 -0.00100038 0)
(-0.00656985 -0.0013063 0)
(-0.00835779 -0.00164803 0)
(-0.0104325 -0.00191382 0)
(-0.012532 -0.00183964 0)
(-0.013945 -0.000946588 0)
(-0.013458 0.00135978 0)
(-0.00988587 0.00500397 0)
(-0.00308594 0.00684875 0)
)
;

boundaryField
{
    leftWall
    {
        type            fixedValue;
        value           uniform (0 0 0);
    }
    rightWall
    {
        type            fixedValue;
        value           uniform (0 0 0);
    }
    topWall
    {
        type            fixedValue;
        value           uniform (0 0 0);
    }
    bottomWall
    {
        type            fixedValue;
        value           uniform (0 0 0);
    }
    frontAndBackPlanes
    {
        type            empty;
    }
}


// ************************************************************************* //
