/*--------------------------------*- C++ -*----------------------------------*\
| =========                 |                                                 |
| \\      /  F ield         | OpenFOAM: The Open Source CFD Toolbox           |
|  \\    /   O peration     | Version:  2506                                  |
|   \\  /    A nd           | Website:  www.openfoam.com                      |
|    \\/     M anipulation  |                                                 |
\*---------------------------------------------------------------------------*/
FoamFile
{
    version     2.0;
    format      ascii;
    arch        "LSB;label=32;scalar=64";
    class       volVectorField;
    location    "11.6";
    object      U;
}
// * * * * * * * * * * * * * * * * * * * * * * * * * * * * * * * * * * * * * //

dimensions      [0 1 -1 0 0 0 0];

internalField   nonuniform List<vector> 
200
(
(-0.000256302 -0.000129375 0)
(-0.000301451 -0.000197363 0)
(9.82751e-06 -0.000214322 0)
(0.000493431 -0.000274507 0)
(0.00107886 -0.000341544 0)
(0.00179876 -0.000407808 0)
(0.00265192 -0.000479554 0)
(0.00364017 -0.000562321 0)
(0.00477105 -0.000660057 0)
(0.00605308 -0.000775242 0)
(0.0074901 -0.000908236 0)
(0.00907464 -0.00105564 0)
(0.0107791 -0.00120678 0)
(0.0125409 -0.00133603 0)
(0.0142287 -0.00138323 0)
(0.0155631 -0.0012042 0)
(0.0159808 -0.000465372 0)
(0.0145921 0.0014271 0)
(0.0104457 0.00469311 0)
(0.00314888 0.00664276 0)
(-2.61444e-05 -0.000278535 0)
(0.00011234 -0.000800628 0)
(0.000589139 -0.00132571 0)
(0.00134011 -0.00185975 0)
(0.00233952 -0.00235924 0)
(0.00356766 -0.00283275 0)
(0.0050078 -0.00330094 0)
(0.00664801 -0.00377974 0)
(0.00847672 -0.00427272 0)
(0.0104739 -0.00476598 0)
(0.0125994 -0.00522242 0)
(0.0147787 -0.00557299 0)
(0.0168841 -0.00570128 0)
(0.0187125 -0.00541379 0)
(0.0199594 -0.00438284 0)
(0.0201852 -0.00204932 0)
(0.0187447 0.0024762 0)
(0.0149427 0.00995837 0)
(0.00878354 0.0189745 0)
(0.00154159 0.0195215 0)
(1.10922e-05 -0.000403115 0)
(0.000224325 -0.00148535 0)
(0.00073259 -0.00264063 0)
(0.00151945 -0.00373884 0)
(0.00255353 -0.00474274 0)
(0.00380808 -0.0056698 0)
(0.00526239 -0.00655065 0)
(0.00689858 -0.00740216 0)
(0.00869459 -0.00821198 0)
(0.0106139 -0.0089275 0)
(0.0125927 -0.00944497 0)
(0.014525 -0.00959564 0)
(0.016247 -0.00912529 0)
(0.0175226 -0.00766121 0)
(0.018035 -0.00466243 0)
(0.017371 0.000625162 0)
(0.0151036 0.00901814 0)
(0.0110573 0.0204959 0)
(0.00577199 0.0314786 0)
(0.000783518 0.0274868 0)
(3.6352e-06 -0.000608661 0)
(0.000167286 -0.00220929 0)
(0.000563751 -0.00388632 0)
(0.00118432 -0.00546767 0)
(0.00200691 -0.00690476 0)
(0.00301022 -0.00822046 0)
(0.00417844 -0.00945257 0)
(0.00549882 -0.0106152 0)
(0.0069544 -0.0116753 0)
(0.00851314 -0.0125359 0)
(0.0101146 -0.0130215 0)
(0.0116557 -0.0128632 0)
(0.0129785 -0.0116824 0)
(0.0138651 -0.00897128 0)
(0.0140456 -0.00407435 0)
(0.0131971 0.0037808 0)
(0.0110917 0.0151435 0)
(0.00772141 0.0292164 0)
(0.00369926 0.0406425 0)
(0.00041386 0.0323651 0)
(-1.14123e-05 -0.000699989 0)
(2.21051e-05 -0.00262946 0)
(0.000196167 -0.00468394 0)
(0.000513079 -0.00662939 0)
(0.000968462 -0.00839778 0)
(0.00155305 -0.0100172 0)
(0.00226314 -0.0115355 0)
(0.00310089 -0.0129675 0)
(0.00406804 -0.0142629 0)
(0.00515359 -0.015282 0)
(0.00631927 -0.0157787 0)
(0.00748456 -0.0153867 0)
(0.00851453 -0.0136146 0)
(0.00922114 -0.00985347 0)
(0.0093837 -0.0033985 0)
(0.00875382 0.00645489 0)
(0.00720237 0.0199775 0)
(0.00480258 0.0356752 0)
(0.00209242 0.0468998 0)
(0.000173903 0.0352412 0)
(-2.90045e-05 -0.00061009 0)
(-0.000167401 -0.00261367 0)
(-0.000284603 -0.00485109 0)
(-0.000357515 -0.00700225 0)
(-0.000375132 -0.00897165 0)
(-0.000333545 -0.0107937 0)
(-0.000221 -0.0125326 0)
(-1.51373e-05 -0.0142139 0)
(0.000313236 -0.0157798 0)
(0.000784539 -0.0170538 0)
(0.00139527 -0.0177214 0)
(0.00210244 -0.0173146 0)
(0.00280819 -0.0152265 0)
(0.0033643 -0.0107555 0)
(0.00360506 -0.00317577 0)
(0.00335026 0.00811555 0)
(0.0025707 0.0230934 0)
(0.00143102 0.0396601 0)
(0.000316052 0.0503409 0)
(-9.15205e-05 0.0363959 0)
(-4.93288e-05 -0.000310851 0)
(-0.000354271 -0.00209811 0)
(-0.000764722 -0.00428728 0)
(-0.00125564 -0.00644139 0)
(-0.00180805 -0.0084313 0)
(-0.00240944 -0.0103029 0)
(-0.00303579 -0.012146 0)
(-0.00364723 -0.0140067 0)
(-0.00419177 -0.0158326 0)
(-0.00461491 -0.0174298 0)
(-0.00487484 -0.0184259 0)
(-0.0049605 -0.0182577 0)
(-0.00490309 -0.0162056 0)
(-0.00476579 -0.011484 0)
(-0.00459929 -0.00337388 0)
(-0.00441847 0.00855846 0)
(-0.00409223 0.0239229 0)
(-0.00336187 0.0402173 0)
(-0.00212182 0.0499453 0)
(-0.000425138 0.0353694 0)
(-5.28318e-05 0.000143165 0)
(-0.000421338 -0.00116001 0)
(-0.00102088 -0.00302846 0)
(-0.00185513 -0.00490374 0)
(-0.00291291 -0.00663428 0)
(-0.00418077 -0.00828706 0)
(-0.00563455 -0.00998531 0)
(-0.00723639 -0.0118084 0)
(-0.00893275 -0.0137288 0)
(-0.0106537 -0.0155581 0)
(-0.0123165 -0.0168993 0)
(-0.0138303 -0.0171361 0)
(-0.0150938 -0.0154973 0)
(-0.0159764 -0.0112031 0)
(-0.016273 -0.00364827 0)
(-0.0156356 0.00736707 0)
(-0.0137191 0.0212265 0)
(-0.0102841 0.0355904 0)
(-0.00572805 0.0439844 0)
(-0.00098555 0.0310893 0)
(-3.33517e-06 0.000528336 0)
(-0.000169942 -0.000165584 0)
(-0.000686432 -0.00143211 0)
(-0.00161449 -0.00268876 0)
(-0.00293874 -0.00381363 0)
(-0.00463569 -0.00489492 0)
(-0.00669655 -0.00607123 0)
(-0.00912709 -0.00744413 0)
(-0.0119321 -0.00902454 0)
(-0.0150895 -0.0106792 0)
(-0.0185181 -0.0120784 0)
(-0.0220424 -0.0126876 0)
(-0.0253599 -0.0118561 0)
(-0.0280243 -0.00899075 0)
(-0.0294422 -0.00371682 0)
(-0.0287933 0.00403563 0)
(-0.0253546 0.0138352 0)
(-0.0189517 0.0241148 0)
(-0.0104734 0.0305257 0)
(-0.00181333 0.0222473 0)
(0.000142538 0.000322788 0)
(0.000329341 0.000171955 0)
(0.000158802 -0.00015873 0)
(-0.000420237 -0.000449241 0)
(-0.00136844 -0.000678928 0)
(-0.00263444 -0.000893148 0)
(-0.0042286 -0.00114562 0)
(-0.00621129 -0.00147885 0)
(-0.00867224 -0.00191243 0)
(-0.0116936 -0.00242644 0)
(-0.0152884 -0.00293838 0)
(-0.0193215 -0.00329303 0)
(-0.0234467 -0.00329504 0)
(-0.0270974 -0.00277717 0)
(-0.0295347 -0.00163855 0)
(-0.0299162 0.000206863 0)
(-0.0274132 0.0028823 0)
(-0.0215202 0.00617436 0)
(-0.012853 0.00884315 0)
(-0.00329827 0.00735373 0)
)
;

boundaryField
{
    leftWall
    {
        type            fixedValue;
        value           uniform (0 0 0);
    }
    rightWall
    {
        type            fixedValue;
        value           uniform (0 0 0);
    }
    topWall
    {
        type            fixedValue;
        value           uniform (0 0 0);
    }
    bottomWall
    {
        type            fixedValue;
        value           uniform (0 0 0);
    }
    frontAndBackPlanes
    {
        type            empty;
    }
}


// ************************************************************************* //
