/*--------------------------------*- C++ -*----------------------------------*\
| =========                 |                                                 |
| \\      /  F ield         | OpenFOAM: The Open Source CFD Toolbox           |
|  \\    /   O peration     | Version:  2506                                  |
|   \\  /    A nd           | Website:  www.openfoam.com                      |
|    \\/     M anipulation  |                                                 |
\*---------------------------------------------------------------------------*/
FoamFile
{
    version     2.0;
    format      ascii;
    arch        "LSB;label=32;scalar=64";
    class       surfaceScalarField;
    location    "38.6";
    object      phi;
}
// * * * * * * * * * * * * * * * * * * * * * * * * * * * * * * * * * * * * * //

dimensions      [1 0 -1 0 0 0 0];

oriented        oriented;

internalField   nonuniform List<scalar> 
370
(
-3.2981e-05
-6.24859e-05
0.000118261
-0.000151229
0.000332275
-0.000213991
0.000581197
-0.000248891
0.000838417
-0.000257183
0.00108747
-0.000249014
0.00132271
-0.000235189
0.00154691
-0.000224164
0.00176857
-0.000221612
0.00199918
-0.000230571
0.00225075
-0.000251526
0.00253283
-0.000282034
0.00284775
-0.000314885
0.00318332
-0.000335522
0.00349974
-0.000316381
0.00370501
-0.00020523
0.00361923
8.58229e-05
0.00301466
0.000604637
0.00165724
0.00135747
0.00165728
0.000126752
-0.000189224
0.00045575
-0.000480182
0.000903676
-0.000661843
0.00139797
-0.00074309
0.00188994
-0.000749031
0.00235214
-0.000711089
0.0027744
-0.000657323
0.00315848
-0.000608112
0.00351252
-0.000575517
0.00384597
-0.000563897
0.00416476
-0.000570187
0.00446581
-0.000582958
0.00473069
-0.000579645
0.00491693
-0.000521644
0.00494753
-0.000346873
0.00470514
3.72626e-05
0.00404222
0.000748847
0.00281036
0.00183662
0.00115239
0.00301557
0.00280975
0.000210821
-0.000400009
0.000671973
-0.000941223
0.00124737
-0.00123706
0.00183835
-0.00133383
0.00238782
-0.00129823
0.00287143
-0.00119441
0.00328609
-0.00107169
0.00363992
-0.000961653
0.00394454
-0.000879862
0.00420945
-0.000828531
0.00443728
-0.000797745
0.00461896
-0.000764377
0.00472815
-0.000688595
0.00471556
-0.000508818
0.00450661
-0.000137722
0.00401013
0.000533935
0.00316036
0.00159881
0.00197401
0.00302318
0.000705821
0.00428397
0.00351569
0.000258869
-0.000658804
0.000782749
-0.00146488
0.00138368
-0.00183762
0.00194692
-0.00189662
0.00241993
-0.00177074
0.00279256
-0.00156654
0.00307742
-0.00135606
0.00329527
-0.00117904
0.00346608
-0.00105022
0.0036039
-0.00096591
0.00371347
-0.000906894
0.00378691
-0.000837413
0.0037997
-0.000701004
0.00370732
-0.000416092
0.0034479
0.000121999
0.00296019
0.00102192
0.00221768
0.0023416
0.00128576
0.00395538
0.000403682
0.00516633
0.00391952
0.000276389
-0.000935063
0.000779615
-0.00196771
0.00129418
-0.0023516
0.00171055
-0.00231227
0.00199712
-0.00205658
0.0021685
-0.00173721
0.00225768
-0.00144458
0.00229869
-0.00121942
0.00231832
-0.00106926
0.00233324
-0.000980261
0.00234901
-0.000922119
0.00235893
-0.000846799
0.00234195
-0.000683514
0.00226112
-0.0003348
0.00206603
0.000317499
0.00171593
0.00137239
0.00120596
0.00285193
0.000615652
0.00454605
0.000140872
0.00564144
0.00406055
0.000243206
-0.00117807
0.000612416
-0.00233634
0.00090786
-0.0026462
0.00105767
-0.00246113
0.00106877
-0.00206675
0.000986332
-0.00165392
0.000859701
-0.00131718
0.00072739
-0.00108641
0.000613393
-0.000954597
0.000528663
-0.000894869
0.000473431
-0.000866217
0.000438518
-0.000811209
0.000405901
-0.000650228
0.000350445
-0.000278716
0.000247696
0.000420783
9.16968e-05
0.00152887
-8.57549e-05
0.00302986
-0.000204004
0.00466475
-0.000164521
0.00560231
0.00389618
0.000126615
-0.00130441
0.000204468
-0.00241341
0.000125424
-0.00256607
-9.99199e-05
-0.00223465
-0.0004138
-0.00175183
-0.000754337
-0.00131249
-0.00107667
-0.00099406
-0.00135683
-0.000805505
-0.00158698
-0.000723701
-0.00176908
-0.000711997
-0.00190986
-0.000724618
-0.00201707
-0.00070315
-0.00209527
-0.000571175
-0.00213983
-0.000233344
-0.00212345
0.000405128
-0.00200209
0.00140816
-0.00171411
0.00274247
-0.0012054
0.00415654
-0.000522469
0.00491975
0.00337386
-0.000119961
-0.00118408
-0.000515557
-0.00201682
-0.00109554
-0.00198481
-0.0017384
-0.00159055
-0.00235174
-0.00113744
-0.00289109
-0.000772233
-0.00334632
-0.000538023
-0.00372644
-0.0004246
-0.0040476
-0.000401741
-0.00432482
-0.000433949
-0.00456609
-0.000482482
-0.00476668
-0.000501682
-0.00490207
-0.000434911
-0.00492073
-0.00021383
-0.00474501
0.000230219
-0.00428347
0.000947337
-0.00346154
0.00192116
-0.00227198
0.0029675
-0.000906203
0.00355434
0.0024678
-0.00048426
-0.000699347
-0.00144888
-0.00105103
-0.00250287
-0.000929407
-0.00343162
-0.000660486
-0.0041634
-0.000404556
-0.00471163
-0.000223081
-0.00512529
-0.000123562
-0.00545881
-9.036e-05
-0.00575672
-0.000103137
-0.00604664
-0.000143337
-0.0063359
-0.000192537
-0.00660679
-0.000230111
-0.00680957
-0.00023144
-0.00685664
-0.000166065
-0.00663551
9.78413e-06
-0.00599671
0.000309169
-0.00483549
0.000760497
-0.0031527
0.00128516
-0.00123479
0.00163675
0.00123314
-0.000698794
-0.0017485
-0.00267631
-0.00333528
-0.00373855
-0.00396057
-0.00408327
-0.00417291
-0.00427543
-0.00441822
-0.00461025
-0.00483988
-0.00507086
-0.00523646
-0.00522622
-0.00491662
-0.00415573
-0.00287024
-0.00123324
)
;

boundaryField
{
    leftWall
    {
        type            calculated;
        value           uniform 0;
    }
    rightWall
    {
        type            calculated;
        value           nonuniform List<scalar> 10(0 0 0 -4.33681e-19 0 0 0 0 0 4.33681e-19);
    }
    topWall
    {
        type            calculated;
        value           uniform 0;
    }
    bottomWall
    {
        type            calculated;
        value           uniform 0;
    }
    frontAndBackPlanes
    {
        type            empty;
    }
}


// ************************************************************************* //
