/*--------------------------------*- C++ -*----------------------------------*\
| =========                 |                                                 |
| \\      /  F ield         | OpenFOAM: The Open Source CFD Toolbox           |
|  \\    /   O peration     | Version:  2506                                  |
|   \\  /    A nd           | Website:  www.openfoam.com                      |
|    \\/     M anipulation  |                                                 |
\*---------------------------------------------------------------------------*/
FoamFile
{
    version     2.0;
    format      ascii;
    arch        "LSB;label=32;scalar=64";
    class       surfaceScalarField;
    location    "70.2";
    object      phi;
}
// * * * * * * * * * * * * * * * * * * * * * * * * * * * * * * * * * * * * * //

dimensions      [1 0 -1 0 0 0 0];

oriented        oriented;

internalField   nonuniform List<scalar> 
370
(
0.000111846
-0.000176253
0.000406021
-0.000294099
0.000697378
-0.000291245
0.000937749
-0.000240235
0.00111949
-0.00018159
0.00125614
-0.00013649
0.00136869
-0.000112378
0.00147805
-0.000109196
0.00160225
-0.000124023
0.00175602
-0.000153587
0.00195127
-0.000195063
0.00219674
-0.000245278
0.00249499
-0.000298048
0.00283499
-0.000339792
0.00317746
-0.000342254
0.00342921
-0.000251538
0.00339576
3.36706e-05
0.00285643
0.000539548
0.00157428
0.00128234
0.00157439
0.000265379
-0.000441587
0.000753881
-0.000782478
0.0012665
-0.000803687
0.00171131
-0.00068484
0.00206612
-0.000536174
0.00234313
-0.000413265
0.00256745
-0.000336468
0.00276541
-0.000306917
0.00295896
-0.00031734
0.00316364
-0.000358022
0.00338754
-0.000418716
0.00362943
-0.000486916
0.00387416
-0.00054252
0.00408355
-0.000548924
0.00418314
-0.000441572
0.00405163
-0.000119762
0.00354333
0.000542242
0.00248835
0.00159479
0.00102069
0.00275023
0.0025952
0.000315078
-0.000756599
0.000860635
-0.00132785
0.00141737
-0.00136016
0.00189163
-0.0011588
0.00226355
-0.000907772
0.00254729
-0.000696679
0.00276758
-0.000556427
0.00294798
-0.000486995
0.0031062
-0.000475236
0.0032528
-0.000504301
0.00339084
-0.000556433
0.0035144
-0.000610148
0.00360455
-0.000632339
0.0036225
-0.000566537
0.00350294
-0.000321673
0.00315657
0.000226942
0.00250992
0.00118923
0.00156631
0.0025387
0.000546754
0.00377005
0.00314208
0.000317327
-0.00107384
0.000837434
-0.00184773
0.00133665
-0.00185905
0.00173482
-0.00155659
0.00202587
-0.00119842
0.00223175
-0.000902155
0.00237844
-0.000702721
0.00248642
-0.000594577
0.00256872
-0.000557143
0.00263206
-0.000567255
0.00267804
-0.000602023
0.00270248
-0.000634196
0.00269201
-0.000621475
0.00261849
-0.000492613
0.00243579
-0.000138583
0.00208902
0.000574113
0.00155077
0.00172786
0.000871262
0.00321856
0.000246624
0.00439497
0.00338883
0.000287931
-0.00136168
0.000713754
-0.00227328
0.00107677
-0.00222169
0.00132723
-0.00180662
0.00148086
-0.0013516
0.00156866
-0.000989499
0.00161608
-0.000749702
0.00163863
-0.000616687
0.00164417
-0.000562257
0.00163652
-0.000559171
0.00161726
-0.000582341
0.00158493
-0.000601437
0.00153159
-0.000567695
0.00143858
-0.000399164
0.0012744
2.60433e-05
0.0010117
0.000837252
0.000653486
0.0020865
0.0002724
0.00360003
1.83824e-05
0.00464929
0.00340735
0.000217982
-0.00157955
0.000468466
-0.00252347
0.000612289
-0.00236509
0.000651629
-0.00184549
0.000627867
-0.00132736
0.000575901
-0.000937064
0.000514448
-0.000687789
0.000450479
-0.000552268
0.000385915
-0.000497249
0.000321705
-0.000494519
0.000258258
-0.000518451
0.00019324
-0.000535973
0.000119058
-0.000493059
2.35069e-05
-0.000303149
-0.000101604
0.000151631
-0.000243981
0.000980103
-0.000361974
0.00220495
-0.000377791
0.00361625
-0.000225267
0.00449706
0.0031822
7.82735e-05
-0.0016577
3.54445e-05
-0.00248031
-0.000136822
-0.00219238
-0.000367635
-0.0016142
-0.000598725
-0.0010958
-0.000803989
-0.000731336
-0.000979425
-0.0005119
-0.00112987
-0.000401372
-0.00126106
-0.00036562
-0.00137727
-0.000377877
-0.00148225
-0.000413025
-0.00158043
-0.000437357
-0.00167503
-0.000398009
-0.0017608
-0.000216919
-0.00180935
0.000200638
-0.00176336
0.000934584
-0.00154863
0.00199066
-0.00110669
0.00317469
-0.00048211
0.00387277
0.0027002
-0.000177762
-0.00147979
-0.000652562
-0.00200516
-0.00122526
-0.00161923
-0.0017526
-0.00108639
-0.00218301
-0.000664924
-0.0025178
-0.000396095
-0.0027779
-0.000251366
-0.00298631
-0.000192532
-0.00316176
-0.000189753
-0.00331767
-0.000221546
-0.00346233
-0.000267962
-0.00359649
-0.00030278
-0.00370726
-0.000286823
-0.00375849
-0.000165276
-0.00368356
0.000126117
-0.00339142
0.00064285
-0.00279448
0.00139411
-0.00186459
0.00224514
-0.000752986
0.00276143
0.00194732
-0.00057015
-0.000909487
-0.00155823
-0.00101672
-0.00248016
-0.00069685
-0.00317591
-0.000390181
-0.00365384
-0.000186542
-0.00397247
-7.70365e-05
-0.00419181
-3.16174e-05
-0.00435929
-2.46549e-05
-0.00450767
-4.09974e-05
-0.00465711
-7.17358e-05
-0.0048164
-0.000108312
-0.00497907
-0.000139758
-0.00511573
-0.000149825
-0.0051655
-0.000115177
-0.00503968
6.31773e-07
-0.00460819
0.00021168
-0.00376485
0.00055108
-0.00248471
0.000965276
-0.000983358
0.00126028
0.000964049
-0.000909317
-0.00192566
-0.00262207
-0.00301181
-0.00319792
-0.00327455
-0.00330578
-0.00333007
-0.00337073
-0.00344214
-0.00355015
-0.00368961
-0.00383917
-0.00395408
-0.00395321
-0.0037413
-0.00319
-0.00222453
-0.000964112
)
;

boundaryField
{
    leftWall
    {
        type            calculated;
        value           nonuniform List<scalar> 10(0 0 2.71051e-20 5.42101e-20 0 0 0 0 0 0);
    }
    rightWall
    {
        type            calculated;
        value           nonuniform List<scalar> 10(0 0 0 0 0 0 0 0 4.33681e-19 0);
    }
    topWall
    {
        type            calculated;
        value           uniform 0;
    }
    bottomWall
    {
        type            calculated;
        value           uniform 0;
    }
    frontAndBackPlanes
    {
        type            empty;
    }
}


// ************************************************************************* //
