/*--------------------------------*- C++ -*----------------------------------*\
| =========                 |                                                 |
| \\      /  F ield         | OpenFOAM: The Open Source CFD Toolbox           |
|  \\    /   O peration     | Version:  2506                                  |
|   \\  /    A nd           | Website:  www.openfoam.com                      |
|    \\/     M anipulation  |                                                 |
\*---------------------------------------------------------------------------*/
FoamFile
{
    version     2.0;
    format      ascii;
    arch        "LSB;label=32;scalar=64";
    class       volVectorField;
    location    "70.2";
    object      U;
}
// * * * * * * * * * * * * * * * * * * * * * * * * * * * * * * * * * * * * * //

dimensions      [0 1 -1 0 0 0 0];

internalField   nonuniform List<vector> 
200
(
(8.54086e-05 -0.000556915 0)
(0.00102335 -0.000785872 0)
(0.0022795 -0.000659268 0)
(0.00344748 -0.000462077 0)
(0.00433291 -0.000291726 0)
(0.00498332 -0.000184848 0)
(0.00548498 -0.000148672 0)
(0.00593039 -0.000174958 0)
(0.00640249 -0.000252574 0)
(0.00697014 -0.000374246 0)
(0.00768952 -0.000538177 0)
(0.00860583 -0.000745233 0)
(0.00974832 -0.000990582 0)
(0.0111116 -0.00124712 0)
(0.0126093 -0.00143692 0)
(0.0139719 -0.00138001 0)
(0.0145852 -0.000705105 0)
(0.0135054 0.00117846 0)
(0.00974889 0.00440024 0)
(0.00295797 0.00625873 0)
(0.000292184 -0.00249846 0)
(0.00206618 -0.00432011 0)
(0.00422087 -0.0043676 0)
(0.00627045 -0.00367009 0)
(0.00795214 -0.00283095 0)
(0.00925581 -0.00216318 0)
(0.010277 -0.00178131 0)
(0.0111338 -0.00169078 0)
(0.0119313 -0.00185118 0)
(0.0127496 -0.00221145 0)
(0.0136395 -0.00272116 0)
(0.0146186 -0.00331973 0)
(0.0156587 -0.0039024 0)
(0.0166579 -0.00425913 0)
(0.0173942 -0.00398667 0)
(0.01747 -0.00238861 0)
(0.016256 0.00155158 0)
(0.0130114 0.00863246 0)
(0.00765048 0.0173477 0)
(0.00132502 0.0180101 0)
(0.000357424 -0.00497426 0)
(0.0024101 -0.00877401 0)
(0.00477313 -0.00904041 0)
(0.00697598 -0.00774541 0)
(0.00875546 -0.00610287 0)
(0.0101095 -0.0047222 0)
(0.0111379 -0.00382534 0)
(0.0119525 -0.00342407 0)
(0.0126436 -0.00343724 0)
(0.0132715 -0.00375464 0)
(0.0138657 -0.00425725 0)
(0.0144226 -0.00479907 0)
(0.0148955 -0.00515193 0)
(0.0151708 -0.00491716 0)
(0.0150358 -0.00342527 0)
(0.0141416 0.00030534 0)
(0.0120969 0.00729134 0)
(0.0087117 0.0176308 0)
(0.00441625 0.0278889 0)
(0.000542208 0.0245225 0)
(0.000370539 -0.00766915 0)
(0.00239854 -0.0133707 0)
(0.00458079 -0.0136309 0)
(0.00649444 -0.0115693 0)
(0.00793868 -0.0090317 0)
(0.00895842 -0.00689753 0)
(0.00967191 -0.00545717 0)
(0.0101854 -0.00469768 0)
(0.010571 -0.00448188 0)
(0.0108694 -0.00464102 0)
(0.0110979 -0.0050006 0)
(0.0112527 -0.00535116 0)
(0.0113013 -0.00537127 0)
(0.0111621 -0.00451919 0)
(0.0106807 -0.00194468 0)
(0.00960434 0.00344934 0)
(0.00775373 0.0124702 0)
(0.00511594 0.0245558 0)
(0.00219381 0.0347721 0)
(0.000149835 0.0277675 0)
(0.00035884 -0.0102512 0)
(0.00212479 -0.0174507 0)
(0.00380645 -0.0173828 0)
(0.00510583 -0.0144117 0)
(0.00594157 -0.0109875 0)
(0.00642398 -0.00818648 0)
(0.0066859 -0.00629976 0)
(0.0068184 -0.00524967 0)
(0.0068694 -0.00483323 0)
(0.00686118 -0.00483618 0)
(0.00680441 -0.00505395 0)
(0.00670083 -0.00524271 0)
(0.00653375 -0.00501783 0)
(0.00625042 -0.00373053 0)
(0.00574225 -0.000402011 0)
(0.00485225 0.00608513 0)
(0.00353379 0.01631 0)
(0.00189916 0.0290876 0)
(0.000388785 0.0385148 0)
(-0.000136707 0.028856 0)
(0.000308744 -0.012444 0)
(0.00151881 -0.0204471 0)
(0.00234176 -0.019684 0)
(0.00271004 -0.0157662 0)
(0.00271929 -0.0116189 0)
(0.00253882 -0.00837956 0)
(0.00228779 -0.00625476 0)
(0.00201934 -0.00507214 0)
(0.00174839 -0.00457111 0)
(0.00147861 -0.00451519 0)
(0.00121264 -0.00469004 0)
(0.000947207 -0.00482809 0)
(0.000662609 -0.00449019 0)
(0.000319172 -0.00294752 0)
(-0.000151796 0.000843173 0)
(-0.000740049 0.0079022 0)
(-0.00132101 0.0185118 0)
(-0.00164573 0.0309707 0)
(-0.00141601 0.0390729 0)
(-0.000363587 0.0280343 0)
(0.0001889 -0.0137977 0)
(0.000381284 -0.0215437 0)
(-0.000128632 -0.0197622 0)
(-0.00103258 -0.0150656 0)
(-0.00203113 -0.0105788 0)
(-0.00295583 -0.00729277 0)
(-0.00375206 -0.00524048 0)
(-0.00442871 -0.00415073 0)
(-0.00501226 -0.00373272 0)
(-0.00552503 -0.00374937 0)
(-0.00598419 -0.0039805 0)
(-0.00640898 -0.00413322 0)
(-0.00682121 -0.00373826 0)
(-0.00722416 -0.00208086 0)
(-0.00755745 0.00174518 0)
(-0.00761105 0.00852197 0)
(-0.00708756 0.0183155 0)
(-0.00569956 0.0293553 0)
(-0.00344955 0.0359383 0)
(-0.000647562 0.0251103 0)
(-8.98317e-05 -0.013508 0)
(-0.0015924 -0.0195171 0)
(-0.00391249 -0.0166565 0)
(-0.0062964 -0.0118034 0)
(-0.0083237 -0.00767255 0)
(-0.00991382 -0.00488349 0)
(-0.0111369 -0.00327822 0)
(-0.0120965 -0.00253115 0)
(-0.012884 -0.00236047 0)
(-0.0135675 -0.00255061 0)
(-0.0141944 -0.0028971 0)
(-0.0147888 -0.0031285 0)
(-0.0153348 -0.00283657 0)
(-0.0157396 -0.00144918 0)
(-0.0157744 0.00170314 0)
(-0.0150667 0.00717196 0)
(-0.0132084 0.0149639 0)
(-0.00994143 0.0236328 0)
(-0.00558041 0.0286681 0)
(-0.000959651 0.0199168 0)
(-0.000660595 -0.0104586 0)
(-0.00444338 -0.0133365 0)
(-0.00856993 -0.0100589 0)
(-0.0120257 -0.00616222 0)
(-0.0144702 -0.00332223 0)
(-0.016087 -0.00166331 0)
(-0.017163 -0.000884933 0)
(-0.017936 -0.000677615 0)
(-0.0185738 -0.000821257 0)
(-0.0191864 -0.00116751 0)
(-0.0198363 -0.001588 0)
(-0.0205338 -0.00191891 0)
(-0.0212124 -0.00191896 0)
(-0.0216949 -0.00125358 0)
(-0.0216516 0.000483086 0)
(-0.0205618 0.00368793 0)
(-0.0178922 0.00845107 0)
(-0.0133396 0.0139573 0)
(-0.00738131 0.0174593 0)
(-0.00126689 0.0125176 0)
(-0.00164458 -0.00353323 0)
(-0.00608721 -0.00349023 0)
(-0.00969821 -0.00198577 0)
(-0.0119928 -0.000769551 0)
(-0.0131492 -9.80424e-05 0)
(-0.0136346 0.000183405 0)
(-0.0138126 0.000241911 0)
(-0.0139002 0.000183795 0)
(-0.0140208 6.55891e-05 0)
(-0.0142498 -8.617e-05 0)
(-0.0146303 -0.000257545 0)
(-0.0151681 -0.000430424 0)
(-0.0158144 -0.000568952 0)
(-0.0164334 -0.000608815 0)
(-0.0167591 -0.000442193 0)
(-0.0163998 0.000101575 0)
(-0.0148182 0.00117692 0)
(-0.0115547 0.00273476 0)
(-0.00682522 0.00413781 0)
(-0.00164705 0.00354554 0)
)
;

boundaryField
{
    leftWall
    {
        type            fixedValue;
        value           uniform (0 0 0);
    }
    rightWall
    {
        type            fixedValue;
        value           uniform (0 0 0);
    }
    topWall
    {
        type            fixedValue;
        value           uniform (0 0 0);
    }
    bottomWall
    {
        type            fixedValue;
        value           uniform (0 0 0);
    }
    frontAndBackPlanes
    {
        type            empty;
    }
}


// ************************************************************************* //
