/*--------------------------------*- C++ -*----------------------------------*\
| =========                 |                                                 |
| \\      /  F ield         | OpenFOAM: The Open Source CFD Toolbox           |
|  \\    /   O peration     | Version:  2506                                  |
|   \\  /    A nd           | Website:  www.openfoam.com                      |
|    \\/     M anipulation  |                                                 |
\*---------------------------------------------------------------------------*/
FoamFile
{
    version     2.0;
    format      ascii;
    arch        "LSB;label=32;scalar=64";
    class       volVectorField;
    location    "112.2";
    object      U;
}
// * * * * * * * * * * * * * * * * * * * * * * * * * * * * * * * * * * * * * //

dimensions      [0 1 -1 0 0 0 0];

internalField   nonuniform List<vector> 
200
(
(0.000430183 -0.00113099 0)
(0.00226174 -0.00145221 0)
(0.0042428 -0.00107909 0)
(0.0058407 -0.000595002 0)
(0.00684355 -0.000220559 0)
(0.00737571 -5.59841e-06 0)
(0.00762703 6.7327e-05 0)
(0.00776881 3.65108e-05 0)
(0.00793039 -6.19198e-05 0)
(0.00820085 -0.000203768 0)
(0.00863846 -0.000378332 0)
(0.00928036 -0.00058391 0)
(0.0101459 -0.000817888 0)
(0.0112245 -0.00105932 0)
(0.012433 -0.00123841 0)
(0.0135186 -0.00118238 0)
(0.0139148 -0.000532613 0)
(0.012732 0.00123942 0)
(0.00907861 0.00420596 0)
(0.00272733 0.0057901 0)
(0.000499993 -0.00453125 0)
(0.00322378 -0.00707996 0)
(0.00622567 -0.006397 0)
(0.00882984 -0.0046249 0)
(0.0107143 -0.0028698 0)
(0.0119368 -0.00158982 0)
(0.0126945 -0.00087961 0)
(0.0131936 -0.000664312 0)
(0.0135985 -0.000815424 0)
(0.0140208 -0.0012105 0)
(0.0145228 -0.00175323 0)
(0.0151227 -0.0023634 0)
(0.0157906 -0.00294007 0)
(0.016428 -0.00329621 0)
(0.01683 -0.00306439 0)
(0.0166349 -0.00159203 0)
(0.0152531 0.00206553 0)
(0.0120434 0.00858621 0)
(0.00698183 0.0164579 0)
(0.00118569 0.0166279 0)
(0.000488304 -0.00809287 0)
(0.00313405 -0.0130763 0)
(0.00597721 -0.0122471 0)
(0.00844759 -0.00929352 0)
(0.0102651 -0.00620667 0)
(0.0114849 -0.00383273 0)
(0.0122768 -0.00237516 0)
(0.0128076 -0.00173158 0)
(0.0132012 -0.00169203 0)
(0.0135346 -0.00204014 0)
(0.0138424 -0.00258719 0)
(0.0141211 -0.00315649 0)
(0.0143235 -0.00352612 0)
(0.0143417 -0.00333674 0)
(0.0139807 -0.00198641 0)
(0.0129228 0.00141197 0)
(0.0108752 0.00773468 0)
(0.00769182 0.0170487 0)
(0.00380082 0.0260783 0)
(0.000436506 0.0223872 0)
(0.000438542 -0.0113799 0)
(0.00268701 -0.0183598 0)
(0.00492934 -0.0171919 0)
(0.00675597 -0.0130998 0)
(0.0080145 -0.00885197 0)
(0.00881178 -0.00558173 0)
(0.00930984 -0.0035291 0)
(0.00963442 -0.00252754 0)
(0.00985933 -0.00228056 0)
(0.0100189 -0.00249508 0)
(0.0101222 -0.00291908 0)
(0.0101593 -0.00331191 0)
(0.0100936 -0.00336491 0)
(0.00984587 -0.00259448 0)
(0.00927245 -0.000258605 0)
(0.00818321 0.00456724 0)
(0.0064543 0.0125851 0)
(0.0041156 0.0232497 0)
(0.00164111 0.0319882 0)
(6.53966e-05 0.0249752 0)
(0.000371399 -0.0141112 0)
(0.00203845 -0.0223363 0)
(0.00342946 -0.0205365 0)
(0.00436465 -0.0153822 0)
(0.00486596 -0.0102521 0)
(0.00509918 -0.00641301 0)
(0.00520773 -0.00403922 0)
(0.00526576 -0.00285627 0)
(0.00529478 -0.00248512 0)
(0.00529341 -0.00258833 0)
(0.00525593 -0.00289225 0)
(0.00517442 -0.00313036 0)
(0.00502741 -0.00293976 0)
(0.00476246 -0.00174854 0)
(0.00427582 0.00126973 0)
(0.00348474 0.00699832 0)
(0.00236061 0.0159353 0)
(0.00105718 0.026986 0)
(-1.52136e-05 0.0348061 0)
(-0.000174009 0.0255224 0)
(0.000281573 -0.0161048 0)
(0.00115607 -0.0246234 0)
(0.00145758 -0.0219132 0)
(0.00133002 -0.0158889 0)
(0.000991887 -0.0102697 0)
(0.000633627 -0.00625749 0)
(0.000340888 -0.00386621 0)
(0.000118295 -0.00270041 0)
(-6.03206e-05 -0.00232924 0)
(-0.000218429 -0.00241143 0)
(-0.000368945 -0.00268067 0)
(-0.000522075 -0.00285974 0)
(-0.000697741 -0.00254416 0)
(-0.000929683 -0.00110511 0)
(-0.00125964 0.00230148 0)
(-0.00165948 0.00845455 0)
(-0.00201157 0.017569 0)
(-0.0020693 0.0281274 0)
(-0.00157309 0.034661 0)
(-0.000364852 0.0243813 0)
(0.000153184 -0.0169911 0)
(-0.000131439 -0.0246618 0)
(-0.00125086 -0.020851 0)
(-0.00260223 -0.0143537 0)
(-0.00382925 -0.00880559 0)
(-0.00479105 -0.00508755 0)
(-0.00549731 -0.0029888 0)
(-0.00601573 -0.0020321 0)
(-0.00641239 -0.00179113 0)
(-0.00673213 -0.00195393 0)
(-0.00700254 -0.00227111 0)
(-0.00724389 -0.00245984 0)
(-0.0074706 -0.00210673 0)
(-0.00767305 -0.000612541 0)
(-0.00777806 0.00275295 0)
(-0.00761115 0.00859469 0)
(-0.00692074 0.0169217 0)
(-0.00545788 0.0261603 0)
(-0.00323994 0.0313571 0)
(-0.000591302 0.021513 0)
(-0.000179896 -0.0160856 0)
(-0.00221743 -0.0215101 0)
(-0.00502455 -0.0168036 0)
(-0.00766725 -0.0105958 0)
(-0.00971135 -0.00582825 0)
(-0.0111475 -0.00290092 0)
(-0.0121246 -0.0014127 0)
(-0.012801 -0.000872526 0)
(-0.0132982 -0.000899806 0)
(-0.0136992 -0.00123037 0)
(-0.0140552 -0.00165163 0)
(-0.0143863 -0.00191813 0)
(-0.0146709 -0.00168446 0)
(-0.0148172 -0.000481003 0)
(-0.0146164 0.0022335 0)
(-0.0137705 0.00690506 0)
(-0.0119318 0.0134873 0)
(-0.00888928 0.0206904 0)
(-0.0049356 0.0246363 0)
(-0.000833261 0.0168274 0)
(-0.000814446 -0.012269 0)
(-0.0052028 -0.0142928 0)
(-0.00963594 -0.00961667 0)
(-0.0130449 -0.00491052 0)
(-0.0151872 -0.00183317 0)
(-0.0163863 -0.000261163 0)
(-0.0170334 0.000306083 0)
(-0.0174124 0.000297204 0)
(-0.0176935 -1.48318e-05 0)
(-0.0179808 -0.00046641 0)
(-0.0183282 -0.000934592 0)
(-0.0187351 -0.00128087 0)
(-0.0191335 -0.00130927 0)
(-0.0193623 -0.000748842 0)
(-0.0191301 0.000731755 0)
(-0.0180108 0.00345618 0)
(-0.0155521 0.0074605 0)
(-0.0115075 0.0120149 0)
(-0.00631042 0.0147793 0)
(-0.00106728 0.0104261 0)
(-0.00196329 -0.00419271 0)
(-0.00698349 -0.00370555 0)
(-0.0106171 -0.00175007 0)
(-0.0125673 -0.00035591 0)
(-0.013249 0.000312211 0)
(-0.0132762 0.000513049 0)
(-0.0130593 0.000477413 0)
(-0.0128234 0.000346661 0)
(-0.0126904 0.000183048 0)
(-0.012714 7.93711e-06 0)
(-0.01291 -0.000167277 0)
(-0.0132666 -0.000328865 0)
(-0.013728 -0.000449706 0)
(-0.0141685 -0.000478671 0)
(-0.0143612 -0.000328686 0)
(-0.0139675 0.000136952 0)
(-0.0125364 0.001033 0)
(-0.00970243 0.00230735 0)
(-0.00567695 0.003429 0)
(-0.00134985 0.00289914 0)
)
;

boundaryField
{
    leftWall
    {
        type            fixedValue;
        value           uniform (0 0 0);
    }
    rightWall
    {
        type            fixedValue;
        value           uniform (0 0 0);
    }
    topWall
    {
        type            fixedValue;
        value           uniform (0 0 0);
    }
    bottomWall
    {
        type            fixedValue;
        value           uniform (0 0 0);
    }
    frontAndBackPlanes
    {
        type            empty;
    }
}


// ************************************************************************* //
