/*--------------------------------*- C++ -*----------------------------------*\
| =========                 |                                                 |
| \\      /  F ield         | OpenFOAM: The Open Source CFD Toolbox           |
|  \\    /   O peration     | Version:  2506                                  |
|   \\  /    A nd           | Website:  www.openfoam.com                      |
|    \\/     M anipulation  |                                                 |
\*---------------------------------------------------------------------------*/
FoamFile
{
    version     2.0;
    format      ascii;
    arch        "LSB;label=32;scalar=64";
    class       surfaceScalarField;
    location    "68.6";
    object      phi;
}
// * * * * * * * * * * * * * * * * * * * * * * * * * * * * * * * * * * * * * //

dimensions      [1 0 -1 0 0 0 0];

oriented        oriented;

internalField   nonuniform List<scalar> 
370
(
0.000103905
-0.000169573
0.000389281
-0.000285302
0.000674545
-0.000285154
0.000912568
-0.000237889
0.00109499
-0.000182272
0.00123419
-0.000139041
0.00135013
-0.000115784
0.00146308
-0.00011278
0.0015907
-0.000127447
0.00174765
-0.000156775
0.00194593
-0.000198095
0.0021944
-0.000248281
0.00249568
-0.00030108
0.00283865
-0.000342771
0.0031838
-0.000344937
0.00343759
-0.000253574
0.00340482
3.29798e-05
0.00286464
0.000540395
0.00157929
0.00128554
0.00157939
0.000257788
-0.000427317
0.000735684
-0.000763075
0.00124045
-0.00078974
0.00168168
-0.000678912
0.00203671
-0.00053708
0.00231658
-0.000418685
0.00254526
-0.000344224
0.00274817
-0.000315459
0.00294677
-0.000325807
0.00315634
-0.000366111
0.00338495
-0.000426463
0.00363138
-0.000494459
0.00388043
-0.000549871
0.00409372
-0.000555796
0.00419636
-0.00044731
0.00406644
-0.000123395
0.00355778
0.000541911
0.00249943
0.001599
0.00102576
0.00275945
0.00260527
0.00030963
-0.000736881
0.000848057
-0.00130132
0.00140006
-0.00134149
0.00187285
-0.0011514
0.002246
-0.000909899
0.00253273
-0.000705093
0.00275695
-0.000568113
0.00294163
-0.000499809
0.00310413
-0.000487979
0.00325486
-0.000516524
0.00339687
-0.000568139
0.00352421
-0.000621465
0.00361788
-0.000643211
0.00363888
-0.000576455
0.00352142
-0.000329509
0.00317548
0.000222882
0.0025267
0.00119102
0.00157813
0.00254789
0.000551717
0.00378612
0.00315711
0.000314371
-0.00105117
0.000831738
-0.00181845
0.00133047
-0.00183989
0.0017302
-0.00155074
0.00202399
-0.00120329
0.00223303
-0.000913723
0.00238284
-0.00071751
0.00249367
-0.000610243
0.00257855
-0.000572459
0.00264425
-0.000581826
0.00269243
-0.000615921
0.00271895
-0.000647589
0.00271041
-0.000634271
0.00263849
-0.000504134
0.00245668
-0.000147293
0.00210912
0.000570841
0.00156773
0.0017328
0.000882626
0.00323335
0.000251154
0.00441788
0.0034084
0.00028735
-0.00133841
0.000714548
-0.00224538
0.00108092
-0.00220587
0.0013354
-0.00180478
0.00149263
-0.00136006
0.00158314
-0.00100377
0.00163236
-0.000766275
0.00165599
-0.000633434
0.00166219
-0.000578218
0.00165497
-0.000574168
0.00163607
-0.000596585
0.00160409
-0.000615162
0.00155106
-0.000580798
0.00145822
-0.000410845
0.00129385
1.75322e-05
0.00102957
0.000835578
0.000667888
0.00209491
0.000281484
0.00362014
2.15206e-05
0.00467815
0.00343005
0.00021934
-0.00155764
0.000474386
-0.00250012
0.000624184
-0.00235525
0.000668505
-0.00184862
0.000647876
-0.00133894
0.000597257
-0.000952666
0.000535851
-0.000704397
0.000471172
-0.000568293
0.000405556
-0.000512146
0.000340206
-0.000508364
0.00027565
-0.000531574
0.000209584
-0.000548638
0.000134375
-0.000505123
3.76719e-05
-0.000313665
-8.92473e-05
0.000144942
-0.000233843
0.000980662
-0.00035465
0.00221618
-0.00037369
0.00363959
-0.000224008
0.00452877
0.00320617
8.13241e-05
-0.00163884
4.50419e-05
-0.0024635
-0.000121029
-0.00218872
-0.000347891
-0.00162127
-0.000577649
-0.00110869
-0.000783598
-0.000746239
-0.000960917
-0.000526611
-0.00111379
-0.000414958
-0.00124754
-0.000377944
-0.00136624
-0.00038921
-0.00147362
-0.00042375
-0.00157412
-0.000447686
-0.0016711
-0.000407678
-0.00175943
-0.000224864
-0.00181056
0.000196552
-0.00176658
0.000937153
-0.00155269
0.00200274
-0.0011102
0.00319751
-0.000483892
0.00390275
0.00272239
-0.000173625
-0.00146507
-0.000641589
-0.00199517
-0.00120962
-0.00162022
-0.00173563
-0.00109478
-0.00216748
-0.000676361
-0.00250545
-0.000407807
-0.00276954
-0.000262066
-0.00298216
-0.000201897
-0.00316171
-0.000197964
-0.00332152
-0.000228972
-0.00346988
-0.000274965
-0.00360763
-0.000309517
-0.00372184
-0.000293046
-0.00377612
-0.000170154
-0.00370324
0.000124101
-0.00341123
0.000645564
-0.00281179
0.0014037
-0.0018766
0.00226267
-0.000758005
0.00278442
0.00196449
-0.000564343
-0.000900566
-0.00154606
-0.00101308
-0.00246634
-0.000699475
-0.00316474
-0.000395902
-0.00364775
-0.000192887
-0.00397237
-8.27481e-05
-0.00419771
-3.63049e-05
-0.0043707
-2.84995e-05
-0.004524
-4.42706e-05
-0.00467796
-7.4629e-05
-0.00484152
-0.000111037
-0.00500825
-0.000142435
-0.00514855
-0.000152388
-0.00520106
-0.000117301
-0.00507625
-3.70004e-07
-0.00464299
0.000212632
-0.00379415
0.000555182
-0.00250455
0.000973358
-0.000991409
0.00127149
0.000973174
-0.000900392
-0.00191309
-0.00261211
-0.00300756
-0.0032
-0.00328234
-0.00331825
-0.00334637
-0.00339029
-0.00346459
-0.00357531
-0.00371745
-0.00386955
-0.00398659
-0.0039867
-0.00377383
-0.00321843
-0.00224487
-0.000973239
)
;

boundaryField
{
    leftWall
    {
        type            calculated;
        value           nonuniform List<scalar> 10(0 0 0 -5.42101e-20 0 0 0 0 0 0);
    }
    rightWall
    {
        type            calculated;
        value           uniform 0;
    }
    topWall
    {
        type            calculated;
        value           uniform 0;
    }
    bottomWall
    {
        type            calculated;
        value           uniform 0;
    }
    frontAndBackPlanes
    {
        type            empty;
    }
}


// ************************************************************************* //
