/*--------------------------------*- C++ -*----------------------------------*\
| =========                 |                                                 |
| \\      /  F ield         | OpenFOAM: The Open Source CFD Toolbox           |
|  \\    /   O peration     | Version:  2506                                  |
|   \\  /    A nd           | Website:  www.openfoam.com                      |
|    \\/     M anipulation  |                                                 |
\*---------------------------------------------------------------------------*/
FoamFile
{
    version     2.0;
    format      ascii;
    arch        "LSB;label=32;scalar=64";
    class       surfaceScalarField;
    location    "63.4";
    object      phi;
}
// * * * * * * * * * * * * * * * * * * * * * * * * * * * * * * * * * * * * * //

dimensions      [1 0 -1 0 0 0 0];

oriented        oriented;

internalField   nonuniform List<scalar> 
370
(
7.80846e-05
-0.000148004
0.0003346
-0.000256448
0.000599643
-0.000264943
0.000829635
-0.000229871
0.00101392
-0.000184151
0.00116111
-0.000147044
0.00128786
-0.000126609
0.00141226
-0.000124247
0.00155094
-0.000138515
0.00171837
-0.00016727
0.00192686
-0.000208327
0.00218571
-0.000258667
0.00249763
-0.000311743
0.00285109
-0.000353269
0.00320553
-0.000354247
0.00346609
-0.000260361
0.0034353
3.09859e-05
0.00289178
0.000543711
0.00159555
0.00129641
0.00159565
0.000232244
-0.000380205
0.000674477
-0.000698564
0.00115269
-0.000742987
0.00158161
-0.000658584
0.001937
-0.000539327
0.00222604
-0.000435855
0.00246882
-0.000369163
0.00268794
-0.000343143
0.0029032
-0.000353548
0.00312924
-0.000393071
0.00337402
-0.000452877
0.00363638
-0.000520775
0.00390083
-0.000575943
0.00412811
-0.000580289
0.00424168
-0.000467563
0.00411741
-0.000135825
0.00360732
0.000541339
0.00253723
0.00161405
0.00104299
0.00279087
0.00263876
0.000290642
-0.000670781
0.000804193
-0.00121193
0.00133957
-0.0012781
0.00180686
-0.00112556
0.00218373
-0.000915873
0.00248027
-0.000732062
0.00271754
-0.000606096
0.00291655
-0.000541826
0.0030936
-0.000530266
0.00325868
-0.000557823
0.00341475
-0.000608613
0.00355582
-0.000661509
0.00366254
-0.000682317
0.00369492
-0.000612317
0.00358534
-0.000357634
0.0032412
0.000208662
0.00258513
0.00119774
0.00161927
0.00258022
0.000569032
0.00384137
0.00320792
0.000303494
-0.000974186
0.000810345
-0.00171854
0.00130635
-0.00177376
0.00171056
-0.00152937
0.00201314
-0.00121802
0.00223263
-0.000951129
0.00239297
-0.000766002
0.00251373
-0.000662167
0.00260785
-0.000623976
0.00268231
-0.000631869
0.00273898
-0.000664866
0.00277378
-0.000695894
0.00277308
-0.00068119
0.00270778
-0.000546588
0.00252965
-0.000179073
0.00217974
0.000558995
0.00162748
0.00175041
0.000922741
0.00328533
0.000267194
0.00449722
0.00347525
0.000284499
-0.00125858
0.000715096
-0.00214884
0.00109173
-0.00214997
0.00135904
-0.00179621
0.00152804
-0.00138653
0.00162759
-0.0010502
0.00168309
-0.000821011
0.00171093
-0.000689536
0.00172013
-0.000632702
0.00171535
-0.000626628
0.00169872
-0.000647769
0.00166895
-0.000665641
0.00161795
-0.000629711
0.00152658
-0.000454735
0.00136243
-1.44303e-05
0.001093
0.000828905
0.000719296
0.00212457
0.000314132
0.0036909
3.30452e-05
0.00477863
0.00350844
0.000223333
-0.00148179
0.000493077
-0.00241825
0.000662462
-0.0023189
0.000723286
-0.00185652
0.000713162
-0.00137587
0.000667242
-0.00100375
0.00060639
-0.00075965
0.000539935
-0.00062258
0.000471539
-0.000563809
0.000403136
-0.000557731
0.000335542
-0.000579677
0.000266461
-0.000596056
0.000188085
-0.000550823
8.75848e-05
-0.000353709
-4.51875e-05
0.000118886
-0.000197322
0.000981573
-0.000327986
0.00225574
-0.000358501
0.00372186
-0.00021921
0.00463967
0.00328936
9.14311e-05
-0.00157308
7.72835e-05
-0.00240374
-6.74538e-05
-0.00217366
-0.000280529
-0.00164291
-0.000505431
-0.00115044
-0.000713352
-0.000795309
-0.000896661
-0.000575828
-0.00105735
-0.000461383
-0.00119945
-0.000421213
-0.00132646
-0.000430222
-0.00144201
-0.000463632
-0.00155073
-0.000486833
-0.00165632
-0.000444713
-0.00175394
-0.000255571
-0.0018147
0.000180175
-0.00177782
0.000945219
-0.0015667
0.00204511
-0.00112217
0.00327777
-0.000489885
0.0040077
0.0027996
-0.000159184
-0.00141374
-0.000602981
-0.00195954
-0.00115412
-0.00162202
-0.00167476
-0.00112173
-0.00211093
-0.000713746
-0.00245929
-0.000446442
-0.00273674
-0.00029787
-0.00296368
-0.000233956
-0.00315747
-0.000226943
-0.00333114
-0.000256075
-0.00349305
-0.000301255
-0.00364415
-0.000335258
-0.00377136
-0.000317038
-0.0038373
-0.000189159
-0.0037723
0.000115651
-0.00348097
0.000654358
-0.00287259
0.00143716
-0.0019186
0.00232417
-0.000775436
0.00286482
0.00202429
-0.000543908
-0.000869656
-0.00150281
-0.00100023
-0.00241632
-0.000707993
-0.00312275
-0.00041479
-0.00362222
-0.000213766
-0.00396662
-0.000101564
-0.00421206
-5.19708e-05
-0.00440396
-4.16088e-05
-0.00457473
-5.57367e-05
-0.00474521
-8.51697e-05
-0.00492476
-0.0001213
-0.00510693
-0.000152687
-0.00526137
-0.000162216
-0.00532479
-0.000125354
-0.00520347
-5.28853e-06
-0.00476457
0.000215827
-0.00389658
0.000569527
-0.00257379
0.0010017
-0.00101942
0.00131068
0.00100497
-0.000869465
-0.00186928
-0.00257677
-0.00299107
-0.00320436
-0.00330547
-0.00335702
-0.00339823
-0.00345359
-0.00353839
-0.00365935
-0.00381171
-0.00397361
-0.00409867
-0.00410368
-0.00388758
-0.00331781
-0.00231589
-0.00100504
)
;

boundaryField
{
    leftWall
    {
        type            calculated;
        value           nonuniform List<scalar> 10(0 0 0 0 0 0 -2.1684e-19 0 0 0);
    }
    rightWall
    {
        type            calculated;
        value           nonuniform List<scalar> 10(1.0842e-19 0 0 0 0 0 0 0 0 0);
    }
    topWall
    {
        type            calculated;
        value           uniform 0;
    }
    bottomWall
    {
        type            calculated;
        value           uniform 0;
    }
    frontAndBackPlanes
    {
        type            empty;
    }
}


// ************************************************************************* //
