/*--------------------------------*- C++ -*----------------------------------*\
| =========                 |                                                 |
| \\      /  F ield         | OpenFOAM: The Open Source CFD Toolbox           |
|  \\    /   O peration     | Version:  2506                                  |
|   \\  /    A nd           | Website:  www.openfoam.com                      |
|    \\/     M anipulation  |                                                 |
\*---------------------------------------------------------------------------*/
FoamFile
{
    version     2.0;
    format      ascii;
    arch        "LSB;label=32;scalar=64";
    class       volVectorField;
    location    "63.4";
    object      U;
}
// * * * * * * * * * * * * * * * * * * * * * * * * * * * * * * * * * * * * * //

dimensions      [0 1 -1 0 0 0 0];

internalField   nonuniform List<vector> 
200
(
(1.92395e-05 -0.00045762 0)
(0.000790866 -0.000667733 0)
(0.00191655 -0.000585645 0)
(0.00300826 -0.000441952 0)
(0.00387823 -0.000309264 0)
(0.00455889 -0.000221322 0)
(0.00511518 -0.000190266 0)
(0.00562357 -0.000214029 0)
(0.00615807 -0.000286655 0)
(0.00678445 -0.000404357 0)
(0.00755964 -0.000567046 0)
(0.00853119 -0.000775645 0)
(0.00973016 -0.00102396 0)
(0.0111506 -0.00128247 0)
(0.0127024 -0.00147076 0)
(0.0141095 -0.00140778 0)
(0.0147485 -0.000722313 0)
(0.0136681 0.00118221 0)
(0.00987512 0.00444246 0)
(0.00299771 0.00633825 0)
(0.000247767 -0.00211693 0)
(0.00182302 -0.00379752 0)
(0.00380498 -0.00399058 0)
(0.00574726 -0.00350879 0)
(0.0073985 -0.0028519 0)
(0.00873231 -0.00230223 0)
(0.00982104 -0.00197924 0)
(0.0107632 -0.00190663 0)
(0.0116517 -0.00206374 0)
(0.0125602 -0.00241508 0)
(0.0135382 -0.00291921 0)
(0.0146035 -0.00351751 0)
(0.0157279 -0.00410067 0)
(0.0168066 -0.00444954 0)
(0.0176112 -0.00415094 0)
(0.0177342 -0.00250245 0)
(0.0165351 0.00151592 0)
(0.0132569 0.00870969 0)
(0.00780909 0.0175621 0)
(0.00135697 0.0182751 0)
(0.000325103 -0.00434614 0)
(0.00223319 -0.00790851 0)
(0.00448169 -0.00841029 0)
(0.00662429 -0.00746951 0)
(0.00840097 -0.00613274 0)
(0.00979491 -0.00495733 0)
(0.0108882 -0.0041703 0)
(0.0117791 -0.00381055 0)
(0.0125493 -0.00382729 0)
(0.0132554 -0.00413468 0)
(0.0139257 -0.00462815 0)
(0.0145569 -0.00516501 0)
(0.0151014 -0.00550986 0)
(0.0154427 -0.00524871 0)
(0.0153611 -0.00369411 0)
(0.0144971 0.000149184 0)
(0.0124396 0.00730914 0)
(0.0089891 0.0178699 0)
(0.00458062 0.0283455 0)
(0.000570779 0.0249786 0)
(0.000350147 -0.00688057 0)
(0.00230422 -0.0123135 0)
(0.00445209 -0.012895 0)
(0.00637281 -0.0112879 0)
(0.0078556 -0.00913111 0)
(0.00892978 -0.00724579 0)
(0.00970154 -0.0059342 0)
(0.0102708 -0.00522016 0)
(0.0107079 -0.00500501 0)
(0.011054 -0.00514959 0)
(0.0113277 -0.00549608 0)
(0.0115265 -0.00583779 0)
(0.0116175 -0.00584277 0)
(0.0115173 -0.00494781 0)
(0.0110656 -0.0022752 0)
(0.00999616 0.00329918 0)
(0.00811207 0.0125888 0)
(0.00539201 0.0249981 0)
(0.00234923 0.035493 0)
(0.000175497 0.0284073 0)
(0.00035037 -0.00939212 0)
(0.00211146 -0.0163621 0)
(0.00383482 -0.0166969 0)
(0.00520135 -0.014234 0)
(0.00610659 -0.0112077 0)
(0.00664652 -0.0086479 0)
(0.00694969 -0.00687225 0)
(0.00710938 -0.00584998 0)
(0.00717826 -0.00542135 0)
(0.00718306 -0.00540236 0)
(0.00713744 -0.00560363 0)
(0.0070445 -0.0057818 0)
(0.00688765 -0.00553885 0)
(0.00661337 -0.00419991 0)
(0.00611337 -0.000749898 0)
(0.00521064 0.00597718 0)
(0.00384768 0.0165544 0)
(0.00213029 0.0297419 0)
(0.000515693 0.0394868 0)
(-0.000113967 0.0296486 0)
(0.000310956 -0.0115956 0)
(0.00157451 -0.0194668 0)
(0.00249686 -0.0191721 0)
(0.00296844 -0.015762 0)
(0.00305294 -0.0119731 0)
(0.00291293 -0.00892519 0)
(0.00267402 -0.00686919 0)
(0.00239989 -0.00568629 0)
(0.00211452 -0.00515813 0)
(0.00182735 -0.00507436 0)
(0.00154382 -0.0052317 0)
(0.00126134 -0.00536014 0)
(0.000959009 -0.00500501 0)
(0.000593838 -0.00340813 0)
(0.000102332 0.000516892 0)
(-0.000520112 0.007863 0)
(-0.00114936 0.018887 0)
(-0.00153267 0.0318105 0)
(-0.00136497 0.0402351 0)
(-0.00035884 0.0289212 0)
(0.000198893 -0.0130302 0)
(0.000487528 -0.0207733 0)
(0.000106961 -0.0194915 0)
(-0.000694839 -0.0152444 0)
(-0.001644 -0.0110283 0)
(-0.00256393 -0.00785787 0)
(-0.00338486 -0.00582544 0)
(-0.00410134 -0.00471097 0)
(-0.00473015 -0.00425746 0)
(-0.00528863 -0.00424587 0)
(-0.00579234 -0.00446137 0)
(-0.006261 -0.00460472 0)
(-0.00671829 -0.0041876 0)
(-0.00716985 -0.00246222 0)
(-0.00755595 0.00152243 0)
(-0.00765512 0.00858307 0)
(-0.00715749 0.0187773 0)
(-0.00577052 0.0302599 0)
(-0.00350052 0.0371345 0)
(-0.000660399 0.0259957 0)
(-6.8704e-05 -0.0128745 0)
(-0.00144439 -0.0190083 0)
(-0.0036473 -0.0166036 0)
(-0.00597056 -0.012093 0)
(-0.00799836 -0.00812832 0)
(-0.00963239 -0.00538193 0)
(-0.010923 -0.00375679 0)
(-0.0119594 -0.0029692 0)
(-0.0128247 -0.00276042 0)
(-0.0135837 -0.00292466 0)
(-0.0142836 -0.00325751 0)
(-0.0149498 -0.00347853 0)
(-0.0155667 -0.00316103 0)
(-0.0160394 -0.00170574 0)
(-0.0161309 0.00158734 0)
(-0.0154469 0.00728991 0)
(-0.0135651 0.0154071 0)
(-0.0102213 0.0244371 0)
(-0.00574352 0.0297074 0)
(-0.000990412 0.020678 0)
(-0.000622664 -0.0100125 0)
(-0.00425381 -0.0130866 0)
(-0.00830013 -0.0101527 0)
(-0.011764 -0.00645832 0)
(-0.0142815 -0.00368061 0)
(-0.0160021 -0.00200647 0)
(-0.0171894 -0.00118469 0)
(-0.018069 -0.000932806 0)
(-0.0188048 -0.0010428 0)
(-0.019508 -0.00136961 0)
(-0.0202443 -0.00178199 0)
(-0.0210258 -0.00210819 0)
(-0.0217846 -0.00209427 0)
(-0.0223365 -0.00138941 0)
(-0.0223373 0.000428934 0)
(-0.0212435 0.00377045 0)
(-0.0185056 0.00873444 0)
(-0.0138088 0.0144757 0)
(-0.00764852 0.018142 0)
(-0.00131545 0.0130314 0)
(-0.00156606 -0.00337235 0)
(-0.00586439 -0.00343396 0)
(-0.00946626 -0.00203994 0)
(-0.0118421 -0.000867293 0)
(-0.0131135 -0.000195102 0)
(-0.013711 0.000103683 0)
(-0.0139841 0.000181645 0)
(-0.0141495 0.000139697 0)
(-0.0143357 3.23484e-05 0)
(-0.014623 -0.000114438 0)
(-0.0150585 -0.000285848 0)
(-0.0156508 -0.000461862 0)
(-0.0163514 -0.000603761 0)
(-0.0170206 -0.000643339 0)
(-0.0173836 -0.000468347 0)
(-0.0170313 9.69073e-05 0)
(-0.015403 0.00121925 0)
(-0.0120215 0.0028483 0)
(-0.0071093 0.00431756 0)
(-0.00171945 0.00370386 0)
)
;

boundaryField
{
    leftWall
    {
        type            fixedValue;
        value           uniform (0 0 0);
    }
    rightWall
    {
        type            fixedValue;
        value           uniform (0 0 0);
    }
    topWall
    {
        type            fixedValue;
        value           uniform (0 0 0);
    }
    bottomWall
    {
        type            fixedValue;
        value           uniform (0 0 0);
    }
    frontAndBackPlanes
    {
        type            empty;
    }
}


// ************************************************************************* //
