/*--------------------------------*- C++ -*----------------------------------*\
| =========                 |                                                 |
| \\      /  F ield         | OpenFOAM: The Open Source CFD Toolbox           |
|  \\    /   O peration     | Version:  2506                                  |
|   \\  /    A nd           | Website:  www.openfoam.com                      |
|    \\/     M anipulation  |                                                 |
\*---------------------------------------------------------------------------*/
FoamFile
{
    version     2.0;
    format      ascii;
    arch        "LSB;label=32;scalar=64";
    class       volVectorField;
    location    "144.4";
    object      U;
}
// * * * * * * * * * * * * * * * * * * * * * * * * * * * * * * * * * * * * * //

dimensions      [0 1 -1 0 0 0 0];

internalField   nonuniform List<vector> 
200
(
(0.000606533 -0.00143742 0)
(0.00290318 -0.00181122 0)
(0.0052755 -0.00131607 0)
(0.00712062 -0.000688176 0)
(0.00821852 -0.000208959 0)
(0.00872811 6.52704e-05 0)
(0.00888717 0.000163637 0)
(0.00890366 0.000137629 0)
(0.00892708 3.41391e-05 0)
(0.00905662 -0.000113798 0)
(0.00935449 -0.000291009 0)
(0.00985579 -0.000494112 0)
(0.0105753 -0.000720214 0)
(0.0114975 -0.000949185 0)
(0.0125355 -0.00111294 0)
(0.0134376 -0.00104184 0)
(0.0136651 -0.00039448 0)
(0.0123681 0.00131483 0)
(0.00872409 0.0041191 0)
(0.00259655 0.00552137 0)
(0.000601142 -0.00558193 0)
(0.00379127 -0.00851883 0)
(0.00721914 -0.0074974 0)
(0.010119 -0.00521378 0)
(0.0121382 -0.00301386 0)
(0.0133621 -0.00142397 0)
(0.0140321 -0.00053159 0)
(0.0143926 -0.000228257 0)
(0.0146366 -0.000348239 0)
(0.0148909 -0.000737406 0)
(0.0152226 -0.00127797 0)
(0.0156503 -0.00187787 0)
(0.016142 -0.00243244 0)
(0.0165987 -0.00275858 0)
(0.0168194 -0.0025017 0)
(0.0164491 -0.00103512 0)
(0.0149288 0.0025187 0)
(0.0116726 0.00874546 0)
(0.00670024 0.0161039 0)
(0.00112477 0.0159061 0)
(0.000546993 -0.00965406 0)
(0.00345799 -0.0152481 0)
(0.00651911 -0.0139215 0)
(0.00911762 -0.0101988 0)
(0.0109658 -0.00643434 0)
(0.0121434 -0.00358161 0)
(0.0128501 -0.00183634 0)
(0.0132755 -0.00104707 0)
(0.0135571 -0.000948979 0)
(0.0137781 -0.00128053 0)
(0.0139748 -0.00182121 0)
(0.0141428 -0.00237633 0)
(0.0142332 -0.002719 0)
(0.0141378 -0.00249879 0)
(0.0136664 -0.00114184 0)
(0.0125221 0.0021741 0)
(0.0104484 0.00823992 0)
(0.00731899 0.0170541 0)
(0.0035707 0.0253816 0)
(0.000398082 0.0213712 0)
(0.000464159 -0.0131855 0)
(0.00278428 -0.0208057 0)
(0.00502769 -0.0189969 0)
(0.00679744 -0.0139831 0)
(0.0079651 -0.00895573 0)
(0.00866483 -0.00515886 0)
(0.00907641 -0.00280732 0)
(0.00933149 -0.00166695 0)
(0.00950205 -0.00137381 0)
(0.00961775 -0.00158254 0)
(0.00968332 -0.00200651 0)
(0.00968504 -0.00238659 0)
(0.00958454 -0.00241126 0)
(0.00930302 -0.00161335 0)
(0.00869602 0.000703584 0)
(0.0076158 0.00535959 0)
(0.00594088 0.012986 0)
(0.0037246 0.022988 0)
(0.0014309 0.0309196 0)
(3.52761e-05 0.023719 0)
(0.000369326 -0.015937 0)
(0.00195326 -0.0246634 0)
(0.0031795 -0.0220982 0)
(0.0039278 -0.0159757 0)
(0.00426674 -0.0100907 0)
(0.00438479 -0.00578923 0)
(0.00442792 -0.00318629 0)
(0.00445956 -0.00192072 0)
(0.00448739 -0.00154137 0)
(0.00449904 -0.00166149 0)
(0.00448171 -0.00197717 0)
(0.00442307 -0.00220697 0)
(0.00429925 -0.00198982 0)
(0.00405909 -0.000781283 0)
(0.00360805 0.00217822 0)
(0.00287866 0.00766865 0)
(0.0018566 0.0161078 0)
(0.000707486 0.0263795 0)
(-0.00017081 0.0333562 0)
(-0.000183467 0.0240639 0)
(0.000260682 -0.0177832 0)
(0.000947801 -0.0265595 0)
(0.00098777 -0.0230083 0)
(0.00062213 -0.0160729 0)
(0.000119768 -0.00981694 0)
(-0.000322461 -0.0054689 0)
(-0.000637531 -0.00295711 0)
(-0.000846514 -0.00178066 0)
(-0.000989811 -0.00144216 0)
(-0.00110059 -0.00156122 0)
(-0.00119803 -0.00184976 0)
(-0.0012958 -0.00202103 0)
(-0.00141441 -0.0016791 0)
(-0.00158499 -0.000234641 0)
(-0.00183726 0.00307405 0)
(-0.00213421 0.00892188 0)
(-0.00235783 0.0174494 0)
(-0.00226985 0.0271658 0)
(-0.00163858 0.0329019 0)
(-0.000363083 0.022802 0)
(0.000117149 -0.0184187 0)
(-0.000404348 -0.02606 0)
(-0.00179545 -0.021401 0)
(-0.00335682 -0.0141531 0)
(-0.00469532 -0.0081589 0)
(-0.0056863 -0.00424908 0)
(-0.0063703 -0.00211405 0)
(-0.00683862 -0.00119451 0)
(-0.00716942 -0.00101429 0)
(-0.00741513 -0.00122863 0)
(-0.00760822 -0.00157229 0)
(-0.00776997 -0.00176083 0)
(-0.00791195 -0.00139886 0)
(-0.00802044 6.71063e-05 0)
(-0.00801335 0.00329299 0)
(-0.00772636 0.00879871 0)
(-0.00692757 0.0165363 0)
(-0.00539218 0.0249794 0)
(-0.00315782 0.0294873 0)
(-0.000566516 0.0199602 0)
(-0.000225186 -0.0172156 0)
(-0.00250974 -0.0223852 0)
(-0.0055371 -0.0169168 0)
(-0.00830591 -0.010152 0)
(-0.010375 -0.00511411 0)
(-0.0117658 -0.00211312 0)
(-0.0126589 -0.000659075 0)
(-0.0132323 -0.00019422 0)
(-0.0136171 -0.000301051 0)
(-0.0139079 -0.000690648 0)
(-0.014156 -0.00114175 0)
(-0.0143796 -0.00141593 0)
(-0.0145527 -0.00119057 0)
(-0.0145792 -3.74177e-05 0)
(-0.0142597 0.0025298 0)
(-0.0133281 0.00690076 0)
(-0.0114608 0.0129862 0)
(-0.00847506 0.0195415 0)
(-0.0046669 0.0229568 0)
(-0.000778353 0.0154882 0)
(-0.000882832 -0.0130478 0)
(-0.00553807 -0.0147054 0)
(-0.0101098 -0.00945321 0)
(-0.0135096 -0.00441569 0)
(-0.0155341 -0.00123671 0)
(-0.0165723 0.000305404 0)
(-0.0170553 0.00079411 0)
(-0.0172741 0.000702189 0)
(-0.0174129 0.000323877 0)
(-0.0175711 -0.000172111 0)
(-0.0177959 -0.000662358 0)
(-0.0180843 -0.00101475 0)
(-0.0183651 -0.00104931 0)
(-0.0184813 -0.000521042 0)
(-0.018156 0.000867435 0)
(-0.017001 0.0034051 0)
(-0.0146011 0.00709419 0)
(-0.0107431 0.0112294 0)
(-0.00585225 0.0136441 0)
(-0.000980139 0.00951411 0)
(-0.0020993 -0.00447408 0)
(-0.00736566 -0.00379593 0)
(-0.0110135 -0.00165488 0)
(-0.0128297 -0.000188605 0)
(-0.0133269 0.000476764 0)
(-0.0131658 0.000640619 0)
(-0.012777 0.000570872 0)
(-0.012405 0.000414134 0)
(-0.0121635 0.000233953 0)
(-0.012097 5.0138e-05 0)
(-0.0122156 -0.00012799 0)
(-0.0124965 -0.000286894 0)
(-0.0128803 -0.000401724 0)
(-0.0132439 -0.000426382 0)
(-0.0133742 -0.000282163 0)
(-0.0129548 0.000154044 0)
(-0.0115735 0.000977358 0)
(-0.00890904 0.00213048 0)
(-0.00517761 0.00312566 0)
(-0.00121902 0.00261597 0)
)
;

boundaryField
{
    leftWall
    {
        type            fixedValue;
        value           uniform (0 0 0);
    }
    rightWall
    {
        type            fixedValue;
        value           uniform (0 0 0);
    }
    topWall
    {
        type            fixedValue;
        value           uniform (0 0 0);
    }
    bottomWall
    {
        type            fixedValue;
        value           uniform (0 0 0);
    }
    frontAndBackPlanes
    {
        type            empty;
    }
}


// ************************************************************************* //
