/*--------------------------------*- C++ -*----------------------------------*\
| =========                 |                                                 |
| \\      /  F ield         | OpenFOAM: The Open Source CFD Toolbox           |
|  \\    /   O peration     | Version:  2506                                  |
|   \\  /    A nd           | Website:  www.openfoam.com                      |
|    \\/     M anipulation  |                                                 |
\*---------------------------------------------------------------------------*/
FoamFile
{
    version     2.0;
    format      ascii;
    arch        "LSB;label=32;scalar=64";
    class       surfaceScalarField;
    location    "52.2";
    object      phi;
}
// * * * * * * * * * * * * * * * * * * * * * * * * * * * * * * * * * * * * * //

dimensions      [1 0 -1 0 0 0 0];

oriented        oriented;

internalField   nonuniform List<scalar> 
370
(
2.43855e-05
-0.00010447
0.000220606
-0.000196175
0.000443631
-0.000222956
0.000657737
-0.000214022
0.000847178
-0.000189346
0.00101233
-0.000165053
0.00116288
-0.000150449
0.00131257
-0.000149578
0.00147622
-0.000163533
0.00166826
-0.000191922
0.00190164
-0.000233264
0.00218601
-0.000284237
0.00252333
-0.000337194
0.00289981
-0.000376337
0.00327165
-0.000371702
0.00354096
-0.000269167
0.0035083
3.27938e-05
0.00295136
0.000557084
0.00162906
0.00132242
0.00162914
0.000175665
-0.000280101
0.000542203
-0.000562618
0.000966921
-0.000647534
0.00137481
-0.000621747
0.00173702
-0.000551366
0.00205133
-0.00047918
0.00232927
-0.000428197
0.00258762
-0.000407733
0.00284324
-0.000418948
0.0031098
-0.000458287
0.00339515
-0.000518396
0.00369742
-0.000586284
0.00399901
-0.000638563
0.00425686
-0.000633949
0.0043895
-0.000504108
0.00426814
-0.000147589
0.00374152
0.000559638
0.00263386
0.00166497
0.00108551
0.00287096
0.00271476
0.000245993
-0.000526031
0.000704891
-0.00102134
0.00120801
-0.0011504
0.00167004
-0.00108347
0.00206239
-0.000943408
0.002387
-0.000803461
0.0026585
-0.000699376
0.00289417
-0.00064309
0.00310879
-0.000633235
0.00331204
-0.000661211
0.00350672
-0.000712745
0.0036858
-0.000765021
0.00382723
-0.000779637
0.00388646
-0.000692823
0.00378999
-0.000407298
0.00343943
0.000203308
0.00275282
0.00124657
0.00173307
0.00268502
0.000616002
0.0039883
0.00333089
0.000275371
-0.000801306
0.00075705
-0.00150275
0.00124877
-0.00164174
0.00166661
-0.00150088
0.00199243
-0.00126878
0.00223825
-0.00104883
0.00242487
-0.000885547
0.0025714
-0.000789186
0.00269166
-0.000753051
0.0027936
-0.000762715
0.00287937
-0.000798065
0.00294379
-0.000828972
0.00297038
-0.000805758
0.00292549
-0.000647458
0.00275469
-0.000236046
0.00239214
0.000566306
0.00180262
0.0018365
0.00103797
0.00345005
0.000312782
0.00471381
0.00364383
0.000273922
-0.0010751
0.000708523
-0.00193701
0.00110614
-0.00203888
0.0014008
-0.00179501
0.00159411
-0.00146153
0.0017116
-0.00116578
0.00177986
-0.000953272
0.00181832
-0.000827125
0.00183883
-0.000773036
0.0018477
-0.000771054
0.0018472
-0.000797013
0.0018348
-0.000816008
0.00180008
-0.000770458
0.00172058
-0.000567384
0.0015601
-7.4996e-05
0.00127813
0.000848811
0.000869897
0.00224523
0.000410339
0.00391007
6.80205e-05
0.00505649
0.00371202
0.000228911
-0.00130386
0.000527952
-0.00223564
0.000736801
-0.00224718
0.000830045
-0.00188764
0.00083725
-0.00146813
0.000795596
-0.00112353
0.000731661
-0.000888753
0.000660118
-0.000755002
0.000587876
-0.000700206
0.000517947
-0.000700522
0.00045076
-0.000729203
0.000383
-0.000747602
0.00030573
-0.000692522
0.000204757
-0.000465739
6.6609e-05
6.38116e-05
-9.84894e-05
0.00101454
-0.000251107
0.00239843
-0.000311758
0.00397123
-0.000203261
0.00494838
0.00350891
0.000112293
-0.00141598
0.000146483
-0.00226937
4.75027e-05
-0.00214759
-0.000139746
-0.00169975
-0.000360865
-0.00124637
-0.000580242
-0.000903543
-0.000782472
-0.000685915
-0.000964306
-0.000572555
-0.00112741
-0.000536478
-0.00127486
-0.000552427
-0.00141061
-0.000592798
-0.00153945
-0.000618083
-0.00166461
-0.000566669
-0.00178009
-0.000349552
-0.00185564
0.000140057
-0.00182536
0.000984924
-0.00161056
0.00218424
-0.00115397
0.00351516
-0.000504348
0.00429914
0.00300472
-0.000125633
-0.00129014
-0.000512949
-0.00188153
-0.00102554
-0.00163435
-0.00153764
-0.00118699
-0.00198822
-0.000795156
-0.00236484
-0.000526322
-0.0026774
-0.000372745
-0.00294252
-0.00030684
-0.00317611
-0.000302279
-0.00339088
-0.000337043
-0.00359478
-0.000388273
-0.00378746
-0.00042478
-0.00395284
-0.000400647
-0.00404849
-0.00025326
-0.00399734
8.95381e-05
-0.00369579
0.000683998
-0.00305025
0.00153926
-0.00203578
0.00250117
-0.000822162
0.00308588
0.0021827
-0.000495227
-0.000794672
-0.001401
-0.000975202
-0.00230033
-0.000734368
-0.00302646
-0.00046021
-0.00356322
-0.000257803
-0.00395131
-0.000137664
-0.00424215
-8.13664e-05
-0.00448027
-6.81878e-05
-0.00469891
-8.31209e-05
-0.0049198
-0.000115631
-0.005152
-0.000155567
-0.00538669
-0.000189578
-0.00558851
-0.000198316
-0.00568636
-0.000154912
-0.00557401
-2.23022e-05
-0.0051135
0.000223973
-0.00418449
0.000610717
-0.00276398
0.00108106
-0.00109458
0.00141678
0.00108824
-0.000794404
-0.00176902
-0.00250271
-0.00296228
-0.0032195
-0.00335664
-0.00343753
-0.00350527
-0.00358797
-0.00370319
-0.00385837
-0.00404756
-0.00424551
-0.00440006
-0.00442202
-0.00419771
-0.00358667
-0.00250533
-0.00108834
)
;

boundaryField
{
    leftWall
    {
        type            calculated;
        value           nonuniform List<scalar> 10(-2.11758e-22 0 0 0 0 0 0 2.1684e-19 0 0);
    }
    rightWall
    {
        type            calculated;
        value           uniform 0;
    }
    topWall
    {
        type            calculated;
        value           uniform 0;
    }
    bottomWall
    {
        type            calculated;
        value           uniform 0;
    }
    frontAndBackPlanes
    {
        type            empty;
    }
}


// ************************************************************************* //
