/*--------------------------------*- C++ -*----------------------------------*\
| =========                 |                                                 |
| \\      /  F ield         | OpenFOAM: The Open Source CFD Toolbox           |
|  \\    /   O peration     | Version:  2506                                  |
|   \\  /    A nd           | Website:  www.openfoam.com                      |
|    \\/     M anipulation  |                                                 |
\*---------------------------------------------------------------------------*/
FoamFile
{
    version     2.0;
    format      ascii;
    arch        "LSB;label=32;scalar=64";
    class       volVectorField;
    location    "52.2";
    object      U;
}
// * * * * * * * * * * * * * * * * * * * * * * * * * * * * * * * * * * * * * //

dimensions      [0 1 -1 0 0 0 0];

internalField   nonuniform List<vector> 
200
(
(-9.68272e-05 -0.000307782 0)
(0.00040836 -0.000478924 0)
(0.00133722 -0.000463818 0)
(0.00230924 -0.000405209 0)
(0.00315776 -0.000332411 0)
(0.00389137 -0.000274464 0)
(0.00453958 -0.000251945 0)
(0.0051533 -0.000273176 0)
(0.00579373 -0.000340719 0)
(0.00652352 -0.000456124 0)
(0.00740172 -0.000621151 0)
(0.00847869 -0.00083526 0)
(0.00978498 -0.00108819 0)
(0.0113081 -0.00134528 0)
(0.012946 -0.00152255 0)
(0.0144093 -0.00143997 0)
(0.0150641 -0.000731423 0)
(0.0139542 0.00120329 0)
(0.0100803 0.00451328 0)
(0.00305777 0.00645652 0)
(0.000169953 -0.00150872 0)
(0.00141154 -0.00295799 0)
(0.00311797 -0.00339405 0)
(0.00490226 -0.00327036 0)
(0.00652759 -0.0029118 0)
(0.00793539 -0.00255134 0)
(0.00915668 -0.0023207 0)
(0.0102582 -0.00227772 0)
(0.0113144 -0.00243607 0)
(0.0123922 -0.00278437 0)
(0.0135395 -0.00329115 0)
(0.0147736 -0.00389352 0)
(0.0160609 -0.00446688 0)
(0.0172842 -0.00477298 0)
(0.0181963 -0.00438644 0)
(0.0183692 -0.00260899 0)
(0.0171453 0.00156525 0)
(0.0137546 0.00893555 0)
(0.00811358 0.0179708 0)
(0.00141592 0.018715 0)
(0.000264186 -0.00330276 0)
(0.00191447 -0.00649735 0)
(0.00397741 -0.00742632 0)
(0.00604175 -0.00709813 0)
(0.00784391 -0.006273 0)
(0.00933435 -0.0054278 0)
(0.0105622 -0.00480993 0)
(0.0116035 -0.00451369 0)
(0.0125295 -0.00454343 0)
(0.0133937 -0.00485138 0)
(0.0142245 -0.0053475 0)
(0.0150169 -0.00587999 0)
(0.0157159 -0.00618607 0)
(0.0161901 -0.00581811 0)
(0.0161976 -0.00406674 0)
(0.0153545 5.83167e-05 0)
(0.0132224 0.0075631 0)
(0.009594 0.018489 0)
(0.00492705 0.0292672 0)
(0.000629887 0.0258037 0)
(0.000307813 -0.00553197 0)
(0.00211501 -0.0105648 0)
(0.00420253 -0.0117556 0)
(0.00614642 -0.010954 0)
(0.00771066 -0.00944112 0)
(0.00889185 -0.00795513 0)
(0.00977512 -0.00683979 0)
(0.0104531 -0.00619701 0)
(0.0109977 -0.00599896 0)
(0.011455 -0.00615109 0)
(0.011847 -0.00650781 0)
(0.0121697 -0.00684358 0)
(0.0123824 -0.00678441 0)
(0.0123865 -0.0057177 0)
(0.0120002 -0.00273197 0)
(0.0109267 0.00329528 0)
(0.00894107 0.0131365 0)
(0.00601474 0.0261068 0)
(0.00269292 0.0370025 0)
(0.000231261 0.0296311 0)
(0.000328743 -0.00788333 0)
(0.00205781 -0.0145291 0)
(0.00384015 -0.0156357 0)
(0.0053146 -0.0140835 0)
(0.00633183 -0.0117299 0)
(0.0069608 -0.00955392 0)
(0.00732653 -0.00794915 0)
(0.00753261 -0.00698364 0)
(0.00764523 -0.00657468 0)
(0.00770117 -0.0065787 0)
(0.00771789 -0.00680849 0)
(0.00769607 -0.00698922 0)
(0.00761153 -0.00666775 0)
(0.0073999 -0.0051078 0)
(0.00693988 -0.0012497 0)
(0.00602486 0.00608677 0)
(0.00456659 0.0174124 0)
(0.00266048 0.031344 0)
(0.000802303 0.0415643 0)
(-6.6456e-05 0.0312226 0)
(0.000309501 -0.0100686 0)
(0.0016462 -0.0177816 0)
(0.00272352 -0.0183762 0)
(0.00335411 -0.0158761 0)
(0.00354503 -0.0126841 0)
(0.00344778 -0.00993435 0)
(0.00320694 -0.00799182 0)
(0.00291188 -0.00684554 0)
(0.00260571 -0.00634544 0)
(0.00230678 -0.00630667 0)
(0.00202131 -0.00651447 0)
(0.00174306 -0.00665812 0)
(0.00144598 -0.00622251 0)
(0.00108141 -0.00438331 0)
(0.000585925 -4.56884e-07 0)
(-7.46403e-05 0.00806735 0)
(-0.000771967 0.0200067 0)
(-0.0012667 0.0338188 0)
(-0.00123634 0.0427478 0)
(-0.000344947 0.0307258 0)
(0.000214798 -0.0116176 0)
(0.000665584 -0.0194236 0)
(0.000501964 -0.0190752 0)
(-0.000139282 -0.0156301 0)
(-0.00102987 -0.0118436 0)
(-0.00197144 -0.00884168 0)
(-0.00286121 -0.00685588 0)
(-0.00366478 -0.0057612 0)
(-0.00438293 -0.00534478 0)
(-0.00502809 -0.00539312 0)
(-0.00561664 -0.00566919 0)
(-0.00617015 -0.00583028 0)
(-0.00671196 -0.00532869 0)
(-0.00724426 -0.00334933 0)
(-0.00770183 0.00111972 0)
(-0.00784478 0.008916 0)
(-0.00734835 0.020011 0)
(-0.00592501 0.0323725 0)
(-0.00359805 0.0397266 0)
(-0.000684103 0.0278196 0)
(-3.02659e-05 -0.0116922 0)
(-0.00117557 -0.0181203 0)
(-0.00316624 -0.0165677 0)
(-0.00538853 -0.0126361 0)
(-0.00743345 -0.0089035 0)
(-0.00916316 -0.00619812 0)
(-0.0105907 -0.0045571 0)
(-0.0117824 -0.00376614 0)
(-0.0128112 -0.00358717 0)
(-0.0137395 -0.00380643 0)
(-0.0146142 -0.00419389 0)
(-0.0154577 -0.00442995 0)
(-0.0162464 -0.00403841 0)
(-0.0168685 -0.00236661 0)
(-0.017061 0.00132953 0)
(-0.0163831 0.00763011 0)
(-0.0143961 0.0164908 0)
(-0.0108405 0.0262631 0)
(-0.00608812 0.0319437 0)
(-0.00105312 0.0222492 0)
(-0.000551517 -0.00917716 0)
(-0.00390346 -0.0126775 0)
(-0.00780787 -0.0103813 0)
(-0.0112906 -0.00699808 0)
(-0.0139374 -0.00426245 0)
(-0.0158343 -0.00252296 0)
(-0.0172106 -0.00163299 0)
(-0.0182818 -0.00135057 0)
(-0.0192136 -0.00147124 0)
(-0.0201223 -0.0018366 0)
(-0.0210761 -0.00229375 0)
(-0.0220821 -0.00264345 0)
(-0.0230575 -0.00260008 0)
(-0.0237902 -0.00178065 0)
(-0.0238951 0.000262659 0)
(-0.0227767 0.00395025 0)
(-0.0198594 0.00937774 0)
(-0.0148209 0.0156154 0)
(-0.00821068 0.019589 0)
(-0.00141526 0.014084 0)
(-0.00141659 -0.0030688 0)
(-0.00545561 -0.00335139 0)
(-0.00906706 -0.00216205 0)
(-0.0116065 -0.00104571 0)
(-0.0130769 -0.000345285 0)
(-0.0138471 6.59109e-07 0)
(-0.014257 0.000114428 0)
(-0.0145372 8.98985e-05 0)
(-0.0148342 -1.63631e-05 0)
(-0.0152415 -0.000173947 0)
(-0.0158132 -0.000362899 0)
(-0.0165573 -0.000557328 0)
(-0.0174155 -0.000711384 0)
(-0.0182296 -0.000748466 0)
(-0.0186985 -0.000548135 0)
(-0.0183706 7.31903e-05 0)
(-0.0166388 0.00130542 0)
(-0.0129965 0.00308859 0)
(-0.00769293 0.00469064 0)
(-0.00186543 0.00402368 0)
)
;

boundaryField
{
    leftWall
    {
        type            fixedValue;
        value           uniform (0 0 0);
    }
    rightWall
    {
        type            fixedValue;
        value           uniform (0 0 0);
    }
    topWall
    {
        type            fixedValue;
        value           uniform (0 0 0);
    }
    bottomWall
    {
        type            fixedValue;
        value           uniform (0 0 0);
    }
    frontAndBackPlanes
    {
        type            empty;
    }
}


// ************************************************************************* //
