/*--------------------------------*- C++ -*----------------------------------*\
| =========                 |                                                 |
| \\      /  F ield         | OpenFOAM: The Open Source CFD Toolbox           |
|  \\    /   O peration     | Version:  2506                                  |
|   \\  /    A nd           | Website:  www.openfoam.com                      |
|    \\/     M anipulation  |                                                 |
\*---------------------------------------------------------------------------*/
FoamFile
{
    version     2.0;
    format      ascii;
    arch        "LSB;label=32;scalar=64";
    class       volVectorField;
    location    "29.8";
    object      U;
}
// * * * * * * * * * * * * * * * * * * * * * * * * * * * * * * * * * * * * * //

dimensions      [0 1 -1 0 0 0 0];

internalField   nonuniform List<vector> 
200
(
(-0.000245589 -8.97923e-05 0)
(-0.000107756 -0.000231878 0)
(0.000613291 -0.000358183 0)
(0.00168669 -0.000499569 0)
(0.00294234 -0.000595474 0)
(0.00430984 -0.000633589 0)
(0.00569564 -0.000629869 0)
(0.00703204 -0.000607533 0)
(0.00828807 -0.000590513 0)
(0.00946567 -0.00059989 0)
(0.0105908 -0.000651597 0)
(0.0117021 -0.000754602 0)
(0.0128346 -0.000907206 0)
(0.0139964 -0.00108672 0)
(0.0151239 -0.00122543 0)
(0.0159887 -0.00115487 0)
(0.016084 -0.0005054 0)
(0.0145267 0.00132252 0)
(0.0103387 0.00455459 0)
(0.00309688 0.00651544 0)
(4.40153e-05 -0.000652067 0)
(0.00084951 -0.00202076 0)
(0.0024452 -0.00327282 0)
(0.00460339 -0.00424757 0)
(0.00707863 -0.00482967 0)
(0.00966076 -0.00503371 0)
(0.0121838 -0.00494587 0)
(0.0145353 -0.00468131 0)
(0.0166543 -0.00435276 0)
(0.0185189 -0.00404931 0)
(0.0201269 -0.00382231 0)
(0.0214727 -0.00367308 0)
(0.0225208 -0.00353441 0)
(0.0231746 -0.00323422 0)
(0.023237 -0.00242659 0)
(0.0223615 -0.000482498 0)
(0.0199914 0.00355459 0)
(0.0155077 0.0105159 0)
(0.00894806 0.0190951 0)
(0.00154125 0.0193966 0)
(0.000139276 -0.00180121 0)
(0.00146302 -0.00512717 0)
(0.00368536 -0.00783848 0)
(0.0064789 -0.00968161 0)
(0.00948008 -0.010604 0)
(0.0124202 -0.0107222 0)
(0.0151235 -0.01025 0)
(0.0174931 -0.00942464 0)
(0.0194928 -0.00845093 0)
(0.0211208 -0.0074674 0)
(0.022383 -0.00652586 0)
(0.0232648 -0.00557455 0)
(0.0237052 -0.0044345 0)
(0.0235721 -0.00276016 0)
(0.0226273 2.16164e-05 0)
(0.0205558 0.00470876 0)
(0.0170632 0.012144 0)
(0.0120439 0.0224984 0)
(0.00611168 0.0324377 0)
(0.000802583 0.027667 0)
(0.000192798 -0.00352097 0)
(0.0018449 -0.0092541 0)
(0.00439924 -0.0134085 0)
(0.00739328 -0.0158538 0)
(0.0103761 -0.016712 0)
(0.0130605 -0.0163112 0)
(0.015303 -0.0150719 0)
(0.0170675 -0.0133939 0)
(0.0183865 -0.0115815 0)
(0.0193206 -0.00980753 0)
(0.0199235 -0.00809705 0)
(0.0202115 -0.00631519 0)
(0.0201411 -0.0041495 0)
(0.0195926 -0.00109083 0)
(0.0183209 0.00355848 0)
(0.0161359 0.0105644 0)
(0.0128571 0.0205491 0)
(0.00855501 0.0329205 0)
(0.00392629 0.042636 0)
(0.000404189 0.0328848 0)
(0.000239931 -0.0055601 0)
(0.00200014 -0.0137945 0)
(0.00448158 -0.0191204 0)
(0.00714444 -0.0216967 0)
(0.00952132 -0.0219657 0)
(0.0113673 -0.0205866 0)
(0.0126224 -0.0182652 0)
(0.0133524 -0.0155939 0)
(0.0136868 -0.0129693 0)
(0.013765 -0.010569 0)
(0.0136953 -0.00835401 0)
(0.0135271 -0.00606925 0)
(0.0132319 -0.00324247 0)
(0.0126679 0.000798375 0)
(0.0116659 0.00680808 0)
(0.010049 0.0155139 0)
(0.00770574 0.027243 0)
(0.00476521 0.0406838 0)
(0.00183788 0.0495117 0)
(7.61107e-05 0.0357469 0)
(0.000253123 -0.00762801 0)
(0.00173519 -0.0179694 0)
(0.00353041 -0.0238678 0)
(0.00514953 -0.0259616 0)
(0.00622964 -0.0251374 0)
(0.00665059 -0.0224738 0)
(0.00648866 -0.0190011 0)
(0.00593231 -0.0154939 0)
(0.00520079 -0.012398 0)
(0.00448184 -0.00983834 0)
(0.00389449 -0.00765305 0)
(0.00347503 -0.0054208 0)
(0.00317916 -0.00248704 0)
(0.00287297 0.00197164 0)
(0.00242871 0.00876844 0)
(0.0017448 0.0185161 0)
(0.00083088 0.031204 0)
(-0.000112154 0.0448944 0)
(-0.000670801 0.0524366 0)
(-0.000282759 0.0361521 0)
(0.000181242 -0.00912821 0)
(0.000750554 -0.020458 0)
(0.00101336 -0.0260302 0)
(0.000728533 -0.0270498 0)
(-0.000197901 -0.0248692 0)
(-0.00165995 -0.0209815 0)
(-0.00341632 -0.0167173 0)
(-0.00521373 -0.0129407 0)
(-0.00683802 -0.0100238 0)
(-0.00815338 -0.00792939 0)
(-0.00910858 -0.00631001 0)
(-0.00971661 -0.00457999 0)
(-0.0100209 -0.00197207 0)
(-0.0100538 0.00236735 0)
(-0.00980633 0.00918335 0)
(-0.00920786 0.0188939 0)
(-0.00809856 0.0311731 0)
(-0.00627796 0.0437887 0)
(-0.00375208 0.0499162 0)
(-0.000724266 0.0335235 0)
(-5.94811e-05 -0.00908292 0)
(-0.0012116 -0.0194311 0)
(-0.00337608 -0.0236214 0)
(-0.00628288 -0.0232783 0)
(-0.00955292 -0.0201205 0)
(-0.0128422 -0.0158334 0)
(-0.0158814 -0.0117273 0)
(-0.0185062 -0.00852711 0)
(-0.020653 -0.00641754 0)
(-0.0223317 -0.00519581 0)
(-0.0235818 -0.00441424 0)
(-0.0244267 -0.00347076 0)
(-0.0248302 -0.00166492 0)
(-0.0246394 0.00173449 0)
(-0.0236315 0.00735363 0)
(-0.0215336 0.0154916 0)
(-0.0180581 0.02575 0)
(-0.0131003 0.036118 0)
(-0.00716172 0.0409435 0)
(-0.00122559 0.0273156 0)
(-0.00045173 -0.00656699 0)
(-0.00368559 -0.0135205 0)
(-0.00845711 -0.0157319 0)
(-0.0137752 -0.0146169 0)
(-0.0187824 -0.0116765 0)
(-0.0230232 -0.00828587 0)
(-0.0263656 -0.00539626 0)
(-0.0288952 -0.00344122 0)
(-0.0308062 -0.00243913 0)
(-0.032302 -0.00215217 0)
(-0.0335208 -0.00221071 0)
(-0.0344859 -0.00218134 0)
(-0.0350769 -0.00159372 0)
(-0.0350081 4.81909e-05 0)
(-0.0338149 0.00323498 0)
(-0.0309902 0.00825799 0)
(-0.0260353 0.0148996 0)
(-0.0188129 0.0218615 0)
(-0.0101477 0.0255187 0)
(-0.00171684 0.0175113 0)
(-0.000734892 -0.00177886 0)
(-0.0040506 -0.00332847 0)
(-0.00875512 -0.00359091 0)
(-0.0135456 -0.00302165 0)
(-0.0175156 -0.00207313 0)
(-0.0203491 -0.00112794 0)
(-0.0221364 -0.00041932 0)
(-0.0231709 -2.67707e-05 0)
(-0.023791 7.27001e-05 0)
(-0.024282 -4.82932e-05 0)
(-0.0248271 -0.000299124 0)
(-0.0254879 -0.000583244 0)
(-0.0261885 -0.000795394 0)
(-0.0266917 -0.000804861 0)
(-0.0265987 -0.000425316 0)
(-0.0253321 0.00055909 0)
(-0.0222206 0.0022517 0)
(-0.0168333 0.0044526 0)
(-0.00968798 0.00620128 0)
(-0.00230147 0.00502177 0)
)
;

boundaryField
{
    leftWall
    {
        type            fixedValue;
        value           uniform (0 0 0);
    }
    rightWall
    {
        type            fixedValue;
        value           uniform (0 0 0);
    }
    topWall
    {
        type            fixedValue;
        value           uniform (0 0 0);
    }
    bottomWall
    {
        type            fixedValue;
        value           uniform (0 0 0);
    }
    frontAndBackPlanes
    {
        type            empty;
    }
}


// ************************************************************************* //
