/*--------------------------------*- C++ -*----------------------------------*\
| =========                 |                                                 |
| \\      /  F ield         | OpenFOAM: The Open Source CFD Toolbox           |
|  \\    /   O peration     | Version:  2506                                  |
|   \\  /    A nd           | Website:  www.openfoam.com                      |
|    \\/     M anipulation  |                                                 |
\*---------------------------------------------------------------------------*/
FoamFile
{
    version     2.0;
    format      ascii;
    arch        "LSB;label=32;scalar=64";
    class       volVectorField;
    location    "22.6";
    object      U;
}
// * * * * * * * * * * * * * * * * * * * * * * * * * * * * * * * * * * * * * //

dimensions      [0 1 -1 0 0 0 0];

internalField   nonuniform List<vector> 
200
(
(-0.000252097 -8.44521e-05 0)
(-0.000207851 -0.000189319 0)
(0.000331245 -0.000287755 0)
(0.00119119 -0.000427057 0)
(0.00227509 -0.000551696 0)
(0.00356086 -0.000641892 0)
(0.00498088 -0.000697644 0)
(0.0064662 -0.000725343 0)
(0.00795957 -0.000736566 0)
(0.00942059 -0.000746808 0)
(0.0108277 -0.000772912 0)
(0.012176 -0.000829552 0)
(0.0134687 -0.000923942 0)
(0.014696 -0.0010446 0)
(0.0157917 -0.00113575 0)
(0.0165384 -0.00103765 0)
(0.0164725 -0.000381752 0)
(0.0147502 0.00142133 0)
(0.0104296 0.00461073 0)
(0.00310779 0.00653753 0)
(1.05795e-05 -0.000445254 0)
(0.000522151 -0.0014629 0)
(0.0016699 -0.00252559 0)
(0.00335055 -0.00352944 0)
(0.00545527 -0.00434951 0)
(0.00786598 -0.00493268 0)
(0.0104535 -0.00526719 0)
(0.0130892 -0.00537201 0)
(0.0156558 -0.00528898 0)
(0.0180531 -0.00507191 0)
(0.0201969 -0.00477134 0)
(0.0220098 -0.00441441 0)
(0.0234026 -0.00397744 0)
(0.0242484 -0.00334214 0)
(0.0243444 -0.00221986 0)
(0.0233623 -3.09564e-05 0)
(0.0207714 0.00413206 0)
(0.0160083 0.0110713 0)
(0.00918029 0.0195064 0)
(0.00157276 0.0195916 0)
(8.02895e-05 -0.00114989 0)
(0.000917934 -0.00357506 0)
(0.00245581 -0.00590232 0)
(0.00457679 -0.00792029 0)
(0.00711597 -0.00948772 0)
(0.00991604 -0.0105287 0)
(0.0128197 -0.0110248 0)
(0.0156733 -0.0110084 0)
(0.0183379 -0.0105495 0)
(0.0206951 -0.00973361 0)
(0.0226456 -0.00862913 0)
(0.0240955 -0.00724882 0)
(0.0249345 -0.00550472 0)
(0.0250101 -0.0031527 0)
(0.0240866 0.000280559 0)
(0.0218689 0.0055003 0)
(0.0180996 0.0132579 0)
(0.0127273 0.0236688 0)
(0.00643932 0.0334039 0)
(0.000847479 0.0281683 0)
(0.000102044 -0.00219019 0)
(0.00107782 -0.00626733 0)
(0.00275386 -0.00987579 0)
(0.0049724 -0.0128421 0)
(0.00753811 -0.0150277 0)
(0.0102734 -0.0163482 0)
(0.013005 -0.0167881 0)
(0.0155695 -0.0164056 0)
(0.0178285 -0.0153185 0)
(0.0196802 -0.0136651 0)
(0.0210553 -0.0115487 0)
(0.0218992 -0.00897501 0)
(0.0221446 -0.00579406 0)
(0.0216811 -0.00165099 0)
(0.0202895 0.00402757 0)
(0.0178206 0.0118743 0)
(0.0141447 0.0223847 0)
(0.00938952 0.0348883 0)
(0.00432399 0.0443252 0)
(0.000458062 0.0337856 0)
(0.00011233 -0.00331031 0)
(0.00104699 -0.00900878 0)
(0.00257114 -0.0137765 0)
(0.00452117 -0.0175243 0)
(0.00670699 -0.0201339 0)
(0.00895393 -0.0215178 0)
(0.0110895 -0.0216705 0)
(0.0129575 -0.0206981 0)
(0.0144449 -0.0188025 0)
(0.0154973 -0.0162157 0)
(0.0161111 -0.0131042 0)
(0.0163059 -0.00947721 0)
(0.0160859 -0.00511456 0)
(0.015374 0.000459201 0)
(0.0140307 0.00785972 0)
(0.0119629 0.0176525 0)
(0.00911151 0.0300325 0)
(0.00565575 0.0436115 0)
(0.00225729 0.0520446 0)
(0.000131995 0.0371026 0)
(9.46183e-05 -0.00428819 0)
(0.000736518 -0.0112672 0)
(0.001716 -0.0168706 0)
(0.00291407 -0.0211213 0)
(0.00419477 -0.0239155 0)
(0.00541908 -0.0251489 0)
(0.00644303 -0.0248275 0)
(0.00714843 -0.0231352 0)
(0.0074814 -0.0204065 0)
(0.00746686 -0.0170097 0)
(0.00718775 -0.013194 0)
(0.00674113 -0.00895871 0)
(0.00618932 -0.00397924 0)
(0.00547282 0.00236968 0)
(0.00455953 0.0107636 0)
(0.0033975 0.0216871 0)
(0.00201588 0.0350267 0)
(0.000617068 0.0487819 0)
(-0.000351913 0.0558146 0)
(-0.000250236 0.0379278 0)
(2.45214e-05 -0.00475673 0)
(1.83437e-05 -0.0122302 0)
(-6.03966e-05 -0.0180928 0)
(-0.000231595 -0.0224347 0)
(-0.000523722 -0.0251216 0)
(-0.000993982 -0.0260039 0)
(-0.00170627 -0.0251054 0)
(-0.0026858 -0.0227256 0)
(-0.00388275 -0.0193751 0)
(-0.00517674 -0.0155702 0)
(-0.00641719 -0.0116076 0)
(-0.00747218 -0.00741752 0)
(-0.00825717 -0.00253984 0)
(-0.00875308 0.00374647 0)
(-0.00886124 0.0121088 0)
(-0.00853099 0.0229141 0)
(-0.00763177 0.0357799 0)
(-0.00600071 0.0484084 0)
(-0.00364237 0.0538622 0)
(-0.000721206 0.0355704 0)
(-0.000113883 -0.00422828 0)
(-0.00110236 -0.0109079 0)
(-0.00272679 -0.0161674 0)
(-0.00485936 -0.0200078 0)
(-0.00735712 -0.0222119 0)
(-0.0101206 -0.0225941 0)
(-0.0130497 -0.0212307 0)
(-0.0160143 -0.0185484 0)
(-0.0188534 -0.0151855 0)
(-0.0213983 -0.011711 0)
(-0.0235014 -0.0083834 0)
(-0.0250461 -0.00505315 0)
(-0.0259236 -0.00121654 0)
(-0.0259492 0.00381155 0)
(-0.0249158 0.0106617 0)
(-0.0226283 0.0196568 0)
(-0.0188702 0.0303734 0)
(-0.0136093 0.0407199 0)
(-0.00740483 0.0448525 0)
(-0.00126863 0.0293238 0)
(-0.000232874 -0.00250405 0)
(-0.00203257 -0.00686906 0)
(-0.00508348 -0.010508 0)
(-0.00911909 -0.0131882 0)
(-0.013789 -0.0146193 0)
(-0.0187431 -0.0146163 0)
(-0.0236299 -0.0132878 0)
(-0.028137 -0.0110744 0)
(-0.0320411 -0.00857053 0)
(-0.0352263 -0.00625742 0)
(-0.037657 -0.00431951 0)
(-0.0393118 -0.00260857 0)
(-0.0401027 -0.000715386 0)
(-0.0397768 0.00191828 0)
(-0.0380078 0.00586431 0)
(-0.034385 0.0114452 0)
(-0.0285086 0.0184111 0)
(-0.0203475 0.0253728 0)
(-0.010849 0.0285198 0)
(-0.00181452 0.0190685 0)
(-0.000143465 -0.000433655 0)
(-0.00144514 -0.00135696 0)
(-0.00405408 -0.00219866 0)
(-0.00771328 -0.00283852 0)
(-0.0120441 -0.0031583 0)
(-0.0165866 -0.00308223 0)
(-0.0208659 -0.0026463 0)
(-0.024512 -0.00200753 0)
(-0.0273549 -0.00137012 0)
(-0.0294256 -0.000892069 0)
(-0.0308744 -0.000633184 0)
(-0.0318572 -0.000552486 0)
(-0.032434 -0.000527979 0)
(-0.032494 -0.000369316 0)
(-0.0317127 0.000179796 0)
(-0.0295515 0.00134131 0)
(-0.0253883 0.00319348 0)
(-0.0188775 0.00547861 0)
(-0.0106856 0.00714049 0)
(-0.00251545 0.00554765 0)
)
;

boundaryField
{
    leftWall
    {
        type            fixedValue;
        value           uniform (0 0 0);
    }
    rightWall
    {
        type            fixedValue;
        value           uniform (0 0 0);
    }
    topWall
    {
        type            fixedValue;
        value           uniform (0 0 0);
    }
    bottomWall
    {
        type            fixedValue;
        value           uniform (0 0 0);
    }
    frontAndBackPlanes
    {
        type            empty;
    }
}


// ************************************************************************* //
