/*--------------------------------*- C++ -*----------------------------------*\
| =========                 |                                                 |
| \\      /  F ield         | OpenFOAM: The Open Source CFD Toolbox           |
|  \\    /   O peration     | Version:  2506                                  |
|   \\  /    A nd           | Website:  www.openfoam.com                      |
|    \\/     M anipulation  |                                                 |
\*---------------------------------------------------------------------------*/
FoamFile
{
    version     2.0;
    format      ascii;
    arch        "LSB;label=32;scalar=64";
    class       volVectorField;
    location    "33.8";
    object      U;
}
// * * * * * * * * * * * * * * * * * * * * * * * * * * * * * * * * * * * * * //

dimensions      [0 1 -1 0 0 0 0];

internalField   nonuniform List<vector> 
200
(
(-0.000231195 -0.000109918 0)
(-3.77886e-05 -0.00026251 0)
(0.000738033 -0.000378277 0)
(0.00182416 -0.000490654 0)
(0.00303146 -0.000550812 0)
(0.00428859 -0.000559018 0)
(0.0055192 -0.000539722 0)
(0.00668214 -0.000518922 0)
(0.00777428 -0.000518671 0)
(0.00882105 -0.00055564 0)
(0.00986473 -0.000640652 0)
(0.0109522 -0.000777792 0)
(0.0121193 -0.00096073 0)
(0.0133677 -0.00116213 0)
(0.0146222 -0.00130993 0)
(0.0156378 -0.00123385 0)
(0.0158736 -0.000567889 0)
(0.0144254 0.0012898 0)
(0.0103054 0.00455022 0)
(0.0030963 0.00651768 0)
(6.42541e-05 -0.000775986 0)
(0.00097713 -0.0022208 0)
(0.00266447 -0.00339659 0)
(0.0048351 -0.00418492 0)
(0.00720761 -0.00454282 0)
(0.00957802 -0.00455546 0)
(0.0118156 -0.00435569 0)
(0.0138547 -0.00407558 0)
(0.0156799 -0.00382127 0)
(0.0173061 -0.00366153 0)
(0.0187563 -0.00362195 0)
(0.0200382 -0.00367737 0)
(0.0211191 -0.00373492 0)
(0.0218949 -0.00359824 0)
(0.0221519 -0.00290053 0)
(0.0215175 -0.000999015 0)
(0.0194067 0.00308057 0)
(0.0151643 0.0101581 0)
(0.00879652 0.0188771 0)
(0.00152118 0.0192993 0)
(0.00016721 -0.00209037 0)
(0.00163002 -0.00557112 0)
(0.00394689 -0.00807721 0)
(0.00670984 -0.00948728 0)
(0.00952438 -0.00992284 0)
(0.0121501 -0.00965011 0)
(0.0144706 -0.00896775 0)
(0.0164526 -0.00813267 0)
(0.0181112 -0.00732555 0)
(0.0194795 -0.00663955 0)
(0.0205829 -0.00607593 0)
(0.0214139 -0.00553478 0)
(0.0219096 -0.00479301 0)
(0.0219283 -0.00346458 0)
(0.021225 -0.000942258 0)
(0.0194427 0.0036256 0)
(0.0162641 0.011099 0)
(0.0115514 0.0216259 0)
(0.00588395 0.031812 0)
(0.0007714 0.0273518 0)
(0.000229298 -0.00401616 0)
(0.00203471 -0.0099531 0)
(0.00464739 -0.0136778 0)
(0.00752028 -0.0153444 0)
(0.0101943 -0.0154018 0)
(0.0124473 -0.0144221 0)
(0.0142265 -0.012933 0)
(0.0155734 -0.0113297 0)
(0.0165696 -0.0098508 0)
(0.0172972 -0.00858456 0)
(0.0178122 -0.00747648 0)
(0.0181225 -0.0063253 0)
(0.0181712 -0.00476414 0)
(0.0178235 -0.00223467 0)
(0.0168288 0.00202443 0)
(0.0149582 0.00883883 0)
(0.0120091 0.0188499 0)
(0.00802712 0.0314383 0)
(0.00368025 0.0415054 0)
(0.000371399 0.0322994 0)
(0.000282766 -0.00628165 0)
(0.00218589 -0.0146943 0)
(0.00465398 -0.0192462 0)
(0.00708177 -0.0206148 0)
(0.00903382 -0.0197681 0)
(0.0103752 -0.0177024 0)
(0.011164 -0.0152143 0)
(0.0115443 -0.0128239 0)
(0.0116744 -0.0107905 0)
(0.0116857 -0.00915514 0)
(0.0116591 -0.00777103 0)
(0.0116128 -0.00630958 0)
(0.0114949 -0.00424857 0)
(0.0111797 -0.000870751 0)
(0.0104294 0.00467592 0)
(0.00907922 0.0131619 0)
(0.00700157 0.0249274 0)
(0.00431905 0.0386256 0)
(0.00162822 0.0478923 0)
(4.94504e-05 0.0349057 0)
(0.000298391 -0.00857001 0)
(0.00189231 -0.0189626 0)
(0.00359776 -0.0236477 0)
(0.00490723 -0.024093 0)
(0.00553829 -0.0219263 0)
(0.00551777 -0.0186272 0)
(0.0050446 -0.0152356 0)
(0.00435402 -0.0123349 0)
(0.00364646 -0.0101354 0)
(0.00305556 -0.00857096 0)
(0.00264154 -0.00736144 0)
(0.00239671 -0.00603105 0)
(0.00225439 -0.00390498 0)
(0.00210043 -0.000129858 0)
(0.0017731 0.00619793 0)
(0.00120797 0.015729 0)
(0.000407551 0.0284609 0)
(-0.000393445 0.0424316 0)
(-0.000794148 0.0504414 0)
(-0.000294523 0.0351242 0)
(0.000224428 -0.0102677 0)
(0.000861967 -0.0214402 0)
(0.000997649 -0.0253595 0)
(0.000448526 -0.0244092 0)
(-0.000755629 -0.0208573 0)
(-0.00236522 -0.0166054 0)
(-0.00408562 -0.0128145 0)
(-0.00569399 -0.00998789 0)
(-0.00705165 -0.00816988 0)
(-0.00810332 -0.00712262 0)
(-0.00885479 -0.00642282 0)
(-0.00934494 -0.00548969 0)
(-0.00962096 -0.00358529 0)
(-0.00971445 0.000152782 0)
(-0.00957813 0.00655114 0)
(-0.00908635 0.016046 0)
(-0.00806065 0.0283236 0)
(-0.00627749 0.0411611 0)
(-0.00375147 0.0477616 0)
(-0.00072015 0.0324144 0)
(-2.92732e-05 -0.0103628 0)
(-0.00118805 -0.0203355 0)
(-0.00344124 -0.0226157 0)
(-0.00637252 -0.0203192 0)
(-0.009495 -0.016101 0)
(-0.0124501 -0.0118264 0)
(-0.0150377 -0.00847387 0)
(-0.0171923 -0.00632554 0)
(-0.018937 -0.00524525 0)
(-0.0203356 -0.0048851 0)
(-0.0214499 -0.0047845 0)
(-0.0223039 -0.00439328 0)
(-0.0228504 -0.00306967 0)
(-0.0229317 -0.000105902 0)
(-0.0222423 0.00515845 0)
(-0.0205038 0.0130651 0)
(-0.0173665 0.0232488 0)
(-0.0126952 0.033737 0)
(-0.0069776 0.0389601 0)
(-0.00119678 0.0262931 0)
(-0.000495289 -0.0077821 0)
(-0.00394564 -0.0142624 0)
(-0.00872296 -0.014778 0)
(-0.0136743 -0.0121755 0)
(-0.0179794 -0.00863623 0)
(-0.0213672 -0.00550412 0)
(-0.0239027 -0.00335297 0)
(-0.0257993 -0.002238 0)
(-0.0272977 -0.00195062 0)
(-0.028592 -0.00218091 0)
(-0.0297883 -0.00258576 0)
(-0.0308799 -0.00279748 0)
(-0.0317279 -0.00241097 0)
(-0.0320403 -0.00098062 0)
(-0.0313342 0.0019559 0)
(-0.0290512 0.00676017 0)
(-0.024657 0.0132694 0)
(-0.0179686 0.0202399 0)
(-0.00976016 0.0241313 0)
(-0.00166064 0.0167843 0)
(-0.00100126 -0.00229681 0)
(-0.00480795 -0.00364329 0)
(-0.00948478 -0.00331857 0)
(-0.0136721 -0.00231237 0)
(-0.0166898 -0.00125645 0)
(-0.0185568 -0.000456962 0)
(-0.0195877 3.46786e-06 0)
(-0.0201496 0.000160513 0)
(-0.0205522 9.16057e-05 0)
(-0.0210115 -0.000122061 0)
(-0.0216444 -0.000406662 0)
(-0.0224645 -0.000691286 0)
(-0.0233724 -0.000895797 0)
(-0.0241331 -0.000914947 0)
(-0.0243501 -0.000591864 0)
(-0.0234708 0.00030671 0)
(-0.020818 0.00191195 0)
(-0.0159259 0.00405584 0)
(-0.00924469 0.00582155 0)
(-0.00220924 0.00480169 0)
)
;

boundaryField
{
    leftWall
    {
        type            fixedValue;
        value           uniform (0 0 0);
    }
    rightWall
    {
        type            fixedValue;
        value           uniform (0 0 0);
    }
    topWall
    {
        type            fixedValue;
        value           uniform (0 0 0);
    }
    bottomWall
    {
        type            fixedValue;
        value           uniform (0 0 0);
    }
    frontAndBackPlanes
    {
        type            empty;
    }
}


// ************************************************************************* //
