/*--------------------------------*- C++ -*----------------------------------*\
| =========                 |                                                 |
| \\      /  F ield         | OpenFOAM: The Open Source CFD Toolbox           |
|  \\    /   O peration     | Version:  2506                                  |
|   \\  /    A nd           | Website:  www.openfoam.com                      |
|    \\/     M anipulation  |                                                 |
\*---------------------------------------------------------------------------*/
FoamFile
{
    version     2.0;
    format      ascii;
    arch        "LSB;label=32;scalar=64";
    class       volVectorField;
    location    "105.2";
    object      U;
}
// * * * * * * * * * * * * * * * * * * * * * * * * * * * * * * * * * * * * * //

dimensions      [0 1 -1 0 0 0 0];

internalField   nonuniform List<vector> 
200
(
(0.000381925 -0.0010478 0)
(0.00208677 -0.00135521 0)
(0.00396237 -0.00101613 0)
(0.00549512 -0.000571932 0)
(0.00647541 -0.000226417 0)
(0.0070177 -2.75642e-05 0)
(0.00729833 3.88832e-05 0)
(0.00747829 7.3788e-06 0)
(0.0076807 -8.91815e-05 0)
(0.00799153 -0.000228856 0)
(0.00846831 -0.000402171 0)
(0.0091489 -0.000607935 0)
(0.0100539 -0.000843538 0)
(0.011174 -0.00108758 0)
(0.0124265 -0.00126942 0)
(0.0135572 -0.00121516 0)
(0.0139929 -0.000563973 0)
(0.0128345 0.00122422 0)
(0.00917409 0.00423144 0)
(0.00276176 0.00586067 0)
(0.00047228 -0.00424484 0)
(0.00306796 -0.0066889 0)
(0.00595334 -0.00610179 0)
(0.00847789 -0.00447332 0)
(0.0103281 -0.00284257 0)
(0.0115536 -0.0016483 0)
(0.0123391 -0.000987176 0)
(0.0128794 -0.000794017 0)
(0.0133314 -0.000951186 0)
(0.0138025 -0.00134528 0)
(0.0143533 -0.00188612 0)
(0.015002 -0.00249681 0)
(0.0157191 -0.00307708 0)
(0.0164063 -0.00343827 0)
(0.0168573 -0.00320892 0)
(0.0167048 -0.00172902 0)
(0.0153553 0.00196064 0)
(0.0121535 0.00856064 0)
(0.00706297 0.0165638 0)
(0.00120304 0.0168225 0)
(0.000472008 -0.00766545 0)
(0.00304357 -0.0124827 0)
(0.00582574 -0.0117937 0)
(0.0082605 -0.00905615 0)
(0.01007 -0.00615941 0)
(0.0113024 -0.00391902 0)
(0.0121193 -0.00254039 0)
(0.0126808 -0.00193502 0)
(0.0131071 -0.00190869 0)
(0.0134731 -0.00225817 0)
(0.0138131 -0.00280387 0)
(0.0141238 -0.00337399 0)
(0.0143582 -0.00374751 0)
(0.0144081 -0.00356206 0)
(0.0140774 -0.00220788 0)
(0.0130462 0.00121875 0)
(0.0110063 0.00762002 0)
(0.00780488 0.017073 0)
(0.00387018 0.0262869 0)
(0.000448301 0.022669 0)
(0.000431051 -0.0108828 0)
(0.00265754 -0.0176871 0)
(0.00489776 -0.0166994 0)
(0.00673887 -0.0128665 0)
(0.00802185 -0.00883822 0)
(0.00884602 -0.005716 0)
(0.0093684 -0.00374628 0)
(0.00971287 -0.00278148 0)
(0.00995354 -0.00254456 0)
(0.0101259 -0.00275767 0)
(0.0102406 -0.00317875 0)
(0.0102884 -0.00357207 0)
(0.0102338 -0.0036291 0)
(0.00999689 -0.00286077 0)
(0.00943434 -0.000511877 0)
(0.00834448 0.00436977 0)
(0.00660145 0.0125038 0)
(0.00422853 0.0233537 0)
(0.00170257 0.0323065 0)
(7.43235e-05 0.0253292 0)
(0.000371307 -0.0136047 0)
(0.00205859 -0.0216921 0)
(0.00349369 -0.020108 0)
(0.00447974 -0.0152269 0)
(0.00502551 -0.0103108 0)
(0.00529044 -0.00660306 0)
(0.00541726 -0.00429336 0)
(0.00548277 -0.00313152 0)
(0.00551204 -0.0027597 0)
(0.00550679 -0.00285536 0)
(0.00546356 -0.00315367 0)
(0.00537592 -0.00339184 0)
(0.00522312 -0.0032057 0)
(0.00495238 -0.00201473 0)
(0.00445746 0.00102667 0)
(0.00365111 0.00683045 0)
(0.00250057 0.0159145 0)
(0.00115545 0.0271846 0)
(2.86667e-05 0.0352318 0)
(-0.000171755 0.0259362 0)
(0.000285466 -0.0156329 0)
(0.00120935 -0.024085 0)
(0.00158402 -0.0216132 0)
(0.00152279 -0.0158471 0)
(0.00123019 -0.0104085 0)
(0.000895426 -0.00649207 0)
(0.000608871 -0.0041358 0)
(0.00038131 -0.00297125 0)
(0.000191563 -0.00258756 0)
(1.91636e-05 -0.00265613 0)
(-0.000146832 -0.00291806 0)
(-0.000315616 -0.00309774 0)
(-0.000507109 -0.00278751 0)
(-0.000756018 -0.00134664 0)
(-0.00110696 0.00209262 0)
(-0.00153389 0.00833887 0)
(-0.0019194 0.0176249 0)
(-0.00201518 0.0284211 0)
(-0.00155507 0.0351719 0)
(-0.000365399 0.0248305 0)
(0.000154428 -0.0165882 0)
(-6.60049e-05 -0.0242686 0)
(-0.00110067 -0.0207018 0)
(-0.00239259 -0.0144206 0)
(-0.00358884 -0.00900026 0)
(-0.00454317 -0.0053359 0)
(-0.00525726 -0.00324526 0)
(-0.00579207 -0.00227519 0)
(-0.00620919 -0.00201497 0)
(-0.0065509 -0.00216169 0)
(-0.00684362 -0.0024705 0)
(-0.00710759 -0.00265855 0)
(-0.00735817 -0.00230682 0)
(-0.00758733 -0.000802487 0)
(-0.0077237 0.00260671 0)
(-0.00758893 0.00854875 0)
(-0.00692617 0.0170464 0)
(-0.00548031 0.0265097 0)
(-0.00326422 0.0318956 0)
(-0.000598333 0.0219542 0)
(-0.000168581 -0.0157664 0)
(-0.00213758 -0.0212622 0)
(-0.00488185 -0.0167766 0)
(-0.00748965 -0.0107306 0)
(-0.00952808 -0.00604051 0)
(-0.0109785 -0.00313266 0)
(-0.011981 -0.00163174 0)
(-0.0126885 -0.00106757 0)
(-0.0132181 -0.00107127 0)
(-0.0136512 -0.00138434 0)
(-0.0140385 -0.00179668 0)
(-0.0144009 -0.00206064 0)
(-0.0147173 -0.00182392 0)
(-0.0148967 -0.000604775 0)
(-0.0147281 0.00215415 0)
(-0.0139049 0.00691379 0)
(-0.0120716 0.0136386 0)
(-0.00901 0.0210244 0)
(-0.00501266 0.0251168 0)
(-0.000848839 0.0172072 0)
(-0.000795297 -0.0120461 0)
(-0.00510854 -0.0141748 0)
(-0.00950321 -0.00966582 0)
(-0.0129167 -0.00505523 0)
(-0.0150943 -0.00200553 0)
(-0.0163389 -0.000422979 0)
(-0.0170324 0.000167713 0)
(-0.0174576 0.000183436 0)
(-0.0177802 -0.000108669 0)
(-0.0181047 -0.000547611 0)
(-0.0184876 -0.00100998 0)
(-0.0189287 -0.0013549 0)
(-0.0193606 -0.00138154 0)
(-0.0196211 -0.000811485 0)
(-0.0194143 0.000695928 0)
(-0.0183036 0.00347419 0)
(-0.0158259 0.00756837 0)
(-0.0117261 0.0122409 0)
(-0.00644073 0.0151025 0)
(-0.00109197 0.0106845 0)
(-0.00192438 -0.0041116 0)
(-0.00687381 -0.00367905 0)
(-0.0105033 -0.00177715 0)
(-0.0124924 -0.000402957 0)
(-0.0132282 0.000267874 0)
(-0.0133125 0.000480977 0)
(-0.013147 0.000454276 0)
(-0.0129494 0.000330269 0)
(-0.0128468 0.000171445 0)
(-0.0128955 -1.88191e-06 0)
(-0.0131126 -0.000177073 0)
(-0.0134899 -0.000340023 0)
(-0.0139727 -0.000462978 0)
(-0.0144345 -0.00049342 0)
(-0.0146443 -0.000341905 0)
(-0.014257 0.000132195 0)
(-0.0128108 0.00104909 0)
(-0.00992778 0.0023579 0)
(-0.00581838 0.00351521 0)
(-0.00138684 0.00297934 0)
)
;

boundaryField
{
    leftWall
    {
        type            fixedValue;
        value           uniform (0 0 0);
    }
    rightWall
    {
        type            fixedValue;
        value           uniform (0 0 0);
    }
    topWall
    {
        type            fixedValue;
        value           uniform (0 0 0);
    }
    bottomWall
    {
        type            fixedValue;
        value           uniform (0 0 0);
    }
    frontAndBackPlanes
    {
        type            empty;
    }
}


// ************************************************************************* //
