/*--------------------------------*- C++ -*----------------------------------*\
| =========                 |                                                 |
| \\      /  F ield         | OpenFOAM: The Open Source CFD Toolbox           |
|  \\    /   O peration     | Version:  2506                                  |
|   \\  /    A nd           | Website:  www.openfoam.com                      |
|    \\/     M anipulation  |                                                 |
\*---------------------------------------------------------------------------*/
FoamFile
{
    version     2.0;
    format      ascii;
    arch        "LSB;label=32;scalar=64";
    class       volVectorField;
    location    "24.6";
    object      U;
}
// * * * * * * * * * * * * * * * * * * * * * * * * * * * * * * * * * * * * * //

dimensions      [0 1 -1 0 0 0 0];

internalField   nonuniform List<vector> 
200
(
(-0.000251717 -8.27126e-05 0)
(-0.000183964 -0.000199187 0)
(0.000411011 -0.000309416 0)
(0.00134889 -0.000455995 0)
(0.00251024 -0.000579314 0)
(0.00385722 -0.000658753 0)
(0.00530848 -0.000697062 0)
(0.00678731 -0.000705317 0)
(0.00823694 -0.000700081 0)
(0.00962507 -0.000700701 0)
(0.0109433 -0.000725905 0)
(0.0122018 -0.000790241 0)
(0.0134171 -0.00089914 0)
(0.0145898 -0.001038 0)
(0.0156591 -0.00114718 0)
(0.0164084 -0.00106338 0)
(0.0163672 -0.000415778 0)
(0.0146821 0.00138823 0)
(0.0103985 0.00458662 0)
(0.00310261 0.00652599 0)
(1.9246e-05 -0.000498731 0)
(0.00061825 -0.00163001 0)
(0.00191299 -0.00277821 0)
(0.00377123 -0.00381639 0)
(0.00604545 -0.00460855 0)
(0.00858411 -0.00510615 0)
(0.0112342 -0.00531594 0)
(0.013857 -0.00528404 0)
(0.0163398 -0.0050804 0)
(0.0185995 -0.0047807 0)
(0.0205759 -0.00444703 0)
(0.0222169 -0.00410744 0)
(0.0234559 -0.00373037 0)
(0.0241826 -0.00318342 0)
(0.024203 -0.00215998 0)
(0.0231908 -6.25961e-05 0)
(0.0206133 0.00403149 0)
(0.0158953 0.0109413 0)
(0.00912446 0.0193922 0)
(0.00156477 0.0195332 0)
(9.69126e-05 -0.0013362 0)
(0.00108536 -0.00406018 0)
(0.00285646 -0.00657503 0)
(0.00524062 -0.00863977 0)
(0.00801348 -0.0101072 0)
(0.0109709 -0.0109239 0)
(0.0139276 -0.0111203 0)
(0.0167254 -0.0107921 0)
(0.0192419 -0.0100697 0)
(0.0213909 -0.00908027 0)
(0.0231092 -0.00790998 0)
(0.0243358 -0.00656703 0)
(0.0249851 -0.00494321 0)
(0.0249192 -0.00276489 0)
(0.0239057 0.000474742 0)
(0.0216546 0.00550327 0)
(0.0179019 0.0131069 0)
(0.0125838 0.0234336 0)
(0.00636684 0.0331741 0)
(0.000837321 0.0280427 0)
(0.000128266 -0.0025854 0)
(0.00131946 -0.00722721 0)
(0.00330858 -0.0111417 0)
(0.00585841 -0.0141332 0)
(0.00869059 -0.0160757 0)
(0.0115678 -0.0169444 0)
(0.0142894 -0.0168266 0)
(0.0167008 -0.0159016 0)
(0.0187037 -0.01439 0)
(0.0202507 -0.0124897 0)
(0.0213255 -0.0103155 0)
(0.0219125 -0.00784754 0)
(0.0219664 -0.00488908 0)
(0.0213831 -0.00103328 0)
(0.0199383 0.00432951 0)
(0.0174775 0.0118714 0)
(0.0138588 0.0221378 0)
(0.00919368 0.0345036 0)
(0.0042276 0.0439406 0)
(0.000444688 0.0335702 0)
(0.000149786 -0.00399461 0)
(0.00135363 -0.0105868 0)
(0.00323956 -0.0157677 0)
(0.00554128 -0.0194544 0)
(0.00796767 -0.0215785 0)
(0.0102779 -0.0221746 0)
(0.0122814 -0.0214268 0)
(0.0138564 -0.0196463 0)
(0.0149616 -0.0171878 0)
(0.015624 -0.0143473 0)
(0.0159059 -0.0112731 0)
(0.0158642 -0.00790293 0)
(0.01551 -0.00392764 0)
(0.0147364 0.00120567 0)
(0.0134273 0.00814605 0)
(0.0114474 0.0175225 0)
(0.00871957 0.0295863 0)
(0.00540228 0.0429975 0)
(0.00213628 0.0514472 0)
(0.000115187 0.0367674 0)
(0.000141264 -0.00532 0)
(0.00106057 -0.0135304 0)
(0.00237348 -0.0196006 0)
(0.00385352 -0.0236161 0)
(0.0052642 -0.0255784 0)
(0.00640945 -0.0255971 0)
(0.00715118 -0.0239912 0)
(0.00744025 -0.0212546 0)
(0.00732638 -0.0179172 0)
(0.00693068 -0.0143858 0)
(0.00639451 -0.0108245 0)
(0.00582759 -0.0070882 0)
(0.00526952 -0.00271008 0)
(0.00462567 0.00302781 0)
(0.00384214 0.0108448 0)
(0.00283184 0.0212831 0)
(0.00160834 0.0342784 0)
(0.000361472 0.0478724 0)
(-0.000466175 0.0549621 0)
(-0.000261594 0.0374607 0)
(6.84762e-05 -0.00610973 0)
(0.000247987 -0.0150555 0)
(0.000341328 -0.0213456 0)
(0.000253705 -0.0252054 0)
(-0.000108654 -0.0266712 0)
(-0.000822458 -0.025914 0)
(-0.00190165 -0.0234214 0)
(-0.00327381 -0.0199094 0)
(-0.00478815 -0.0160877 0)
(-0.00626126 -0.0124271 0)
(-0.00753329 -0.00902732 0)
(-0.00850525 -0.00559108 0)
(-0.00914182 -0.00148496 0)
(-0.00945367 0.00409665 0)
(-0.00938673 0.0118491 0)
(-0.00890623 0.0221734 0)
(-0.00788331 0.0347165 0)
(-0.00614962 0.0472152 0)
(-0.00370545 0.0527899 0)
(-0.000726004 0.0349959 0)
(-0.000107409 -0.00570463 0)
(-0.00116919 -0.0138551 0)
(-0.00296471 -0.0193938 0)
(-0.00534837 -0.0225104 0)
(-0.00814253 -0.0232279 0)
(-0.0111954 -0.0218 0)
(-0.0143373 -0.0188601 0)
(-0.0173783 -0.0152557 0)
(-0.0201369 -0.0117368 0)
(-0.0224716 -0.00871095 0)
(-0.0242932 -0.00615973 0)
(-0.0255472 -0.00368608 0)
(-0.0261687 -0.000633932 0)
(-0.0259912 0.00374386 0)
(-0.0248421 0.0100835 0)
(-0.022507 0.0186987 0)
(-0.0187533 0.0291707 0)
(-0.0135262 0.039436 0)
(-0.00736185 0.043719 0)
(-0.00125928 0.0287267 0)
(-0.00030679 -0.00368559 0)
(-0.00259163 -0.00914566 0)
(-0.00629987 -0.0128953 0)
(-0.0109682 -0.0148598 0)
(-0.0160603 -0.014977 0)
(-0.0211124 -0.0134937 0)
(-0.0257507 -0.0110153 0)
(-0.0297322 -0.008288 0)
(-0.0329638 -0.0059085 0)
(-0.0354714 -0.00414738 0)
(-0.037327 -0.00292972 0)
(-0.0385652 -0.00191401 0)
(-0.0391088 -0.000596115 0)
(-0.0387002 0.00160162 0)
(-0.0369853 0.00522976 0)
(-0.0335106 0.0105794 0)
(-0.027846 0.0173972 0)
(-0.0199255 0.0243183 0)
(-0.0106535 0.0275941 0)
(-0.00178713 0.0185775 0)
(-0.00028667 -0.000790748 0)
(-0.0021872 -0.00198864 0)
(-0.00559753 -0.00283455 0)
(-0.00995805 -0.00324902 0)
(-0.0146203 -0.00317137 0)
(-0.0189911 -0.00266642 0)
(-0.0226421 -0.00193251 0)
(-0.0253963 -0.00120772 0)
(-0.0273172 -0.000669792 0)
(-0.0286138 -0.000391799 0)
(-0.0295212 -0.000350148 0)
(-0.0302021 -0.000452675 0)
(-0.0306792 -0.000561364 0)
(-0.0307898 -0.000495014 0)
(-0.0301706 -1.45112e-05 0)
(-0.0282553 0.00108555 0)
(-0.0244 0.00288441 0)
(-0.0182302 0.00514042 0)
(-0.0103645 0.00682874 0)
(-0.0024441 0.00537113 0)
)
;

boundaryField
{
    leftWall
    {
        type            fixedValue;
        value           uniform (0 0 0);
    }
    rightWall
    {
        type            fixedValue;
        value           uniform (0 0 0);
    }
    topWall
    {
        type            fixedValue;
        value           uniform (0 0 0);
    }
    bottomWall
    {
        type            fixedValue;
        value           uniform (0 0 0);
    }
    frontAndBackPlanes
    {
        type            empty;
    }
}


// ************************************************************************* //
