/*--------------------------------*- C++ -*----------------------------------*\
| =========                 |                                                 |
| \\      /  F ield         | OpenFOAM: The Open Source CFD Toolbox           |
|  \\    /   O peration     | Version:  2506                                  |
|   \\  /    A nd           | Website:  www.openfoam.com                      |
|    \\/     M anipulation  |                                                 |
\*---------------------------------------------------------------------------*/
FoamFile
{
    version     2.0;
    format      ascii;
    arch        "LSB;label=32;scalar=64";
    class       surfaceScalarField;
    location    "18.6";
    object      phi;
}
// * * * * * * * * * * * * * * * * * * * * * * * * * * * * * * * * * * * * * //

dimensions      [1 0 -1 0 0 0 0];

oriented        oriented;

internalField   nonuniform List<scalar> 
370
(
-7.91659e-05
-2.97545e-05
-3.06466e-06
-7.61056e-05
0.000128625
-0.000131697
0.00031854
-0.000189928
0.000560914
-0.000242389
0.000847347
-0.000286453
0.00116858
-0.000321254
0.00151512
-0.000346565
0.00187772
-0.000362624
0.00224779
-0.000370096
0.00261769
-0.000369919
0.00298042
-0.000362757
0.0033277
-0.000347297
0.00364377
-0.000316084
0.00389371
-0.00024995
0.00399469
-0.000100979
0.00380614
0.000188562
0.0031072
0.000698976
0.00168733
0.00141993
0.00168738
3.53067e-05
-6.50587e-05
0.000185061
-0.000225854
0.000445798
-0.000392427
0.000807199
-0.000551324
0.00125582
-0.000691009
0.00177485
-0.000805492
0.00234521
-0.000891616
0.00294596
-0.000947326
0.00355434
-0.000971027
0.00414567
-0.000961436
0.00469287
-0.000917135
0.00516506
-0.000834953
0.00552416
-0.000706413
0.00571957
-0.0005115
0.00567874
-0.000209133
0.00530333
0.000274409
0.00445939
0.00103246
0.00304665
0.00211168
0.00123446
0.00323208
0.00292182
7.17956e-05
-0.000136846
0.000273358
-0.000427395
0.000594183
-0.000713224
0.00101868
-0.0009758
0.00152986
-0.00120216
0.00210836
-0.00138399
0.00273199
-0.00151524
0.00337505
-0.00159038
0.00400806
-0.00160403
0.00459793
-0.00155131
0.00510837
-0.00142756
0.00549923
-0.0012258
0.00572409
-0.000931259
0.00572615
-0.000513558
0.00543537
8.16363e-05
0.00477981
0.000929938
0.00371675
0.00209545
0.0022987
0.00352963
0.000821872
0.00470879
0.00374362
7.6038e-05
-0.000212869
0.000279783
-0.000631103
0.00059255
-0.00102594
0.000998177
-0.00138138
0.00148039
-0.00168434
0.002021
-0.00192458
0.00259815
-0.00209237
0.00318483
-0.00217703
0.0037487
-0.00216786
0.00425377
-0.00205632
0.00466279
-0.00183651
0.00493834
-0.00150128
0.00504113
-0.00103399
0.00492653
-0.000398909
0.00454425
0.000463928
0.00385619
0.00161797
0.00286326
0.0030883
0.00166296
0.00472978
0.000537955
0.00583362
0.00428148
6.08973e-05
-0.000273747
0.000219815
-0.000789971
0.000462293
-0.00126836
0.000777712
-0.00169674
0.00115543
-0.00206201
0.00158232
-0.00235142
0.00203994
-0.00254993
0.00250247
-0.00263946
0.00293744
-0.00260268
0.00330993
-0.00242861
0.00358788
-0.00211422
0.00374457
-0.00165774
0.00375625
-0.00104547
0.0035971
-0.000239623
0.00323473
0.000826385
0.00265342
0.00219929
0.00187673
0.00386491
0.00100911
0.00559725
0.000278483
0.00656407
0.00455988
2.37881e-05
-0.00029751
8.86364e-05
-0.000854759
0.000194264
-0.00137391
0.000341446
-0.00184385
0.000529305
-0.0022498
0.000753087
-0.00257512
0.00100068
-0.00279737
0.00125052
-0.00288904
0.00147424
-0.00282598
0.00164411
-0.0025979
0.00174065
-0.0022101
0.00175476
-0.00167125
0.0016826
-0.000972842
0.00151815
-7.48669e-05
0.00125177
0.00109301
0.000894
0.00255721
0.000488463
0.00427048
0.000131075
0.00595459
-4.65228e-05
0.00674164
0.00451332
-3.74578e-05
-0.000260025
-0.00011779
-0.000774361
-0.00021941
-0.00127221
-0.000328305
-0.00173488
-0.000434434
-0.00214357
-0.000532292
-0.00247708
-0.000624277
-0.00270502
-0.000721759
-0.00279087
-0.000839671
-0.00270701
-0.00098673
-0.00244949
-0.00115856
-0.00203685
-0.00133896
-0.0014896
-0.00150693
-0.000803937
-0.00164466
6.35679e-05
-0.00171064
0.00115959
-0.00166897
0.00251599
-0.0014697
0.00407151
-0.00106365
0.00554874
-0.00047527
0.00615338
0.00403809
-0.000107896
-0.000152103
-0.000356582
-0.000525612
-0.000708687
-0.000920029
-0.00114341
-0.00130006
-0.00164255
-0.00164424
-0.0021884
-0.00193084
-0.00276583
-0.00212674
-0.00336216
-0.00219305
-0.00396164
-0.00210535
-0.00453872
-0.00186982
-0.00505579
-0.00151718
-0.00546618
-0.00107695
-0.00571709
-0.000551222
-0.00574828
9.61964e-05
-0.00548278
0.000895191
-0.00486575
0.00189983
-0.00386009
0.00306653
-0.00249164
0.00418082
-0.000979051
0.00464115
0.0030592
-0.000122898
-2.91831e-05
-0.000456374
-0.00019208
-0.000984954
-0.000391371
-0.0016961
-0.000588787
-0.00256859
-0.00077147
-0.00357054
-0.00092819
-0.00465846
-0.00103734
-0.00577688
-0.00107207
-0.00686107
-0.00101757
-0.00784319
-0.000883526
-0.00865827
-0.000697943
-0.00924407
-0.000487476
-0.0095323
-0.000260017
-0.00944497
1.11113e-05
-0.00889277
0.000344728
-0.00779174
0.000800209
-0.00609189
0.00136783
-0.00385878
0.00194863
-0.00146728
0.00225031
0.00159224
-2.91615e-05
-0.00022119
-0.00061249
-0.00120117
-0.00197239
-0.00289992
-0.00393574
-0.00500503
-0.0060185
-0.00689702
-0.00758972
-0.00807229
-0.00832805
-0.00831347
-0.007966
-0.0071636
-0.00579403
-0.00384403
-0.00159272
)
;

boundaryField
{
    leftWall
    {
        type            calculated;
        value           nonuniform List<scalar> 10(-1.05879e-22 -8.47033e-22 0 0 0 0 0 2.71051e-20 0 5.42101e-20);
    }
    rightWall
    {
        type            calculated;
        value           nonuniform List<scalar> 10(-1.0842e-19 0 0 0 0 8.67362e-19 0 -8.67362e-19 0 0);
    }
    topWall
    {
        type            calculated;
        value           uniform 0;
    }
    bottomWall
    {
        type            calculated;
        value           uniform 0;
    }
    frontAndBackPlanes
    {
        type            empty;
    }
}


// ************************************************************************* //
