/*--------------------------------*- C++ -*----------------------------------*\
| =========                 |                                                 |
| \\      /  F ield         | OpenFOAM: The Open Source CFD Toolbox           |
|  \\    /   O peration     | Version:  2506                                  |
|   \\  /    A nd           | Website:  www.openfoam.com                      |
|    \\/     M anipulation  |                                                 |
\*---------------------------------------------------------------------------*/
FoamFile
{
    version     2.0;
    format      ascii;
    arch        "LSB;label=32;scalar=64";
    class       volVectorField;
    location    "142.6";
    object      U;
}
// * * * * * * * * * * * * * * * * * * * * * * * * * * * * * * * * * * * * * //

dimensions      [0 1 -1 0 0 0 0];

internalField   nonuniform List<vector> 
200
(
(0.00059846 -0.00142336 0)
(0.00287378 -0.00179472 0)
(0.00522808 -0.00130512 0)
(0.0070617 -0.000683758 0)
(0.00815498 -0.000209296 0)
(0.00866526 6.22287e-05 0)
(0.00882814 0.000159385 0)
(0.00884983 0.000133096 0)
(0.00887911 2.98667e-05 0)
(0.00901482 -0.000117784 0)
(0.0093189 -0.000294912 0)
(0.00982654 -0.000498191 0)
(0.0105527 -0.000724732 0)
(0.0114822 -0.000954372 0)
(0.0125283 -0.00111896 0)
(0.0134394 -0.00104874 0)
(0.0136754 -0.000401439 0)
(0.0123844 0.00131078 0)
(0.00874047 0.00412287 0)
(0.00260268 0.00553399 0)
(0.000596478 -0.00553368 0)
(0.00376519 -0.00845273 0)
(0.00717347 -0.00744656 0)
(0.0100596 -0.00518603 0)
(0.0120724 -0.0030062 0)
(0.013296 -0.00143033 0)
(0.0139696 -0.000546284 0)
(0.0143363 -0.000247091 0)
(0.0145874 -0.000368641 0)
(0.0148491 -0.000758283 0)
(0.0151884 -0.00129921 0)
(0.0156238 -0.00189989 0)
(0.0161236 -0.00245583 0)
(0.0165886 -0.00278381 0)
(0.0168177 -0.00252868 0)
(0.0164558 -0.00106258 0)
(0.0149422 0.00249557 0)
(0.0116886 0.00873598 0)
(0.00671276 0.016119 0)
(0.0011275 0.0159395 0)
(0.000544284 -0.00958232 0)
(0.00344312 -0.0151483 0)
(0.00649426 -0.0138443 0)
(0.00908687 -0.0101564 0)
(0.0109336 -0.00642255 0)
(0.012113 -0.00359148 0)
(0.0128236 -0.00185931 0)
(0.0132537 -0.0010768 0)
(0.0135404 -0.000981625 0)
(0.0137665 -0.00131423 0)
(0.0139682 -0.00185552 0)
(0.0141412 -0.00241167 0)
(0.0142367 -0.00275603 0)
(0.0141464 -0.00253783 0)
(0.01368 -0.00118194 0)
(0.0125397 0.00213698 0)
(0.0104673 0.00821393 0)
(0.00733552 0.017051 0)
(0.00358089 0.0254118 0)
(0.000399767 0.0214175 0)
(0.000463001 -0.0131026 0)
(0.00277994 -0.0206934 0)
(0.00502338 -0.0189138 0)
(0.00679578 -0.0139418 0)
(0.00796765 -0.00894967 0)
(0.00867186 -0.00517663 0)
(0.0090874 -0.00283871 0)
(0.00934571 -0.00170483 0)
(0.00951882 -0.00141404 0)
(0.00963659 -0.00162329 0)
(0.00970393 -0.00204754 0)
(0.00970727 -0.00242851 0)
(0.00960832 -0.00245487 0)
(0.00932826 -0.00165877 0)
(0.00872272 0.00065832 0)
(0.00764194 0.00532134 0)
(0.0059644 0.0129649 0)
(0.00374239 0.0229971 0)
(0.00144036 0.0309666 0)
(3.66149e-05 0.023776 0)
(0.000369465 -0.0158534 0)
(0.00195739 -0.0245568 0)
(0.00319125 -0.0220263 0)
(0.00394814 -0.0159477 0)
(0.00429449 -0.0100968 0)
(0.00441786 -0.00581633 0)
(0.00446406 -0.00322389 0)
(0.00449699 -0.00196229 0)
(0.00452499 -0.00158354 0)
(0.00453617 -0.00170309 0)
(0.00451801 -0.00201842 0)
(0.00445837 -0.0022488 0)
(0.00433348 -0.00203316 0)
(0.00409213 -0.000825852 0)
(0.00363934 0.00213578 0)
(0.00290693 0.00763639 0)
(0.00187996 0.0160976 0)
(0.000723604 0.0264048 0)
(-0.000163658 0.0334207 0)
(-0.000183005 0.02413 0)
(0.000261755 -0.0177069 0)
(0.000957679 -0.026471 0)
(0.00100966 -0.022958 0)
(0.000654825 -0.0160639 0)
(0.000159173 -0.00983723 0)
(-0.000279306 -0.00550308 0)
(-0.000592402 -0.00299702 0)
(-0.000801727 -0.00182161 0)
(-0.000946508 -0.00148199 0)
(-0.00105935 -0.00159955 0)
(-0.00115915 -0.00188734 0)
(-0.00125946 -0.0020591 0)
(-0.00138072 -0.00171858 0)
(-0.00155404 -0.000274654 0)
(-0.00180984 0.00303811 0)
(-0.00211171 0.00889931 0)
(-0.0023415 0.0174531 0)
(-0.00226046 0.0272078 0)
(-0.00163554 0.0329807 0)
(-0.00036316 0.0228735 0)
(0.000119253 -0.018354 0)
(-0.000391252 -0.0259964 0)
(-0.0017704 -0.0213754 0)
(-0.00332239 -0.0141612 0)
(-0.00465608 -0.00818721 0)
(-0.00564566 -0.0042859 0)
(-0.00633022 -0.00215305 0)
(-0.00680049 -0.00123222 0)
(-0.00713408 -0.00104934 0)
(-0.00738309 -0.00126129 0)
(-0.00757971 -0.00160371 0)
(-0.00774514 -0.00179221 0)
(-0.00789101 -0.00143056 0)
(-0.00800351 3.6679e-05 0)
(-0.00800135 0.0032684 0)
(-0.00772002 0.00878882 0)
(-0.00692651 0.0165528 0)
(-0.00539478 0.025032 0)
(-0.00316144 0.0295716 0)
(-0.000567635 0.0200306 0)
(-0.000223024 -0.0171645 0)
(-0.0024962 -0.0223456 0)
(-0.00551348 -0.0169112 0)
(-0.00827643 -0.0101713 0)
(-0.0103442 -0.00514574 0)
(-0.0117369 -0.00214853 0)
(-0.0126339 -0.000693585 0)
(-0.0132123 -0.000225304 0)
(-0.0136021 -0.000328338 0)
(-0.0138977 -0.000715103 0)
(-0.0141504 -0.00116477 0)
(-0.0143787 -0.00143852 0)
(-0.0145568 -0.00121271 0)
(-0.0145891 -5.72647e-05 0)
(-0.0142754 0.00251634 0)
(-0.0133477 0.00690064 0)
(-0.0114818 0.0130085 0)
(-0.00849366 0.0195932 0)
(-0.00467905 0.0230327 0)
(-0.000780847 0.0155489 0)
(-0.000879727 -0.013013 0)
(-0.00552288 -0.014687 0)
(-0.0100883 -0.00946039 0)
(-0.0134884 -0.00443766 0)
(-0.0155182 -0.00126339 0)
(-0.0165637 0.000279868 0)
(-0.0170541 0.000771948 0)
(-0.0172798 0.00068358 0)
(-0.0174252 0.000308136 0)
(-0.0175893 -0.000185891 0)
(-0.0178195 -0.00067508 0)
(-0.0181132 -0.00102715 0)
(-0.0183993 -0.00106144 0)
(-0.0185206 -0.000531763 0)
(-0.0181996 0.000860938 0)
(-0.0170464 0.00340712 0)
(-0.014644 0.00711055 0)
(-0.0107777 0.0112649 0)
(-0.005873 0.0136956 0)
(-0.000984082 0.00955546 0)
(-0.0020932 -0.00446152 0)
(-0.00734858 -0.00379194 0)
(-0.0109958 -0.00165914 0)
(-0.012818 -0.0001961 0)
(-0.0133232 0.000469326 0)
(-0.0131702 0.00063487 0)
(-0.012789 0.00056676 0)
(-0.0124231 0.000411021 0)
(-0.0121866 0.000231417 0)
(-0.0121244 4.79808e-05 0)
(-0.0122466 -0.000129929 0)
(-0.012531 -0.000288868 0)
(-0.0129185 -0.000403906 0)
(-0.0132856 -0.00042872 0)
(-0.0134188 -0.000284217 0)
(-0.0130006 0.000153319 0)
(-0.0116171 0.000979909 0)
(-0.00894503 0.00213851 0)
(-0.00520027 0.00313941 0)
(-0.00122495 0.0026288 0)
)
;

boundaryField
{
    leftWall
    {
        type            fixedValue;
        value           uniform (0 0 0);
    }
    rightWall
    {
        type            fixedValue;
        value           uniform (0 0 0);
    }
    topWall
    {
        type            fixedValue;
        value           uniform (0 0 0);
    }
    bottomWall
    {
        type            fixedValue;
        value           uniform (0 0 0);
    }
    frontAndBackPlanes
    {
        type            empty;
    }
}


// ************************************************************************* //
