/*--------------------------------*- C++ -*----------------------------------*\
| =========                 |                                                 |
| \\      /  F ield         | OpenFOAM: The Open Source CFD Toolbox           |
|  \\    /   O peration     | Version:  2506                                  |
|   \\  /    A nd           | Website:  www.openfoam.com                      |
|    \\/     M anipulation  |                                                 |
\*---------------------------------------------------------------------------*/
FoamFile
{
    version     2.0;
    format      ascii;
    arch        "LSB;label=32;scalar=64";
    class       volVectorField;
    location    "55.2";
    object      U;
}
// * * * * * * * * * * * * * * * * * * * * * * * * * * * * * * * * * * * * * //

dimensions      [0 1 -1 0 0 0 0];

internalField   nonuniform List<vector> 
200
(
(-6.39804e-05 -0.000345635 0)
(0.000509777 -0.000528254 0)
(0.00148461 -0.000495526 0)
(0.00248364 -0.000414058 0)
(0.00333265 -0.00032531 0)
(0.00404689 -0.000259479 0)
(0.0046658 -0.000234764 0)
(0.00524729 -0.00025665 0)
(0.00585597 -0.000325441 0)
(0.00655532 -0.000441368 0)
(0.00740398 -0.000605892 0)
(0.00845203 -0.000819095 0)
(0.00973088 -0.00107195 0)
(0.0112305 -0.00133107 0)
(0.0128524 -0.00151293 0)
(0.0143101 -0.00143656 0)
(0.0149699 -0.000733852 0)
(0.0138753 0.00119521 0)
(0.0100271 0.00449535 0)
(0.0030431 0.00642807 0)
(0.000191023 -0.0016646 0)
(0.0015181 -0.00316975 0)
(0.00328919 -0.00353571 0)
(0.00510376 -0.00331319 0)
(0.00672291 -0.00287435 0)
(0.00809832 -0.00246481 0)
(0.00927309 -0.00221204 0)
(0.0103228 -0.00216396 0)
(0.0113268 -0.00232474 0)
(0.0123536 -0.00267684 0)
(0.0134517 -0.00318692 0)
(0.0146391 -0.00379413 0)
(0.0158846 -0.00437848 0)
(0.0170754 -0.0047061 0)
(0.0179699 -0.00435258 0)
(0.0181449 -0.0026152 0)
(0.016946 0.00151849 0)
(0.013602 0.0088512 0)
(0.00802448 0.0178515 0)
(0.00139932 0.0185985 0)
(0.000280954 -0.00357303 0)
(0.00199709 -0.00684754 0)
(0.00409983 -0.00764696 0)
(0.00617126 -0.00714654 0)
(0.00795183 -0.00618363 0)
(0.00940296 -0.00525451 0)
(0.0105836 -0.0045983 0)
(0.0115756 -0.0042923 0)
(0.0124526 -0.0043252 0)
(0.0132682 -0.00463954 0)
(0.0140508 -0.00514297 0)
(0.0147962 -0.00568822 0)
(0.0154529 -0.00602123 0)
(0.0158951 -0.00570262 0)
(0.0158883 -0.00402475 0)
(0.0150557 1.06153e-05 0)
(0.0129625 0.00742348 0)
(0.00940133 0.0182662 0)
(0.0048202 0.0289859 0)
(0.000612103 0.0255713 0)
(0.000319818 -0.0058831 0)
(0.00216439 -0.0109922 0)
(0.00426013 -0.0119944 0)
(0.00618712 -0.010965 0)
(0.00771922 -0.00928036 0)
(0.00886359 -0.00769623 0)
(0.00971114 -0.00653982 0)
(0.0103556 -0.00588843 0)
(0.0108671 -0.00569398 0)
(0.0112895 -0.00585101 0)
(0.0116434 -0.0062136 0)
(0.011926 -0.00656517 0)
(0.0121001 -0.00654613 0)
(0.012074 -0.0055569 0)
(0.0116735 -0.00268896 0)
(0.0106113 0.00319216 0)
(0.00866808 0.0128802 0)
(0.00581486 0.0257153 0)
(0.00258492 0.0365322 0)
(0.000214106 0.0292744 0)
(0.00033516 -0.00827826 0)
(0.00207249 -0.0149709 0)
(0.00383538 -0.0158392 0)
(0.00527691 -0.0140307 0)
(0.00626212 -0.0115018 0)
(0.00686792 -0.00923659 0)
(0.00721915 -0.00760028 0)
(0.00741474 -0.00662969 0)
(0.00751552 -0.00622049 0)
(0.0075545 -0.00622058 0)
(0.00754792 -0.00644695 0)
(0.00749786 -0.00663929 0)
(0.00738384 -0.00636446 0)
(0.00714692 -0.0049037 0)
(0.00667222 -0.00120199 0)
(0.00576195 0.00593511 0)
(0.00433539 0.0170457 0)
(0.00249106 0.0307887 0)
(0.000711776 0.040912 0)
(-8.09778e-05 0.0307548 0)
(0.000310359 -0.0104708 0)
(0.00162884 -0.0181827 0)
(0.00266621 -0.0185076 0)
(0.00325756 -0.0157547 0)
(0.00342606 -0.0124139 0)
(0.00332619 -0.00960177 0)
(0.00309495 -0.00764256 0)
(0.00281246 -0.00649193 0)
(0.00251523 -0.00598196 0)
(0.00221882 -0.00592514 0)
(0.00192963 -0.0061164 0)
(0.00164323 -0.00626349 0)
(0.0013357 -0.00587388 0)
(0.000960759 -0.00414279 0)
(0.00045808 6.24749e-05 0)
(-0.000202148 0.00789502 0)
(-0.00088723 0.0195622 0)
(-0.00135117 0.0331366 0)
(-0.00127839 0.0419572 0)
(-0.000349701 0.0301835 0)
(0.000210637 -0.0119928 0)
(0.000620274 -0.0197397 0)
(0.000404892 -0.0191152 0)
(-0.000271082 -0.0154523 0)
(-0.00116719 -0.0115682 0)
(-0.00209015 -0.00853997 0)
(-0.00294957 -0.00655163 0)
(-0.00372059 -0.00545028 0)
(-0.00440859 -0.00501395 0)
(-0.00502686 -0.00503347 0)
(-0.00559102 -0.00528494 0)
(-0.00612201 -0.00544442 0)
(-0.006644 -0.00498535 0)
(-0.00716157 -0.00311151 0)
(-0.00761227 0.00117879 0)
(-0.00775905 0.00873032 0)
(-0.00727734 0.0195511 0)
(-0.00587498 0.0316677 0)
(-0.00356933 0.038912 0)
(-0.000677395 0.0272685 0)
(-4.03288e-05 -0.0120096 0)
(-0.00124407 -0.0183207 0)
(-0.00328492 -0.0165196 0)
(-0.005524 -0.0124402 0)
(-0.00755229 -0.00866599 0)
(-0.00924468 -0.00596688 0)
(-0.0106253 -0.00433609 0)
(-0.0117664 -0.0035404 0)
(-0.0127429 -0.00334019 0)
(-0.0136173 -0.00352966 0)
(-0.0144365 -0.00389168 0)
(-0.0152249 -0.00412249 0)
(-0.0159631 -0.0037627 0)
(-0.0165464 -0.00217449 0)
(-0.016721 0.00137762 0)
(-0.0160581 0.00747825 0)
(-0.0141204 0.0161071 0)
(-0.0106429 0.0256648 0)
(-0.00598178 0.0312445 0)
(-0.0010343 0.0217744 0)
(-0.000570623 -0.00940533 0)
(-0.00399345 -0.012761 0)
(-0.00792615 -0.0102813 0)
(-0.0113922 -0.00682569 0)
(-0.0139947 -0.00409829 0)
(-0.0158383 -0.00239084 0)
(-0.0171602 -0.00152337 0)
(-0.0181762 -0.00124384 0)
(-0.0190495 -0.00135046 0)
(-0.019894 -0.00169272 0)
(-0.0207778 -0.00212745 0)
(-0.0217111 -0.002466 0)
(-0.0226178 -0.0024333 0)
(-0.0232963 -0.00165564 0)
(-0.0233752 0.000308857 0)
(-0.022275 0.00387988 0)
(-0.0194258 0.00916007 0)
(-0.0145036 0.0152497 0)
(-0.00803805 0.0191415 0)
(-0.00138521 0.0137681 0)
(-0.00145888 -0.00315417 0)
(-0.00556501 -0.00336658 0)
(-0.00916175 -0.00211896 0)
(-0.0116455 -0.000992299 0)
(-0.0130572 -0.000306345 0)
(-0.0137822 2.21661e-05 0)
(-0.0141598 0.000124914 0)
(-0.0144134 9.71929e-05 0)
(-0.0146822 -6.08819e-06 0)
(-0.0150549 -0.000156828 0)
(-0.0155835 -0.000337325 0)
(-0.0162773 -0.000523926 0)
(-0.0170827 -0.000673198 0)
(-0.0178488 -0.000711135 0)
(-0.0182845 -0.000519803 0)
(-0.0179515 8.17528e-05 0)
(-0.016256 0.00127805 0)
(-0.0126986 0.00301376 0)
(-0.00751744 0.00457745 0)
(-0.00182233 0.0039291 0)
)
;

boundaryField
{
    leftWall
    {
        type            fixedValue;
        value           uniform (0 0 0);
    }
    rightWall
    {
        type            fixedValue;
        value           uniform (0 0 0);
    }
    topWall
    {
        type            fixedValue;
        value           uniform (0 0 0);
    }
    bottomWall
    {
        type            fixedValue;
        value           uniform (0 0 0);
    }
    frontAndBackPlanes
    {
        type            empty;
    }
}


// ************************************************************************* //
