/*--------------------------------*- C++ -*----------------------------------*\
| =========                 |                                                 |
| \\      /  F ield         | OpenFOAM: The Open Source CFD Toolbox           |
|  \\    /   O peration     | Version:  2506                                  |
|   \\  /    A nd           | Website:  www.openfoam.com                      |
|    \\/     M anipulation  |                                                 |
\*---------------------------------------------------------------------------*/
FoamFile
{
    version     2.0;
    format      ascii;
    arch        "LSB;label=32;scalar=64";
    class       surfaceScalarField;
    location    "41.6";
    object      phi;
}
// * * * * * * * * * * * * * * * * * * * * * * * * * * * * * * * * * * * * * //

dimensions      [1 0 -1 0 0 0 0];

oriented        oriented;

internalField   nonuniform List<scalar> 
370
(
-2.13144e-05
-7.04522e-05
0.000136208
-0.000157503
0.000346648
-0.000210407
0.000580109
-0.000233418
0.000812783
-0.000232624
0.00103305
-0.000220217
0.00124007
-0.000206954
0.00144035
-0.000200222
0.00164478
-0.000204373
0.00186613
-0.000221284
0.00211676
-0.000250573
0.00240597
-0.000289149
0.0027353
-0.000329268
0.003091
-0.000355638
0.00343096
-0.000339896
0.00366063
-0.000229613
0.00359327
6.74205e-05
0.0030026
0.000590748
0.00165284
0.00134984
0.00165288
0.000134949
-0.000205382
0.000465876
-0.000488372
0.000897551
-0.00064199
0.00135732
-0.000693067
0.0018025
-0.000677674
0.00221352
-0.000631089
0.00258727
-0.000580558
0.00293074
-0.000543542
0.00325535
-0.000528829
0.00357225
-0.000538034
0.00388795
-0.000566124
0.00419924
-0.000600276
0.0044868
-0.000616675
0.00470641
-0.000575103
0.00477795
-0.000411294
0.0045798
-3.13312e-05
0.00396115
0.000686203
0.00276586
0.00178618
0.00113656
0.00297929
0.00278952
0.000216154
-0.000421491
0.000668209
-0.00094029
0.00121228
-0.00118584
0.00175426
-0.00123479
0.00224643
-0.00116955
0.00267337
-0.00105772
0.00303839
-0.000945275
0.00335324
-0.000858088
0.00363108
-0.000806369
0.00388171
-0.000788367
0.00410764
-0.000791755
0.00429972
-0.000792062
0.00443162
-0.000748293
0.00445375
-0.000596963
0.00429037
-0.000247663
0.00384508
0.000414192
0.00304776
0.00148375
0.00191023
0.00292395
0.000682925
0.00420683
0.00347258
0.000259994
-0.000681397
0.000763579
-0.00144362
0.00132122
-0.00174309
0.00182856
-0.00174166
0.0022452
-0.0015857
0.00256952
-0.00138155
0.00281796
-0.00119324
0.0030116
-0.00105126
0.00316879
-0.000963107
0.00330158
-0.000920701
0.0034134
-0.000903138
0.0034964
-0.000874621
0.00352728
-0.000778748
0.00346292
-0.000532207
0.00324258
-2.69659e-05
0.00279928
0.000857815
0.00210471
0.00217864
0.00122063
0.00380835
0.000380525
0.00504723
0.00385326
0.000273017
-0.000954271
0.000748633
-0.00191882
0.00121728
-0.00221114
0.00158443
-0.00210815
0.00183122
-0.0018318
0.00197781
-0.00152748
0.00205647
-0.00127127
0.00209695
-0.00109115
0.00212093
-0.000986509
0.002141
-0.000940203
0.0021608
-0.000922365
0.0021741
-0.000887352
0.00216244
-0.000766523
0.00209257
-0.000461816
0.00191582
0.000150251
0.00159281
0.00118125
0.00111477
0.00265709
0.000561435
0.00436208
0.000122011
0.00548701
0.00397544
0.000237831
-0.0011919
0.000581555
-0.00226198
0.00084335
-0.00247216
0.000967697
-0.00223165
0.000971322
-0.00183461
0.000898809
-0.00145421
0.000792711
-0.00116447
0.000683146
-0.000980915
0.000587301
-0.000890002
0.000512298
-0.000864526
0.000457594
-0.000866963
0.000415645
-0.000844682
0.000371634
-0.000721785
0.000304546
-0.000394032
0.000193752
0.000261657
3.69078e-05
0.00133865
-0.00013237
0.00282691
-0.000233943
0.00446415
-0.000175191
0.00542864
0.0038004
0.000124518
-0.00131615
0.000191114
-0.00232786
0.000107015
-0.00238711
-0.000105217
-0.00201845
-0.000387303
-0.00155165
-0.000685244
-0.00115549
-0.000964583
-0.000884406
-0.00120955
-0.000735231
-0.00141671
-0.000682108
-0.00158907
-0.000691385
-0.00173246
-0.000722746
-0.00185303
-0.000723258
-0.00195371
-0.000620231
-0.00202775
-0.000319152
-0.00204616
0.000280835
-0.00195625
0.00124944
-0.00169026
0.00256154
-0.00119521
0.00396962
-0.000519275
0.0047531
0.00328128
-0.000114951
-0.00120086
-0.000496538
-0.00194541
-0.00104325
-0.00183934
-0.0016328
-0.0014279
-0.00218335
-0.00100023
-0.0026621
-0.000675954
-0.00306672
-0.000479049
-0.00340955
-0.000391668
-0.00370691
-0.000383979
-0.00397279
-0.000424714
-0.00421444
-0.000480273
-0.00442745
-0.000509409
-0.00458855
-0.000458287
-0.00464725
-0.000259615
-0.00452363
0.000158009
-0.00411919
0.00084573
-0.00335255
0.00179553
-0.0022123
0.0028299
-0.000885847
0.00342702
0.00239558
-0.000477658
-0.00072279
-0.00140611
-0.00101597
-0.00239168
-0.000852628
-0.00323724
-0.000581292
-0.00389135
-0.000345236
-0.0043783
-0.000188243
-0.00474886
-0.000107804
-0.00505427
-8.56136e-05
-0.00533475
-0.000102867
-0.00561517
-0.000143657
-0.00590254
-0.000192276
-0.00618091
-0.000230388
-0.00640374
-0.000234809
-0.00648663
-0.000176066
-0.00631572
-1.22281e-05
-0.00574305
0.000273678
-0.00465668
0.000709715
-0.00305022
0.00122391
-0.00119925
0.00157637
0.00119647
-0.000722305
-0.00173717
-0.00258852
-0.00316864
-0.00351289
-0.00370031
-0.00380743
-0.00389246
-0.00399481
-0.00413799
-0.00432981
-0.00455977
-0.00479414
-0.00496979
-0.00498159
-0.00470751
-0.00399741
-0.00277318
-0.00119657
)
;

boundaryField
{
    leftWall
    {
        type            calculated;
        value           nonuniform List<scalar> 10(-5.29396e-23 0 0 0 0 0 0 0 0 0);
    }
    rightWall
    {
        type            calculated;
        value           uniform 0;
    }
    topWall
    {
        type            calculated;
        value           uniform 0;
    }
    bottomWall
    {
        type            calculated;
        value           uniform 0;
    }
    frontAndBackPlanes
    {
        type            empty;
    }
}


// ************************************************************************* //
