/*--------------------------------*- C++ -*----------------------------------*\
| =========                 |                                                 |
| \\      /  F ield         | OpenFOAM: The Open Source CFD Toolbox           |
|  \\    /   O peration     | Version:  2506                                  |
|   \\  /    A nd           | Website:  www.openfoam.com                      |
|    \\/     M anipulation  |                                                 |
\*---------------------------------------------------------------------------*/
FoamFile
{
    version     2.0;
    format      ascii;
    arch        "LSB;label=32;scalar=64";
    class       surfaceScalarField;
    location    "117.4";
    object      phi;
}
// * * * * * * * * * * * * * * * * * * * * * * * * * * * * * * * * * * * * * //

dimensions      [1 0 -1 0 0 0 0];

oriented        oriented;

internalField   nonuniform List<scalar> 
370
(
0.000313742
-0.000349636
0.000831027
-0.000517222
0.0012803
-0.000449183
0.00158994
-0.000309531
0.00176872
-0.000178648
0.00185628
-8.74213e-05
0.00189653
-4.00998e-05
0.00192587
-2.91833e-05
0.00197071
-4.46745e-05
0.00204876
-7.78753e-05
0.00217113
-0.000122185
0.00234406
-0.00017275
0.00256809
-0.000223838
0.00283197
-0.000263677
0.00309893
-0.000266763
0.00328114
-0.000182004
0.00320602
7.533e-05
0.00266053
0.000545698
0.00144348
0.00121723
0.00144358
0.00043665
-0.000786253
0.00117049
-0.00125097
0.00187142
-0.00114999
0.00241296
-0.00085093
0.00278168
-0.000547207
0.00301339
-0.000318965
0.00315723
-0.000183777
0.00325814
-0.000129922
0.0033496
-0.000135954
0.00345249
-0.000180588
0.00357649
-0.00024599
0.00372023
-0.000316306
0.00386863
-0.00037204
0.00398578
-0.00038063
0.00400353
-0.000284313
0.00381617
5.57092e-06
0.00328319
0.000608515
0.00227313
0.00155597
0.000917951
0.0025726
0.00236162
0.000423078
-0.00120929
0.00111284
-0.00194062
0.00176871
-0.0018057
0.00228004
-0.00136207
0.00263745
-0.000904419
0.00287266
-0.000553977
0.003026
-0.000336914
0.00313187
-0.000235588
0.00321412
-0.000218006
0.00328603
-0.000252294
0.00335131
-0.000311058
0.00340395
-0.000368746
0.00342557
-0.000393444
0.00338017
-0.000335023
0.0032101
-0.000114024
0.00283901
0.000376884
0.00221728
0.00123046
0.0013551
0.00241836
0.00045783
0.00347004
0.00281954
0.000364042
-0.00157328
0.000920152
-0.00249659
0.00141413
-0.0022995
0.00177356
-0.00172129
0.00200973
-0.00114036
0.0021586
-0.000702614
0.0022536
-0.000431685
0.00231726
-0.000299031
0.00236169
-0.000262211
0.00239162
-0.000282005
0.0024068
-0.000326016
0.00240176
-0.000363486
0.0023629
-0.00035436
0.00226432
-0.000236214
0.00206728
8.32414e-05
0.00173441
0.000709989
0.00125093
0.00171417
0.000671304
0.00299821
0.000170065
0.00397146
0.00298968
0.000282319
-0.00185555
0.000652885
-0.00286701
0.000926527
-0.00257293
0.00108357
-0.0018781
0.00116062
-0.00121718
0.0011966
-0.000738357
0.00121534
-0.000450183
0.00122622
-0.00030969
0.0012305
-0.000266259
0.0012268
-0.00027808
0.00121347
-0.000312453
0.00118717
-0.000336969
0.00113935
-0.00030631
0.00105305
-0.000149676
0.00090475
0.000231771
0.000679561
0.000935415
0.000390439
0.00200353
0.000109176
0.00327969
-3.98875e-05
0.0041207
0.00294986
0.000175044
-0.00203053
0.000304935
-0.00299675
0.000311612
-0.0025794
0.000240933
-0.00180719
0.000150094
-0.0011261
7.0636e-05
-0.000658664
1.01382e-05
-0.000389455
-3.58836e-05
-0.000263442
-7.39918e-05
-0.000227927
-0.000108641
-0.000243208
-0.000142354
-0.000278517
-0.00017841
-0.000300689
-0.000223179
-0.000261316
-0.000285197
-8.74263e-05
-0.000366919
0.000313731
-0.000455187
0.00102392
-0.00050732
0.0020559
-0.000451907
0.0032245
-0.000241138
0.0039101
0.00270879
3.35459e-06
-0.00203382
-0.000181482
-0.00281174
-0.00049044
-0.00227022
-0.000808719
-0.00148868
-0.00107306
-0.00086153
-0.00127083
-0.000460673
-0.00141421
-0.000245858
-0.00152034
-0.000157094
-0.00160268
-0.00014537
-0.00166962
-0.00017605
-0.00172652
-0.000221404
-0.00177716
-0.000249831
-0.00182217
-0.00021609
-0.00185329
-5.608e-05
-0.0018421
0.000302765
-0.00174282
0.000924877
-0.00149325
0.00180655
-0.0010449
0.00277635
-0.000445695
0.00331104
0.00226315
-0.000263704
-0.00177005
-0.000878629
-0.00219664
-0.00154972
-0.00159891
-0.00211119
-0.00092699
-0.00252258
-0.000449917
-0.00280551
-0.000177536
-0.00299766
-5.34949e-05
-0.00313234
-2.22075e-05
-0.00323405
-4.34567e-05
-0.00331876
-9.11407e-05
-0.00339478
-0.000145184
-0.00346163
-0.000182781
-0.00350578
-0.000171739
-0.00349351
-6.81579e-05
-0.00336868
0.000178138
-0.003057
0.000613397
-0.00248749
0.00123722
-0.00164104
0.00193008
-0.000655026
0.00232515
0.00160818
-0.000684564
-0.00108541
-0.0017967
-0.00108432
-0.00275135
-0.00064405
-0.00339872
-0.000279407
-0.00378139
-6.70367e-05
-0.00399071
3.19925e-05
-0.00410563
6.16209e-05
-0.00417682
4.91718e-05
-0.0042372
1.71066e-05
-0.0043063
-2.18614e-05
-0.00438971
-6.16004e-05
-0.00447912
-9.32099e-05
-0.00454722
-0.000103474
-0.0045413
-7.39191e-05
-0.00438446
2.14545e-05
-0.00397239
0.000201474
-0.00321724
0.00048222
-0.00210477
0.000817741
-0.00082511
0.00104559
0.000783109
-0.00108532
-0.00216946
-0.0028133
-0.0030925
-0.00315933
-0.00312715
-0.00306534
-0.003016
-0.00299873
-0.00302043
-0.00308188
-0.00317495
-0.0032783
-0.00335209
-0.00333052
-0.00312894
-0.00264662
-0.00182879
-0.000783138
)
;

boundaryField
{
    leftWall
    {
        type            calculated;
        value           uniform 0;
    }
    rightWall
    {
        type            calculated;
        value           nonuniform List<scalar> 10(0 0 0 0 0 0 0 0 4.33681e-19 0);
    }
    topWall
    {
        type            calculated;
        value           uniform 0;
    }
    bottomWall
    {
        type            calculated;
        value           uniform 0;
    }
    frontAndBackPlanes
    {
        type            empty;
    }
}


// ************************************************************************* //
