/*--------------------------------*- C++ -*----------------------------------*\
| =========                 |                                                 |
| \\      /  F ield         | OpenFOAM: The Open Source CFD Toolbox           |
|  \\    /   O peration     | Version:  2506                                  |
|   \\  /    A nd           | Website:  www.openfoam.com                      |
|    \\/     M anipulation  |                                                 |
\*---------------------------------------------------------------------------*/
FoamFile
{
    version     2.0;
    format      ascii;
    arch        "LSB;label=32;scalar=64";
    class       volVectorField;
    location    "66.4";
    object      U;
}
// * * * * * * * * * * * * * * * * * * * * * * * * * * * * * * * * * * * * * //

dimensions      [0 1 -1 0 0 0 0];

internalField   nonuniform List<vector> 
200
(
(4.86663e-05 -0.000500947 0)
(0.00089385 -0.000719748 0)
(0.00207721 -0.000618333 0)
(0.00320312 -0.000451161 0)
(0.00408049 -0.000301911 0)
(0.00474833 -0.000205636 0)
(0.00528099 -0.000172311 0)
(0.00576198 -0.000197134 0)
(0.00626921 -0.000271844 0)
(0.00686967 -0.000391107 0)
(0.00761989 -0.000554091 0)
(0.00856633 -0.000761741 0)
(0.0097393 -0.00100855 0)
(0.0111333 -0.00126618 0)
(0.0126602 -0.00145537 0)
(0.0140471 -0.00139552 0)
(0.0146748 -0.000715184 0)
(0.0135953 0.0011799 0)
(0.00981916 0.00442345 0)
(0.00298026 0.00630339 0)
(0.000267741 -0.00228563 0)
(0.00193227 -0.00402974 0)
(0.0039919 -0.004159 0)
(0.00598265 -0.00358188 0)
(0.00764804 -0.00284432 0)
(0.00896896 -0.00224235 0)
(0.0100281 -0.00189317 0)
(0.0109327 -0.00181229 0)
(0.0117809 -0.00197019 0)
(0.0126491 -0.00232447 0)
(0.0135873 -0.0028298 0)
(0.0146131 -0.00342697 0)
(0.0156984 -0.00400907 0)
(0.01674 -0.00436142 0)
(0.0175128 -0.00407547 0)
(0.0176139 -0.00245121 0)
(0.016408 0.00153052 0)
(0.0131455 0.00867311 0)
(0.00773731 0.0174652 0)
(0.00134254 0.0181575 0)
(0.000339908 -0.00462672 0)
(0.00231421 -0.00829622 0)
(0.00461526 -0.00869368 0)
(0.00678578 -0.00759514 0)
(0.00856433 -0.00612213 0)
(0.0099408 -0.00485526 0)
(0.0110053 -0.00401912 0)
(0.0118621 -0.00364027 0)
(0.0125968 -0.00365421 0)
(0.0132674 -0.00396423 0)
(0.0139026 -0.00445955 0)
(0.0144992 -0.00499647 0)
(0.0150098 -0.00534351 0)
(0.0153198 -0.0050942 0)
(0.0152128 -0.00356945 0)
(0.0143343 0.000220464 0)
(0.0122825 0.00729948 0)
(0.00886192 0.0177594 0)
(0.00450527 0.0281382 0)
(0.000557652 0.0247739 0)
(0.000359699 -0.00723552 0)
(0.0023488 -0.0127905 0)
(0.00451376 -0.0132286 0)
(0.00643256 -0.011418 0)
(0.00789885 -0.0090905 0)
(0.00894903 -0.00709361 0)
(0.00969474 -0.00572392 0)
(0.0102388 -0.00498844 0)
(0.0106521 -0.00477109 0)
(0.0109758 -0.0049195 0)
(0.0112278 -0.00526872 0)
(0.0114051 -0.00561148 0)
(0.0114751 -0.00562149 0)
(0.0113555 -0.00474612 0)
(0.0108891 -0.00212048 0)
(0.00981573 0.00336867 0)
(0.00794676 0.0125331 0)
(0.00526453 0.0247942 0)
(0.0022774 0.0351642 0)
(0.000163628 0.028118 0)
(0.000354563 -0.00978138 0)
(0.00211957 -0.016857 0)
(0.00382575 -0.0170113 0)
(0.00516332 -0.0143197 0)
(0.00603811 -0.0111142 0)
(0.00655256 -0.00844544 0)
(0.00683715 -0.00661879 0)
(0.00698413 -0.00558214 0)
(0.00704405 -0.00515622 0)
(0.00704173 -0.0051436 0)
(0.0069896 -0.00534857 0)
(0.00689034 -0.00552833 0)
(0.00672743 -0.0052919 0)
(0.00644771 -0.00397708 0)
(0.0059432 -0.00058561 0)
(0.00504472 0.00602825 0)
(0.00370193 0.0164412 0)
(0.00202276 0.0294403 0)
(0.000456794 0.0390419 0)
(-0.000124322 0.0292879 0)
(0.000310251 -0.0119822 0)
(0.00155082 -0.0199158 0)
(0.00242927 -0.0194107 0)
(0.00285501 -0.0157714 0)
(0.00290599 -0.0118203 0)
(0.0027478 -0.00868498 0)
(0.00250311 -0.00659609 0)
(0.00223085 -0.00541054 0)
(0.00195099 -0.00489106 0)
(0.00167048 -0.00481588 0)
(0.00139372 -0.00497729 0)
(0.00111798 -0.00510714 0)
(0.000822921 -0.00475857 0)
(0.000466611 -0.00318717 0)
(-1.69054e-05 0.000674034 0)
(-0.000622784 0.00788373 0)
(-0.0012297 0.0187138 0)
(-0.00158597 0.031423 0)
(-0.00138931 0.0397015 0)
(-0.000361174 0.0285159 0)
(0.000194477 -0.0133815 0)
(0.000439625 -0.0211289 0)
(3.63387e-07 -0.019622 0)
(-0.000847724 -0.0151714 0)
(-0.00181944 -0.0108322 0)
(-0.00274193 -0.00760814 0)
(-0.00355222 -0.00556438 0)
(-0.00425129 -0.00445785 0)
(-0.00486021 -0.00401664 0)
(-0.00539843 -0.00401399 0)
(-0.00588206 -0.0042332 0)
(-0.00633058 -0.0043785 0)
(-0.00676686 -0.00397079 0)
(-0.00719562 -0.00227762 0)
(-0.00755688 0.00163169 0)
(-0.00763472 0.00855766 0)
(-0.0071254 0.0185643 0)
(-0.00573831 0.0298425 0)
(-0.00347757 0.0365845 0)
(-0.00065461 0.0255902 0)
(-7.8362e-05 -0.013165 0)
(-0.00151237 -0.0192443 0)
(-0.00376967 -0.0166335 0)
(-0.00612168 -0.011968 0)
(-0.00815027 -0.00792789 0)
(-0.00976522 -0.00516109 0)
(-0.0110258 -0.00354279 0)
(-0.0120277 -0.00277065 0)
(-0.0128576 -0.00257593 0)
(-0.0135818 -0.00274886 0)
(-0.0142476 -0.00308541 0)
(-0.0148796 -0.00330964 0)
(-0.0154626 -0.00300356 0)
(-0.0159026 -0.0015804 0)
(-0.0159669 0.00164599 0)
(-0.0152715 0.00723821 0)
(-0.0134007 0.0152035 0)
(-0.0100926 0.0240666 0)
(-0.00566876 0.0292296 0)
(-0.000976342 0.0203291 0)
(-0.000640081 -0.0102166 0)
(-0.00434122 -0.0132023 0)
(-0.00842546 -0.0101129 0)
(-0.0118872 -0.00632764 0)
(-0.0143731 -0.00352233 0)
(-0.0160479 -0.00185481 0)
(-0.0171857 -0.00105145 0)
(-0.0180173 -0.000817836 0)
(-0.0187082 -0.00094094 0)
(-0.0193691 -0.0012746 0)
(-0.0200644 -0.00168917 0)
(-0.0208055 -0.00201671 0)
(-0.0215253 -0.00200921 0)
(-0.0220433 -0.00132335 0)
(-0.022023 0.000456066 0)
(-0.0209308 0.00373368 0)
(-0.0182239 0.00860438 0)
(-0.0135934 0.0142372 0)
(-0.007526 0.0178283 0)
(-0.00129322 0.0127958 0)
(-0.00160189 -0.00344568 0)
(-0.00596625 -0.00345964 0)
(-0.00957276 -0.00201559 0)
(-0.0119125 -0.00082362 0)
(-0.0131329 -0.000152175 0)
(-0.0136809 0.000138578 0)
(-0.0139118 0.000207879 0)
(-0.0140423 0.000159035 0)
(-0.0141987 4.73003e-05 0)
(-0.014459 -0.000101272 0)
(-0.0148683 -0.000272332 0)
(-0.0154345 -0.000446761 0)
(-0.0161089 -0.000587224 0)
(-0.0167539 -0.000627415 0)
(-0.017098 -0.000456903 0)
(-0.0167411 9.8726e-05 0)
(-0.0151342 0.00119961 0)
(-0.0118071 0.00279594 0)
(-0.00697894 0.00423488 0)
(-0.00168625 0.00363122 0)
)
;

boundaryField
{
    leftWall
    {
        type            fixedValue;
        value           uniform (0 0 0);
    }
    rightWall
    {
        type            fixedValue;
        value           uniform (0 0 0);
    }
    topWall
    {
        type            fixedValue;
        value           uniform (0 0 0);
    }
    bottomWall
    {
        type            fixedValue;
        value           uniform (0 0 0);
    }
    frontAndBackPlanes
    {
        type            empty;
    }
}


// ************************************************************************* //
