/*--------------------------------*- C++ -*----------------------------------*\
| =========                 |                                                 |
| \\      /  F ield         | OpenFOAM: The Open Source CFD Toolbox           |
|  \\    /   O peration     | Version:  2506                                  |
|   \\  /    A nd           | Website:  www.openfoam.com                      |
|    \\/     M anipulation  |                                                 |
\*---------------------------------------------------------------------------*/
FoamFile
{
    version     2.0;
    format      ascii;
    arch        "LSB;label=32;scalar=64";
    class       volVectorField;
    location    "109.8";
    object      U;
}
// * * * * * * * * * * * * * * * * * * * * * * * * * * * * * * * * * * * * * //

dimensions      [0 1 -1 0 0 0 0];

internalField   nonuniform List<vector> 
200
(
(0.000414067 -0.00110316 0)
(0.00220327 -0.00141972 0)
(0.00414901 -0.00105794 0)
(0.00572501 -0.000587149 0)
(0.00672014 -0.000222361 0)
(0.00725547 -1.27969e-05 0)
(0.00751637 5.79305e-05 0)
(0.00767073 2.68436e-05 0)
(0.00784582 -7.10001e-05 0)
(0.0081297 -0.000212154 0)
(0.00858037 -0.000386324 0)
(0.00923521 -0.000591977 0)
(0.010114 -0.000826506 0)
(0.0112065 -0.00106882 0)
(0.0124298 -0.00124884 0)
(0.0135307 -0.00119343 0)
(0.0139404 -0.000543276 0)
(0.0127661 0.00123415 0)
(0.00911057 0.00421443 0)
(0.0027389 0.00581384 0)
(0.000490755 -0.00443556 0)
(0.00317184 -0.00694923 0)
(0.00613487 -0.00629809 0)
(0.00871241 -0.00457375 0)
(0.0105853 -0.00286004 0)
(0.0118086 -0.00160866 0)
(0.0125754 -0.00091491 0)
(0.013088 -0.000707133 0)
(0.0135085 -0.000860419 0)
(0.0139469 -0.00125531 0)
(0.0144651 -0.00179754 0)
(0.0150812 -0.00240799 0)
(0.0157655 -0.00298599 0)
(0.0164195 -0.00334401 0)
(0.016838 -0.0031133 0)
(0.0166571 -0.00163878 0)
(0.0152861 0.00202935 0)
(0.0120795 0.00857662 0)
(0.00700859 0.0164927 0)
(0.00119142 0.016693 0)
(0.000482893 -0.00795026 0)
(0.00310403 -0.0128782 0)
(0.00592697 -0.0120955 0)
(0.00838554 -0.00921375 0)
(0.0102004 -0.00619009 0)
(0.0114243 -0.0038606 0)
(0.0122245 -0.00242937 0)
(0.0127653 -0.00179864 0)
(0.0131697 -0.00176365 0)
(0.0135138 -0.00211238 0)
(0.0138322 -0.00265912 0)
(0.0141214 -0.00322885 0)
(0.0143343 -0.00359997 0)
(0.0143629 -0.00341221 0)
(0.0140119 -0.00206106 0)
(0.0129631 0.00134619 0)
(0.0109183 0.00769478 0)
(0.00772904 0.0170552 0)
(0.00382365 0.0261468 0)
(0.000440385 0.022481 0)
(0.000436078 -0.0112143 0)
(0.0026774 -0.0181357 0)
(0.00491918 -0.0170276 0)
(0.00675075 -0.0130216 0)
(0.00801748 -0.00884663 0)
(0.00882373 -0.00562554 0)
(0.00932986 -0.00360049 0)
(0.00966101 -0.00261122 0)
(0.00989108 -0.0023677 0)
(0.0100548 -0.00258189 0)
(0.0101618 -0.00300506 0)
(0.0102024 -0.00339818 0)
(0.0101403 -0.0034527 0)
(0.00989602 -0.00268327 0)
(0.00932607 -0.000343503 0)
(0.00823652 0.0045004 0)
(0.00650289 0.0125564 0)
(0.00415284 0.0232826 0)
(0.00166134 0.0320929 0)
(6.83238e-05 0.0250927 0)
(0.000371404 -0.0139427 0)
(0.00204535 -0.022122 0)
(0.00345119 -0.0203938 0)
(0.0044034 -0.0153301 0)
(0.00491955 -0.010271 0)
(0.00516333 -0.00647541 0)
(0.00527797 -0.00412287 0)
(0.00533847 -0.00294695 0)
(0.00536754 -0.00257564 0)
(0.00536484 -0.00267652 0)
(0.00532544 -0.00297869 0)
(0.00524186 -0.00321693 0)
(0.00509287 -0.00302796 0)
(0.00482591 -0.00183707 0)
(0.00433642 0.00118847 0)
(0.00354015 0.00694149 0)
(0.0024071 0.0159268 0)
(0.00108974 0.0270503 0)
(-6.83266e-07 0.0349463 0)
(-0.000173232 0.0256596 0)
(0.000282814 -0.0159479 0)
(0.00117384 -0.0244446 0)
(0.00149987 -0.0218135 0)
(0.0013944 -0.0158746 0)
(0.0010714 -0.0103152 0)
(0.00072096 -0.00633472 0)
(0.000430307 -0.00395502 0)
(0.000206111 -0.00278963 0)
(2.3849e-05 -0.00241434 0)
(-0.00013902 -0.00249223 0)
(-0.000294625 -0.00275914 0)
(-0.000452949 -0.00293849 0)
(-0.000633877 -0.00262477 0)
(-0.000871471 -0.00118529 0)
(-0.00120844 0.00223184 0)
(-0.00161736 0.00841535 0)
(-0.0019807 0.0175863 0)
(-0.00205123 0.0282235 0)
(-0.0015671 0.0348295 0)
(-0.00036503 0.0245301 0)
(0.000153166 -0.0168574 0)
(-0.00011011 -0.0245314 0)
(-0.00120086 -0.0208013 0)
(-0.00253244 -0.0143755 0)
(-0.00374927 -0.00886965 0)
(-0.00470857 -0.00516939 0)
(-0.00541736 -0.00307336 0)
(-0.00594114 -0.00211227 0)
(-0.00634448 -0.00186497 0)
(-0.00667143 -0.00202255 0)
(-0.0069492 -0.00233703 0)
(-0.00719804 -0.00252558 0)
(-0.00743266 -0.002173 0)
(-0.00764395 -0.000675576 0)
(-0.00775938 0.00270417 0)
(-0.00760321 0.00857884 0)
(-0.00692212 0.0169621 0)
(-0.00546509 0.0262752 0)
(-0.00324793 0.0315351 0)
(-0.000593632 0.0216592 0)
(-0.000176199 -0.0159799 0)
(-0.00219099 -0.0214279 0)
(-0.0049772 -0.0167944 0)
(-0.00760828 -0.0106401 0)
(-0.00965045 -0.00589814 0)
(-0.0110913 -0.00297726 0)
(-0.0120767 -0.00148495 0)
(-0.0127633 -0.000936902 0)
(-0.0132712 -0.000956416 0)
(-0.0136827 -0.00128124 0)
(-0.0140491 -0.00169958 0)
(-0.0143905 -0.00196527 0)
(-0.0146856 -0.00173064 0)
(-0.0148429 -0.000522086 0)
(-0.0146528 0.00220698 0)
(-0.0138145 0.00690754 0)
(-0.0119777 0.0135369 0)
(-0.00892908 0.0208006 0)
(-0.00496108 0.0247953 0)
(-0.000838422 0.0169532 0)
(-0.000808088 -0.0121953 0)
(-0.00517153 -0.0142538 0)
(-0.00959186 -0.0096329 0)
(-0.0130022 -0.0049584 0)
(-0.0151561 -0.00189032 0)
(-0.0163704 -0.000314972 0)
(-0.017033 0.00026005 0)
(-0.0174272 0.000259337 0)
(-0.017722 -4.60827e-05 0)
(-0.0180216 -0.000493421 0)
(-0.0183806 -0.000959626 0)
(-0.0187988 -0.00130543 0)
(-0.0192083 -0.00133324 0)
(-0.0194476 -0.000769655 0)
(-0.0192238 0.000719768 0)
(-0.0181074 0.00346196 0)
(-0.0156426 0.00749601 0)
(-0.0115798 0.0120896 0)
(-0.00635358 0.0148863 0)
(-0.00107546 0.0105118 0)
(-0.00195042 -0.0041659 0)
(-0.00694722 -0.00369684 0)
(-0.0105795 -0.0017591 0)
(-0.0125426 -0.000371627 0)
(-0.0132422 0.000297195 0)
(-0.013288 0.000501899 0)
(-0.0130879 0.000469347 0)
(-0.0128648 0.000340941 0)
(-0.0127419 0.000178961 0)
(-0.0127738 4.53109e-06 0)
(-0.0129768 -0.000170605 0)
(-0.0133403 -0.000332604 0)
(-0.0138088 -0.000454121 0)
(-0.0142564 -0.000483562 0)
(-0.0144548 -0.000333068 0)
(-0.0140633 0.000135364 0)
(-0.0126272 0.00103831 0)
(-0.00977708 0.00232407 0)
(-0.00572382 0.00345755 0)
(-0.00136212 0.00292573 0)
)
;

boundaryField
{
    leftWall
    {
        type            fixedValue;
        value           uniform (0 0 0);
    }
    rightWall
    {
        type            fixedValue;
        value           uniform (0 0 0);
    }
    topWall
    {
        type            fixedValue;
        value           uniform (0 0 0);
    }
    bottomWall
    {
        type            fixedValue;
        value           uniform (0 0 0);
    }
    frontAndBackPlanes
    {
        type            empty;
    }
}


// ************************************************************************* //
