/*--------------------------------*- C++ -*----------------------------------*\
| =========                 |                                                 |
| \\      /  F ield         | OpenFOAM: The Open Source CFD Toolbox           |
|  \\    /   O peration     | Version:  2506                                  |
|   \\  /    A nd           | Website:  www.openfoam.com                      |
|    \\/     M anipulation  |                                                 |
\*---------------------------------------------------------------------------*/
FoamFile
{
    version     2.0;
    format      ascii;
    arch        "LSB;label=32;scalar=64";
    class       surfaceScalarField;
    location    "120.6";
    object      phi;
}
// * * * * * * * * * * * * * * * * * * * * * * * * * * * * * * * * * * * * * //

dimensions      [1 0 -1 0 0 0 0];

oriented        oriented;

internalField   nonuniform List<scalar> 
370
(
0.000324357
-0.000358837
0.000853454
-0.000529036
0.00131135
-0.000457813
0.00162525
-0.00031379
0.00180466
-0.000179289
0.00189047
-8.56684e-05
0.00192765
-3.70444e-05
0.00195335
-2.55485e-05
0.00199437
-4.08586e-05
0.00206863
-7.40888e-05
0.00218724
-0.000118434
0.00235636
-0.000168939
0.0025764
-0.000219851
0.00283602
-0.000259428
0.00309846
-0.000262247
0.00327599
-0.000177325
0.0031975
7.8691e-05
0.00265053
0.000547174
0.00143632
0.00121439
0.00143641
0.000445128
-0.000803933
0.00119129
-0.00127512
0.00190196
-0.00116836
0.00244895
-0.000860643
0.0028192
-0.000549381
0.00304957
-0.000315879
0.00319028
-0.000177593
0.00328713
-0.000122231
0.00337416
-0.000127719
0.00347251
-0.000172259
0.00359191
-0.000237661
0.00373103
-0.000307869
0.00387471
-0.000363342
0.0039871
-0.000371625
0.00400034
-0.000275299
0.0038084
1.48261e-05
0.00327303
0.00061426
0.00226395
0.00155646
0.000913371
0.00256514
0.00234987
0.000428008
-0.0012319
0.00112441
-0.00197141
0.00178494
-0.00182873
0.00229819
-0.00137371
0.00265528
-0.00090628
0.00288871
-0.000549119
0.00303948
-0.000328172
0.00314245
-0.000225004
0.00322171
-0.000206787
0.00329063
-0.000240984
0.00335293
-0.000299759
0.00340258
-0.00035732
0.00342115
-0.000381715
0.00337273
-0.000322994
0.00319979
-0.000102149
0.00282784
0.000386987
0.00220629
0.00123602
0.0013469
0.00241606
0.00045438
0.00345783
0.00280433
0.000365775
-0.00159763
0.000922891
-0.0025284
0.00141609
-0.00232175
0.00177343
-0.00173085
0.00200701
-0.00113965
0.00215342
-0.000695307
0.00224637
-0.000420902
0.00230842
-0.000286847
0.00235158
-0.000249728
0.00238045
-0.000269638
0.00239466
-0.000313759
0.00238867
-0.000351122
0.00234886
-0.000341683
0.00224941
-0.000223328
0.00205196
9.55171e-05
0.00171986
0.000719311
0.0012387
0.0017174
0.00066322
0.00299175
0.00016708
0.00395414
0.00297149
0.000281488
-0.00187906
0.000648604
-0.00289538
0.000917432
-0.00259038
0.00106977
-0.00188296
0.00114313
-0.00121279
0.00117674
-0.000728686
0.00119429
-0.000438229
0.00120487
-0.000297205
0.00120935
-0.000253984
0.00120612
-0.000266191
0.00119337
-0.000300794
0.0011677
-0.000325233
0.0011205
-0.000294268
0.00103494
-0.000137545
0.000887917
0.000242766
0.000664794
0.000942663
0.000379034
0.00200339
0.000102342
0.00326866
-4.22082e-05
0.00409886
0.00292935
0.000172442
-0.00205145
0.000296017
-0.0030188
0.000295896
-0.00259005
0.000219921
-0.00180676
0.000125885
-0.00111852
4.50589e-05
-0.000647635
-1.55501e-05
-0.000377401
-6.08606e-05
-0.000251678
-9.78152e-05
-0.000216814
-0.000131095
-0.000232697
-0.000163351
-0.000268324
-0.000197914
-0.000290457
-0.000241102
-0.000250864
-0.000301316
-7.71095e-05
-0.000380683
0.00032236
-0.000465955
0.00102817
-0.000514488
0.00205215
-0.000455333
0.00320971
-0.000241714
0.0038854
0.00268769
-3.97478e-07
-0.00205099
-0.000192279
-0.00282675
-0.000507779
-0.00227435
-0.000830253
-0.00148407
-0.00109637
-0.000852186
-0.00129415
-0.000449645
-0.00143645
-0.000234887
-0.00154097
-0.000146946
-0.00162141
-0.000136171
-0.00168632
-0.000167582
-0.00174113
-0.000213306
-0.00178961
-0.000241771
-0.00183225
-0.000208016
-0.00186068
-4.84629e-05
-0.00184641
0.000308302
-0.0017441
0.000926073
-0.00149211
0.00180038
-0.00104266
0.00276045
-0.000444104
0.00328699
0.00224365
-0.000267862
-0.00178306
-0.000889221
-0.00220523
-0.00156498
-0.00159838
-0.00212831
-0.000920526
-0.00253928
-0.00044101
-0.0028204
-0.00016831
-0.00301
-4.50881e-05
-0.0031418
-1.49507e-05
-0.00324056
-3.7215e-05
-0.00332234
-8.56116e-05
-0.00339547
-0.000139986
-0.0034594
-0.000177652
-0.00350054
-0.000166685
-0.00348517
-6.36418e-05
-0.00335768
0.000181
-0.00304441
0.000612996
-0.00247522
0.00123137
-0.00163165
0.00191704
-0.000650723
0.00230619
0.00159297
-0.000689766
-0.00109322
-0.00180753
-0.0010873
-0.00276379
-0.000641911
-0.00340928
-0.000274833
-0.00378785
-6.22351e-05
-0.00399311
3.71465e-05
-0.00410364
6.56304e-05
-0.00417078
5.23686e-05
-0.00422757
1.97563e-05
-0.00429329
-1.97306e-05
-0.0043735
-5.96039e-05
-0.00445977
-9.12218e-05
-0.00452484
-0.000101467
-0.00451626
-7.20641e-05
-0.00435769
2.25781e-05
-0.00394585
0.000201295
-0.00319387
0.000479527
-0.0020882
0.000811503
-0.000818062
0.00103614
0.000774951
-0.00109313
-0.00218027
-0.00282198
-0.00309661
-0.00315865
-0.00312132
-0.00305551
-0.00300298
-0.00298306
-0.00300264
-0.00306211
-0.0031532
-0.00325454
-0.00332648
-0.00330379
-0.0031024
-0.00262277
-0.00181118
-0.000774978
)
;

boundaryField
{
    leftWall
    {
        type            calculated;
        value           nonuniform List<scalar> 10(0 0 0 0 -2.1684e-19 0 0 -4.33681e-19 0 0);
    }
    rightWall
    {
        type            calculated;
        value           nonuniform List<scalar> 10(0 0 0 0 0 0 4.33681e-19 -4.33681e-19 0 0);
    }
    topWall
    {
        type            calculated;
        value           uniform 0;
    }
    bottomWall
    {
        type            calculated;
        value           uniform 0;
    }
    frontAndBackPlanes
    {
        type            empty;
    }
}


// ************************************************************************* //
