/*--------------------------------*- C++ -*----------------------------------*\
| =========                 |                                                 |
| \\      /  F ield         | OpenFOAM: The Open Source CFD Toolbox           |
|  \\    /   O peration     | Version:  2506                                  |
|   \\  /    A nd           | Website:  www.openfoam.com                      |
|    \\/     M anipulation  |                                                 |
\*---------------------------------------------------------------------------*/
FoamFile
{
    version     2.0;
    format      ascii;
    arch        "LSB;label=32;scalar=64";
    class       surfaceScalarField;
    location    "59.2";
    object      phi;
}
// * * * * * * * * * * * * * * * * * * * * * * * * * * * * * * * * * * * * * //

dimensions      [1 0 -1 0 0 0 0];

oriented        oriented;

internalField   nonuniform List<scalar> 
370
(
5.74447e-05
-0.00013099
0.000290633
-0.000233129
0.000539076
-0.000248353
0.000762196
-0.000223011
0.000947535
-0.000185218
0.00110068
-0.00015302
0.0012357
-0.000134886
0.001369
-0.000133161
0.00151648
-0.00014734
0.0016926
-0.000175968
0.00190995
-0.000217196
0.00217809
-0.000267987
0.0024997
-0.000321445
0.00286258
-0.000362708
0.00322504
-0.000362282
0.00349093
-0.000265712
0.00346116
2.99497e-05
0.00291409
0.000547256
0.00160854
0.00130571
0.00160864
0.00021088
-0.000341831
0.000623497
-0.000645634
0.00107966
-0.000704355
0.00149828
-0.000641441
0.00185378
-0.000540509
0.00215008
-0.000449107
0.00240417
-0.000388758
0.00263643
-0.000365208
0.00286548
-0.000376171
0.00310555
-0.000415814
0.00336462
-0.000476033
0.00364145
-0.000544573
0.00392008
-0.000599832
0.00416013
-0.000602509
0.00428335
-0.000485239
0.00416352
-0.000145635
0.00365123
0.000542499
0.00257021
0.00162851
0.00105788
0.00281825
0.00266663
0.000274033
-0.000615798
0.000766038
-0.00113745
0.00128711
-0.00122516
0.00174965
-0.00110367
0.00212957
-0.000920108
0.00243423
-0.000753435
0.00268235
-0.000636545
0.00289344
-0.000575967
0.00308305
-0.000565448
0.00326095
-0.000593386
0.00343008
-0.000644824
0.00358429
-0.000698437
0.00370363
-0.000718829
0.00374691
-0.000645431
0.00364457
-0.000382545
0.00330166
0.000197626
0.00263839
0.0012061
0.00165649
0.00261073
0.000584667
0.00389035
0.00325143
0.000293316
-0.000909023
0.000790076
-0.00163396
0.00128287
-0.00171759
0.00169026
-0.00151065
0.00199983
-0.00122925
0.0022279
-0.000981061
0.00239708
-0.000805292
0.00252653
-0.000704988
0.00262924
-0.00066773
0.00271239
-0.000676114
0.002778
-0.000710004
0.00282187
-0.000741869
0.00282984
-0.000726357
0.00277178
-0.000586919
0.00259753
-0.000207854
0.00224547
0.000550124
0.00168293
0.00176906
0.000959869
0.00333416
0.00028205
0.00456847
0.00353362
0.000281023
-0.00118993
0.000713064
-0.0020657
0.00109711
-0.0021012
0.0013743
-0.00178734
0.00155248
-0.00140692
0.00165922
-0.00108729
0.00171996
-0.000865531
0.00175184
-0.000736372
0.00176462
-0.000680017
0.00176348
-0.000674478
0.00175068
-0.000696713
0.0017248
-0.000715479
0.00167738
-0.000678424
0.00158877
-0.000497784
0.00142602
-4.45783e-05
0.00115216
0.000824492
0.000767457
0.00215425
0.000344939
0.00375712
4.41665e-05
0.00486959
0.00357794
0.000225912
-0.00141571
0.000507071
-0.0023465
0.000692091
-0.00228573
0.000765997
-0.0018607
0.00076406
-0.00140442
0.000721693
-0.00104437
0.000661322
-0.00080462
0.000593869
-0.000668386
0.000524044
-0.000609663
0.000454234
-0.000604136
0.00038529
-0.00062723
0.000314764
-0.000644403
0.000234605
-0.000597703
0.000131481
-0.000394084
-6.04422e-06
9.35368e-05
-0.000163877
0.000982899
-0.000302893
0.0022938
-0.00034377
0.00379846
-0.00021436
0.00474053
0.00336372
9.96502e-05
-0.00151522
0.000104093
-0.00235055
-2.26261e-05
-0.00215848
-0.000223962
-0.00165879
-0.000444875
-0.00118294
-0.000654555
-0.000834132
-0.000842852
-0.000615774
-0.00100995
-0.000500748
-0.00115891
-0.000460153
-0.00129295
-0.000469551
-0.00141572
-0.00050392
-0.00153197
-0.000527591
-0.00164552
-0.000483584
-0.00175142
-0.000287613
-0.00182035
0.000163055
-0.00178923
0.000952357
-0.00157969
0.00208479
-0.0011327
0.00335193
-0.000494977
0.00410315
0.00286888
-0.000146485
-0.00136856
-0.000568712
-0.00192789
-0.00110432
-0.00162232
-0.00161973
-0.00114281
-0.00205907
-0.000743031
-0.00241592
-0.000476738
-0.00270462
-0.000326537
-0.00294397
-0.000260862
-0.00315063
-0.000252971
-0.00333742
-0.000282238
-0.00351269
-0.000328132
-0.0036773
-0.000362466
-0.00381763
-0.000342731
-0.00389505
-0.000209666
-0.00383744
0.000105967
-0.00354617
0.000661603
-0.0029287
0.0014678
-0.00195682
0.00238048
-0.000791076
0.00293772
0.00207793
-0.00052575
-0.000842618
-0.00146398
-0.000989204
-0.00237053
-0.000715227
-0.00308257
-0.000430212
-0.00359482
-0.000230244
-0.00395494
-0.000116111
-0.00421679
-6.41911e-05
-0.0044249
-5.22693e-05
-0.00461164
-6.5763e-05
-0.00479818
-9.52497e-05
-0.00499401
-0.000131851
-0.00519238
-0.000163661
-0.00536179
-0.000172896
-0.00543684
-0.000134198
-0.0053196
-1.08589e-05
-0.00487575
0.00021816
-0.00398995
0.000582392
-0.00263655
0.00102741
-0.00104462
0.00134605
0.00103342
-0.000842408
-0.00183115
-0.00254584
-0.00297551
-0.00320525
-0.00332089
-0.00338464
-0.00343649
-0.00350185
-0.00359672
-0.0037282
-0.00389151
-0.00406407
-0.00419795
-0.0042085
-0.00399005
-0.00340739
-0.00237973
-0.0010335
)
;

boundaryField
{
    leftWall
    {
        type            calculated;
        value           nonuniform List<scalar> 10(0 0 1.35525e-20 0 0 0 2.1684e-19 0 0 4.33681e-19);
    }
    rightWall
    {
        type            calculated;
        value           nonuniform List<scalar> 10(0 0 0 0 0 0 0 0 -4.33681e-19 4.33681e-19);
    }
    topWall
    {
        type            calculated;
        value           uniform 0;
    }
    bottomWall
    {
        type            calculated;
        value           uniform 0;
    }
    frontAndBackPlanes
    {
        type            empty;
    }
}


// ************************************************************************* //
