/*--------------------------------*- C++ -*----------------------------------*\
| =========                 |                                                 |
| \\      /  F ield         | OpenFOAM: The Open Source CFD Toolbox           |
|  \\    /   O peration     | Version:  2506                                  |
|   \\  /    A nd           | Website:  www.openfoam.com                      |
|    \\/     M anipulation  |                                                 |
\*---------------------------------------------------------------------------*/
FoamFile
{
    version     2.0;
    format      ascii;
    arch        "LSB;label=32;scalar=64";
    class       volVectorField;
    location    "33.2";
    object      U;
}
// * * * * * * * * * * * * * * * * * * * * * * * * * * * * * * * * * * * * * //

dimensions      [0 1 -1 0 0 0 0];

internalField   nonuniform List<vector> 
200
(
(-0.000233914 -0.00010607 0)
(-4.87853e-05 -0.000257675 0)
(0.00072129 -0.00037627 0)
(0.00181018 -0.000494059 0)
(0.00303021 -0.000559874 0)
(0.00430878 -0.000572045 0)
(0.0055659 -0.00055408 0)
(0.00675598 -0.00053197 0)
(0.00787183 -0.000528348 0)
(0.00893583 -0.000560674 0)
(0.00998841 -0.000640534 0)
(0.0110758 -0.000772672 0)
(0.0122341 -0.000951364 0)
(0.0134664 -0.00114989 0)
(0.0146993 -0.00129678 0)
(0.0156907 -0.001222 0)
(0.0159047 -0.000558965 0)
(0.01444 0.00129399 0)
(0.0103102 0.00455025 0)
(0.00309634 0.00651715 0)
(6.11859e-05 -0.000757224 0)
(0.000961148 -0.0021969 0)
(0.00264256 -0.00339199 0)
(0.00482217 -0.00421338 0)
(0.00722119 -0.00460505 0)
(0.00963218 -0.00464201 0)
(0.0119177 -0.00445205 0)
(0.0140048 -0.00416687 0)
(0.0158718 -0.00389512 0)
(0.017529 -0.0037094 0)
(0.0189966 -0.00363932 0)
(0.0202813 -0.00366342 0)
(0.0213505 -0.00369234 0)
(0.0221019 -0.00353298 0)
(0.0223245 -0.0028213 0)
(0.0216498 -0.000916331 0)
(0.0194972 0.00315404 0)
(0.0152171 0.0102121 0)
(0.00881983 0.0189094 0)
(0.0015243 0.019314 0)
(0.000163356 -0.0020514 0)
(0.00161233 -0.00552654 0)
(0.00392838 -0.00808007 0)
(0.00671165 -0.00956259 0)
(0.0095677 -0.0100671 0)
(0.0122489 -0.00984022 0)
(0.0146293 -0.00917298 0)
(0.0166669 -0.00832368 0)
(0.0183707 -0.00747922 0)
(0.0197704 -0.00674047 0)
(0.0208895 -0.00611607 0)
(0.0217204 -0.00551256 0)
(0.0222008 -0.00471261 0)
(0.0221907 -0.00333562 0)
(0.0214459 -0.000779001 0)
(0.0196163 0.00380134 0)
(0.0163879 0.0112635 0)
(0.0116274 0.0217603 0)
(0.00591907 0.0319074 0)
(0.000776242 0.0274003 0)
(0.000224723 -0.0039555 0)
(0.00201843 -0.00989655 0)
(0.00464052 -0.0137111 0)
(0.00754964 -0.0154993 0)
(0.0102817 -0.0156613 0)
(0.0126023 -0.0147413 0)
(0.0144461 -0.013261 0)
(0.0158461 -0.0116226 0)
(0.0168792 -0.0100775 0)
(0.017627 -0.00872653 0)
(0.0181463 -0.0075257 0)
(0.0184468 -0.00628171 0)
(0.0184733 -0.00463427 0)
(0.0180928 -0.00203166 0)
(0.0170545 0.00227958 0)
(0.015136 0.00911569 0)
(0.0121372 0.0191158 0)
(0.0081069 0.0316665 0)
(0.0037175 0.0416782 0)
(0.000376373 0.0323893 0)
(0.000278076 -0.00620153 0)
(0.00217468 -0.0146429 0)
(0.00466463 -0.0193409 0)
(0.00714308 -0.0208836 0)
(0.00916304 -0.0201682 0)
(0.0105724 -0.0181591 0)
(0.0114158 -0.0156547 0)
(0.0118307 -0.0131938 0)
(0.0119756 -0.0110575 0)
(0.0119853 -0.00930461 0)
(0.0119459 -0.00780065 0)
(0.0118794 -0.00622403 0)
(0.0117361 -0.00405684 0)
(0.0113919 -0.000587263 0)
(0.0106071 0.00502123 0)
(0.00921997 0.0135316 0)
(0.00710504 0.025284 0)
(0.00438527 0.03894 0)
(0.00165935 0.0481383 0)
(5.34537e-05 0.0350341 0)
(0.000294187 -0.00847545 0)
(0.00188672 -0.0189351 0)
(0.00362128 -0.0238281 0)
(0.00498414 -0.0244916 0)
(0.00567433 -0.0224613 0)
(0.00569928 -0.0191915 0)
(0.00524861 -0.0157396 0)
(0.00455711 -0.012724 0)
(0.00383207 -0.010387 0)
(0.00321629 -0.00868427 0)
(0.0027776 -0.00734555 0)
(0.00251278 -0.00589719 0)
(0.00235628 -0.00366372 0)
(0.00218497 0.000205097 0)
(0.00185115 0.00659673 0)
(0.00127568 0.0161545 0)
(0.000467566 0.0288753 0)
(-0.000351329 0.0428017 0)
(-0.000777194 0.0507409 0)
(-0.000293051 0.0352796 0)
(0.000220703 -0.0101611 0)
(0.000857603 -0.0214423 0)
(0.00101603 -0.0256194 0)
(0.00050222 -0.0249061 0)
(-0.000681152 -0.0214687 0)
(-0.00229789 -0.017195 0)
(-0.00404524 -0.0132919 0)
(-0.00569391 -0.0103164 0)
(-0.00709401 -0.00835024 0)
(-0.00818044 -0.00717249 0)
(-0.00895367 -0.00636143 0)
(-0.00945162 -0.00533005 0)
(-0.00972204 -0.00333431 0)
(-0.00979223 0.000485893 0)
(-0.00962685 0.00694233 0)
(-0.0091135 0.0164677 0)
(-0.0080707 0.0287454 0)
(-0.00627915 0.0415494 0)
(-0.00375219 0.0480816 0)
(-0.000720711 0.0325808 0)
(-3.26473e-05 -0.0102429 0)
(-0.00119387 -0.0203511 0)
(-0.00344742 -0.0229039 0)
(-0.00639603 -0.0208179 0)
(-0.00956228 -0.0166643 0)
(-0.0125822 -0.0123231 0)
(-0.0152412 -0.00883687 0)
(-0.0174605 -0.0065444 0)
(-0.0192542 -0.00534039 0)
(-0.0206817 -0.00488451 0)
(-0.0218038 -0.00471005 0)
(-0.0226451 -0.00425621 0)
(-0.0231612 -0.00287262 0)
(-0.0232008 0.000151216 0)
(-0.0224659 0.00546885 0)
(-0.0206681 0.0134123 0)
(-0.0174757 0.0236103 0)
(-0.0127588 0.034084 0)
(-0.00700646 0.0392518 0)
(-0.00120129 0.0264455 0)
(-0.000491799 -0.00765838 0)
(-0.00393369 -0.0142654 0)
(-0.00874228 -0.015008 0)
(-0.0137733 -0.0125518 0)
(-0.0181906 -0.00902925 0)
(-0.0216952 -0.00582024 0)
(-0.0243295 -0.00355738 0)
(-0.0262961 -0.00233889 0)
(-0.027835 -0.00197481 0)
(-0.0291448 -0.00215567 0)
(-0.0303363 -0.00252985 0)
(-0.0314064 -0.00271934 0)
(-0.0322171 -0.00231087 0)
(-0.0324761 -0.00085292 0)
(-0.0316984 0.00212294 0)
(-0.0293373 0.00696356 0)
(-0.0248615 0.0134968 0)
(-0.0180946 0.0204704 0)
(-0.00981847 0.0243315 0)
(-0.00166925 0.0168908 0)
(-0.000969185 -0.0022369 0)
(-0.00473446 -0.00362979 0)
(-0.00945148 -0.00338101 0)
(-0.0137445 -0.00241456 0)
(-0.0168921 -0.00135424 0)
(-0.0188729 -0.000525601 0)
(-0.0199818 -3.15582e-05 0)
(-0.0205848 0.000151965 0)
(-0.0210003 9.88515e-05 0)
(-0.0214546 -0.000108462 0)
(-0.0220722 -0.000392784 0)
(-0.0228716 -0.000679588 0)
(-0.0237544 -0.000885696 0)
(-0.0244839 -0.000903268 0)
(-0.0246622 -0.000573204 0)
(-0.0237323 0.000337886 0)
(-0.0210173 0.00195668 0)
(-0.016056 0.00411018 0)
(-0.00930886 0.00587497 0)
(-0.00222265 0.00483338 0)
)
;

boundaryField
{
    leftWall
    {
        type            fixedValue;
        value           uniform (0 0 0);
    }
    rightWall
    {
        type            fixedValue;
        value           uniform (0 0 0);
    }
    topWall
    {
        type            fixedValue;
        value           uniform (0 0 0);
    }
    bottomWall
    {
        type            fixedValue;
        value           uniform (0 0 0);
    }
    frontAndBackPlanes
    {
        type            empty;
    }
}


// ************************************************************************* //
