/*--------------------------------*- C++ -*----------------------------------*\
| =========                 |                                                 |
| \\      /  F ield         | OpenFOAM: The Open Source CFD Toolbox           |
|  \\    /   O peration     | Version:  2506                                  |
|   \\  /    A nd           | Website:  www.openfoam.com                      |
|    \\/     M anipulation  |                                                 |
\*---------------------------------------------------------------------------*/
FoamFile
{
    version     2.0;
    format      ascii;
    arch        "LSB;label=32;scalar=64";
    class       volVectorField;
    location    "69.6";
    object      U;
}
// * * * * * * * * * * * * * * * * * * * * * * * * * * * * * * * * * * * * * //

dimensions      [0 1 -1 0 0 0 0];

internalField   nonuniform List<vector> 
200
(
(7.9648e-05 -0.000548021 0)
(0.001003 -0.000775427 0)
(0.00224769 -0.000652835 0)
(0.00340912 -0.000460388 0)
(0.00429334 -0.000293366 0)
(0.00494655 -0.00018816 0)
(0.00545312 -0.000152434 0)
(0.00590418 -0.000178488 0)
(0.00638183 -0.000255637 0)
(0.00695465 -0.000376911 0)
(0.00767885 -0.000540666 0)
(0.00859982 -0.000747783 0)
(0.00974697 -0.000993336 0)
(0.0111149 -0.00125004 0)
(0.0126171 -0.00143978 0)
(0.0139835 -0.00138246 0)
(0.0145991 -0.000706773 0)
(0.0135194 0.00117858 0)
(0.00975993 0.00440383 0)
(0.0029615 0.00626581 0)
(0.000288392 -0.00246498 0)
(0.0020454 -0.0042746 0)
(0.00418533 -0.00433502 0)
(0.00622582 -0.00365642 0)
(0.00790503 -0.00283322 0)
(0.00921145 -0.00217577 0)
(0.0102386 -0.00179902 0)
(0.0111029 -0.00170998 0)
(0.0119083 -0.00186992 0)
(0.0127344 -0.00222915 0)
(0.0136318 -0.00273802 0)
(0.0146181 -0.00333622 0)
(0.015665 -0.00391869 0)
(0.0166706 -0.00427473 0)
(0.0174125 -0.00400027 0)
(0.0174922 -0.00239836 0)
(0.0162793 0.00154807 0)
(0.0130321 0.00863847 0)
(0.0076639 0.0173659 0)
(0.00132773 0.0180333 0)
(0.000354749 -0.00492005 0)
(0.00239546 -0.00869965 0)
(0.00474905 -0.0089866 0)
(0.00694702 -0.00772227 0)
(0.00872644 -0.00610618 0)
(0.010084 -0.00474326 0)
(0.011118 -0.00385586 0)
(0.0119392 -0.00345803 0)
(0.0126371 -0.0034712 0)
(0.0132715 -0.00378725 0)
(0.0138719 -0.00428846 0)
(0.0144349 -0.00482925 0)
(0.0149134 -0.00518102 0)
(0.0151939 -0.00494397 0)
(0.015063 -0.00344717 0)
(0.0141711 0.000292297 0)
(0.0121253 0.00729237 0)
(0.00873468 0.0176503 0)
(0.00442987 0.0279273 0)
(0.000544564 0.0245616 0)
(0.000368916 -0.00760193 0)
(0.00239116 -0.0132809 0)
(0.00457099 -0.0135689 0)
(0.00648563 -0.0115463 0)
(0.00793341 -0.00904131 0)
(0.00895792 -0.00692844 0)
(0.0096764 -0.005499 0)
(0.0101946 -0.00474312 0)
(0.0105844 -0.00452688 0)
(0.0108866 -0.00468406 0)
(0.0111185 -0.00504166 0)
(0.0112766 -0.00539066 0)
(0.0113282 -0.00540897 0)
(0.0111919 -0.00455329 0)
(0.0107126 -0.00197118 0)
(0.00963659 0.00343709 0)
(0.00778313 0.0124797 0)
(0.00513854 0.0245921 0)
(0.00220652 0.0348323 0)
(0.000151931 0.0278217 0)
(0.000358234 -0.0101788 0)
(0.0021243 -0.0173595 0)
(0.00381 -0.0173261 0)
(0.00511549 -0.0143983 0)
(0.00595738 -0.0110079 0)
(0.00644478 -0.00822718 0)
(0.00671018 -0.00634961 0)
(0.00684484 -0.00530138 0)
(0.00689708 -0.00488317 0)
(0.00688959 -0.00488332 0)
(0.00683335 -0.00509868 0)
(0.00673023 -0.00528565 0)
(0.0065636 -0.00505873 0)
(0.00628063 -0.0037672 0)
(0.00577284 -0.000429374 0)
(0.00488146 0.00607669 0)
(0.00355924 0.0163299 0)
(0.00191784 0.0291414 0)
(0.000399094 0.0385955 0)
(-0.00013479 0.0289224 0)
(0.000309021 -0.0123731 0)
(0.00152397 -0.0203659 0)
(0.00235565 -0.0196429 0)
(0.00273292 -0.015768 0)
(0.00274865 -0.0116509 0)
(0.00257162 -0.00842741 0)
(0.00232149 -0.0063079 0)
(0.00205234 -0.0051245 0)
(0.00177987 -0.00462023 0)
(0.00150827 -0.00456091 0)
(0.0012405 -0.00473327 0)
(0.00097338 -0.0048697 0)
(0.000687103 -0.00452996 0)
(0.000341491 -0.00298289 0)
(-0.000131492 0.000818335 0)
(-0.00072234 0.00789981 0)
(-0.00130726 0.0185426 0)
(-0.00163679 0.0310395 0)
(-0.00141205 0.039169 0)
(-0.000363237 0.0281082 0)
(0.000189779 -0.0137341 0)
(0.000390294 -0.0214807 0)
(-0.000108741 -0.0197417 0)
(-0.00100406 -0.015083 0)
(-0.00199852 -0.0106187 0)
(-0.00292295 -0.007342 0)
(-0.00372144 -0.00529071 0)
(-0.00440164 -0.004198 0)
(-0.00498919 -0.00377602 0)
(-0.00550596 -0.00378931 0)
(-0.00596891 -0.00401825 0)
(-0.00639734 -0.00416959 0)
(-0.0068132 -0.00377258 0)
(-0.00722003 -0.0021098 0)
(-0.00755748 0.00172874 0)
(-0.00761469 0.00852781 0)
(-0.00709336 0.0183534 0)
(-0.00570553 0.0294294 0)
(-0.00345389 0.0360369 0)
(-0.000648653 0.0251838 0)
(-8.80746e-05 -0.0134557 0)
(-0.00158019 -0.0194759 0)
(-0.00389079 -0.0166538 0)
(-0.00626995 -0.0118296 0)
(-0.00829758 -0.00771255 0)
(-0.00989163 -0.00492671 0)
(-0.0111205 -0.00331914 0)
(-0.0120867 -0.00256788 0)
(-0.0128807 -0.00239316 0)
(-0.0135705 -0.00258035 0)
(-0.0142032 -0.00292508 0)
(-0.0148032 -0.00315523 0)
(-0.0153547 -0.00286112 0)
(-0.0157647 -0.00146838 0)
(-0.0158039 0.001695 0)
(-0.0150979 0.00718235 0)
(-0.0132377 0.0150005 0)
(-0.0099645 0.0236989 0)
(-0.00559393 0.0287538 0)
(-0.000962208 0.0199799 0)
(-0.000657467 -0.0104216 0)
(-0.00442786 -0.0133163 0)
(-0.00854811 -0.0100677 0)
(-0.012005 -0.00618815 0)
(-0.0144561 -0.00335351 0)
(-0.0160819 -0.00169318 0)
(-0.0171675 -0.000910781 0)
(-0.0179495 -0.000699187 0)
(-0.0185955 -0.000839432 0)
(-0.0192153 -0.00118355 0)
(-0.019872 -0.00160298 0)
(-0.020576 -0.0019333 0)
(-0.0212607 -0.00193221 0)
(-0.0217483 -0.00126381 0)
(-0.0217084 0.000479244 0)
(-0.0206182 0.00369505 0)
(-0.0179429 0.00847449 0)
(-0.0133783 0.014 0)
(-0.00740344 0.0175156 0)
(-0.00127092 0.0125602 0)
(-0.00163804 -0.00351981 0)
(-0.00606871 -0.00348557 0)
(-0.00967912 -0.00199041 0)
(-0.0119808 -0.000777966 0)
(-0.0131471 -0.000106506 0)
(-0.0136424 0.000176362 0)
(-0.0138286 0.000236551 0)
(-0.0139227 0.000179918 0)
(-0.0140488 6.27768e-05 0)
(-0.0142826 -8.8437e-05 0)
(-0.0146673 -0.000259728 0)
(-0.0152093 -0.000432828 0)
(-0.0158597 -0.00057166 0)
(-0.0164826 -0.000611606 0)
(-0.0168109 -0.000444428 0)
(-0.016452 0.00010114 0)
(-0.0148665 0.00118037 0)
(-0.0115933 0.00274408 0)
(-0.00684872 0.00415262 0)
(-0.00165304 0.00355864 0)
)
;

boundaryField
{
    leftWall
    {
        type            fixedValue;
        value           uniform (0 0 0);
    }
    rightWall
    {
        type            fixedValue;
        value           uniform (0 0 0);
    }
    topWall
    {
        type            fixedValue;
        value           uniform (0 0 0);
    }
    bottomWall
    {
        type            fixedValue;
        value           uniform (0 0 0);
    }
    frontAndBackPlanes
    {
        type            empty;
    }
}


// ************************************************************************* //
