/*--------------------------------*- C++ -*----------------------------------*\
| =========                 |                                                 |
| \\      /  F ield         | OpenFOAM: The Open Source CFD Toolbox           |
|  \\    /   O peration     | Version:  2506                                  |
|   \\  /    A nd           | Website:  www.openfoam.com                      |
|    \\/     M anipulation  |                                                 |
\*---------------------------------------------------------------------------*/
FoamFile
{
    version     2.0;
    format      ascii;
    arch        "LSB;label=32;scalar=64";
    class       volVectorField;
    location    "85.6";
    object      U;
}
// * * * * * * * * * * * * * * * * * * * * * * * * * * * * * * * * * * * * * //

dimensions      [0 1 -1 0 0 0 0];

internalField   nonuniform List<vector> 
200
(
(0.000226513 -0.000784438 0)
(0.00152596 -0.00104976 0)
(0.00306925 -0.000822002 0)
(0.00440206 -0.00050725 0)
(0.00532204 -0.000254393 0)
(0.00590993 -0.000105471 0)
(0.0062966 -5.70562e-05 0)
(0.00660829 -8.78914e-05 0)
(0.00694738 -0.000176097 0)
(0.00739046 -0.000307233 0)
(0.00799361 -0.000475865 0)
(0.00879793 -0.000682188 0)
(0.00982852 -0.000922999 0)
(0.0110789 -0.00117463 0)
(0.0124662 -0.00136313 0)
(0.0137297 -0.0013112 0)
(0.0142744 -0.000650971 0)
(0.0131748 0.00118853 0)
(0.00947731 0.00431676 0)
(0.00286811 0.00607747 0)
(0.000380861 -0.00332521 0)
(0.00255555 -0.00543815 0)
(0.00506134 -0.00517254 0)
(0.00733198 -0.00402005 0)
(0.00908111 -0.00279735 0)
(0.01033 -0.00187902 0)
(0.01122 -0.00136964 0)
(0.011908 -0.00123837 0)
(0.0125252 -0.00140553 0)
(0.0131651 -0.00178878 0)
(0.0138834 -0.00231837 0)
(0.0146976 -0.00292687 0)
(0.0155793 -0.00351372 0)
(0.0164294 -0.00388158 0)
(0.0170346 -0.00364383 0)
(0.0170131 -0.00211961 0)
(0.015754 0.00168747 0)
(0.0125546 0.00854061 0)
(0.00734704 0.0169398 0)
(0.00126298 0.0174447 0)
(0.000416295 -0.00627342 0)
(0.00273366 -0.0105551 0)
(0.00530723 -0.0103397 0)
(0.00762151 -0.00832607 0)
(0.00940659 -0.00606305 0)
(0.0106872 -0.00426279 0)
(0.0115956 -0.00313793 0)
(0.0122695 -0.00264843 0)
(0.0128152 -0.00265495 0)
(0.0133009 -0.00299978 0)
(0.0137589 -0.00353376 0)
(0.0141861 -0.00409953 0)
(0.0145359 -0.00447525 0)
(0.0146983 -0.00428334 0)
(0.0144703 -0.00288518 0)
(0.0135191 0.000667231 0)
(0.0114922 0.0073477 0)
(0.00821778 0.0172562 0)
(0.004122 0.0270391 0)
(0.000491538 0.0236046 0)
(0.000403575 -0.00924394 0)
(0.00254371 -0.0154736 0)
(0.00476474 -0.0150965 0)
(0.00664578 -0.0121397 0)
(0.00800676 -0.00885251 0)
(0.0089213 -0.00622684 0)
(0.0095288 -0.00453049 0)
(0.009946 -0.00368114 0)
(0.0102472 -0.00346918 0)
(0.0104713 -0.00366939 0)
(0.0106326 -0.00407306 0)
(0.0107249 -0.00445918 0)
(0.0107145 -0.00451618 0)
(0.0105215 -0.00373213 0)
(0.00999873 -0.00130486 0)
(0.00891699 0.00379847 0)
(0.00712772 0.0123518 0)
(0.00463497 0.0238242 0)
(0.00192562 0.0334539 0)
(0.000106998 0.0265296 0)
(0.000368158 -0.0119159 0)
(0.00210951 -0.0195447 0)
(0.00367982 -0.0186952 0)
(0.00482826 -0.0147466 0)
(0.00551929 -0.0105614 0)
(0.00588966 -0.00730184 0)
(0.00607875 -0.00520782 0)
(0.00617159 -0.00411278 0)
(0.00620526 -0.00373284 0)
(0.00619184 -0.00379667 0)
(0.00613481 -0.00406863 0)
(0.00603192 -0.00429742 0)
(0.005865 -0.00411296 0)
(0.00558128 -0.00290407 0)
(0.00507319 0.000241709 0)
(0.00422224 0.00634376 0)
(0.00298892 0.0159632 0)
(0.00150313 0.0279814 0)
(0.00018143 0.0367582 0)
(-0.00016829 0.0273591 0)
(0.000298789 -0.014045 0)
(0.00137823 -0.022267 0)
(0.00198749 -0.020614 0)
(0.00214504 -0.0157394 0)
(0.00200461 -0.0109252 0)
(0.00174774 -0.00733919 0)
(0.00148002 -0.00510173 0)
(0.00123334 -0.00393846 0)
(0.00100391 -0.00350933 0)
(0.000782633 -0.00352857 0)
(0.000565053 -0.00375891 0)
(0.000345308 -0.00393175 0)
(0.000104672 -0.00362828 0)
(-0.000197947 -0.00216497 0)
(-0.000616835 0.00141105 0)
(-0.00113026 0.00801546 0)
(-0.00161965 0.0179213 0)
(-0.00183507 0.0295341 0)
(-0.00149364 0.0369911 0)
(-0.000367859 0.0263856 0)
(0.000169605 -0.0152148 0)
(0.00016206 -0.0229251 0)
(-0.000602447 -0.0202067 0)
(-0.00169674 -0.0146805 0)
(-0.00278944 -0.00970554 0)
(-0.00372198 -0.00622503 0)
(-0.00446853 -0.00415907 0)
(-0.00506554 -0.00313946 0)
(-0.00555851 -0.00281128 0)
(-0.00598042 -0.00290253 0)
(-0.00635297 -0.00318095 0)
(-0.00669559 -0.00336156 0)
(-0.00702698 -0.00300495 0)
(-0.00734573 -0.00145149 0)
(-0.00758628 0.00213035 0)
(-0.0075548 0.00844654 0)
(-0.00697481 0.0175537 0)
(-0.00557271 0.0277894 0)
(-0.00335183 0.0337964 0)
(-0.000622588 0.0234803 0)
(-0.000129393 -0.0146649 0)
(-0.0018662 -0.0204096 0)
(-0.00439757 -0.0166975 0)
(-0.00688762 -0.0112169 0)
(-0.0089105 -0.00679234 0)
(-0.010418 -0.00394412 0)
(-0.0115163 -0.00239877 0)
(-0.012336 -0.00175052 0)
(-0.0129832 -0.00167239 0)
(-0.0135328 -0.00192845 0)
(-0.014033 -0.00231231 0)
(-0.0145061 -0.00256655 0)
(-0.0149343 -0.00231393 0)
(-0.0152269 -0.00103005 0)
(-0.0151656 0.00189821 0)
(-0.0144122 0.00697985 0)
(-0.0125849 0.0142087 0)
(-0.00944246 0.0222222 0)
(-0.00528296 0.0267998 0)
(-0.000902633 0.0185186 0)
(-0.000729506 -0.0112754 0)
(-0.00478357 -0.0137697 0)
(-0.00904497 -0.00984906 0)
(-0.0124731 -0.00557608 0)
(-0.0147733 -0.00262399 0)
(-0.0161916 -0.00100323 0)
(-0.0170592 -0.000321335 0)
(-0.0176391 -0.000215376 0)
(-0.0181061 -0.000438868 0)
(-0.0185659 -0.000834747 0)
(-0.0190745 -0.00127819 0)
(-0.0196367 -0.00161883 0)
(-0.020187 -0.00163757 0)
(-0.0205572 -0.00102942 0)
(-0.0204364 0.000578237 0)
(-0.019348 0.00355125 0)
(-0.0167939 0.00796172 0)
(-0.0124917 0.0130405 0)
(-0.00689278 0.0162272 0)
(-0.00117702 0.011574 0)
(-0.00178923 -0.00383122 0)
(-0.00649378 -0.00358927 0)
(-0.0101134 -0.00187773 0)
(-0.0122466 -0.00057785 0)
(-0.013179 9.50676e-05 0)
(-0.0134496 0.000344752 0)
(-0.0134493 0.000363699 0)
(-0.013394 0.000269935 0)
(-0.0133987 0.000126158 0)
(-0.0135299 -3.91743e-05 0)
(-0.0138217 -0.000213027 0)
(-0.0142732 -0.00038073 0)
(-0.0148326 -0.000511318 0)
(-0.0153697 -0.000546877 0)
(-0.0156379 -0.00038941 0)
(-0.0152698 0.000115702 0)
(-0.0137665 0.00110656 0)
(-0.0107087 0.00253513 0)
(-0.00630583 0.00381401 0)
(-0.00151376 0.00325501 0)
)
;

boundaryField
{
    leftWall
    {
        type            fixedValue;
        value           uniform (0 0 0);
    }
    rightWall
    {
        type            fixedValue;
        value           uniform (0 0 0);
    }
    topWall
    {
        type            fixedValue;
        value           uniform (0 0 0);
    }
    bottomWall
    {
        type            fixedValue;
        value           uniform (0 0 0);
    }
    frontAndBackPlanes
    {
        type            empty;
    }
}


// ************************************************************************* //
