/*--------------------------------*- C++ -*----------------------------------*\
| =========                 |                                                 |
| \\      /  F ield         | OpenFOAM: The Open Source CFD Toolbox           |
|  \\    /   O peration     | Version:  2506                                  |
|   \\  /    A nd           | Website:  www.openfoam.com                      |
|    \\/     M anipulation  |                                                 |
\*---------------------------------------------------------------------------*/
FoamFile
{
    version     2.0;
    format      ascii;
    arch        "LSB;label=32;scalar=64";
    class       surfaceScalarField;
    location    "61.4";
    object      phi;
}
// * * * * * * * * * * * * * * * * * * * * * * * * * * * * * * * * * * * * * //

dimensions      [1 0 -1 0 0 0 0];

oriented        oriented;

internalField   nonuniform List<scalar> 
370
(
6.82129e-05
-0.000139835
0.00031359
-0.000245314
0.000570724
-0.000257038
0.000797456
-0.000226616
0.000982271
-0.000184686
0.00113233
-0.000149927
0.00126307
-0.000130589
0.00139173
-0.000128518
0.0015346
-0.000142716
0.00170612
-0.000171371
0.00191875
-0.000212468
0.00218191
-0.000262994
0.00249834
-0.000316251
0.00285621
-0.000357688
0.00321446
-0.000358068
0.00347764
-0.00026299
0.00344745
3.03797e-05
0.00290237
0.000545267
0.00160177
0.00130077
0.00160187
0.000222123
-0.000361917
0.000650273
-0.000673349
0.00111797
-0.000724568
0.00154194
-0.000650388
0.00189733
-0.000539867
0.00218979
-0.000442162
0.00243792
-0.000378501
0.00266326
-0.000353638
0.00288502
-0.000364253
0.00311763
-0.00040375
0.00336906
-0.000463665
0.00363812
-0.000531812
0.00390915
-0.000587033
0.00414241
-0.000590684
0.00426058
-0.000475977
0.00413855
-0.000140701
0.00362764
0.000541539
0.0025526
0.00162056
0.00104996
0.00280364
0.00265194
0.000282847
-0.000644697
0.000786225
-0.00117654
0.00131479
-0.00125287
0.00177976
-0.00111505
0.002158
-0.000917784
0.00245833
-0.000742157
0.00270069
-0.000620526
0.00290537
-0.000557984
0.00308828
-0.000546832
0.0032593
-0.000574439
0.00342136
-0.0006254
0.00356844
-0.000678551
0.00368095
-0.000699189
0.00371837
-0.000627752
0.00361222
-0.000369481
0.00326882
0.000203056
0.00260959
0.0012011
0.00163644
0.00259403
0.000576258
0.00386408
0.00322833
0.000298786
-0.000943392
0.000800957
-0.00167847
0.00129548
-0.00174704
0.00170119
-0.00152035
0.00200707
-0.00122323
0.00223061
-0.000965264
0.00239511
-0.000784594
0.00251993
-0.000682375
0.002618
-0.000644482
0.00269638
-0.000652406
0.00275703
-0.000685626
0.00279584
-0.000716933
0.00279897
-0.000701889
0.00273691
-0.000565249
0.00256056
-0.000192699
0.00220974
0.000554312
0.00165286
0.00175839
0.000939771
0.00330749
0.000274014
0.00453014
0.00350248
0.000282972
-0.00122625
0.000714387
-0.00210958
0.00109463
-0.00212686
0.0013667
-0.00179194
0.00154013
-0.00139615
0.00164315
-0.00106779
0.00170116
-0.000842106
0.00173087
-0.000711603
0.00174164
-0.000654769
0.00173838
-0.000648665
0.0017233
-0.000670062
0.00169506
-0.000688211
0.00164548
-0.000651808
0.00155518
-0.00047445
0.00139153
-2.8539e-05
0.00112008
0.000826254
0.000741335
0.00213761
0.000328212
0.00372103
3.81053e-05
0.00482058
0.00354073
0.000224643
-0.00145077
0.000499895
-0.00238449
0.000676777
-0.00230327
0.000743922
-0.00185855
0.000737804
-0.00138949
0.000693678
-0.00102313
0.000633115
-0.000781018
0.000566176
-0.000644148
0.000497023
-0.000585103
0.000427821
-0.000578952
0.00035943
-0.000601154
0.000289506
-0.000617763
0.000210146
-0.000571913
0.000108317
-0.000372073
-2.67148e-05
0.000107059
-0.000181762
0.000981853
-0.00031644
0.0022728
-0.000351785
0.00375683
-0.000217022
0.00468615
0.00332384
9.536e-05
-0.00154599
9.00319e-05
-0.00237879
-4.61273e-05
-0.00216659
-0.000253613
-0.00165051
-0.000476542
-0.00116601
-0.000685204
-0.000813922
-0.000870811
-0.000594882
-0.0010345
-0.000479937
-0.00117982
-0.000439258
-0.00131013
-0.000448127
-0.00142903
-0.000481728
-0.00154125
-0.000505021
-0.00165056
-0.000462071
-0.00175211
-0.000269974
-0.00181686
0.000172372
-0.00178281
0.000948343
-0.0015726
0.00206311
-0.00112705
0.00331174
-0.000492276
0.0040517
0.0028317
-0.000153229
-0.0013926
-0.000586938
-0.00194466
-0.00113084
-0.00162216
-0.00164902
-0.00113179
-0.00208666
-0.000727819
-0.002439
-0.000461053
-0.00272173
-0.000311639
-0.00295445
-0.000246709
-0.00315417
-0.000239036
-0.00333382
-0.00026798
-0.00350176
-0.000313293
-0.00365895
-0.000347344
-0.0037921
-0.00032843
-0.00386331
-0.000198265
-0.0038018
0.000111358
-0.00351068
0.000657706
-0.0028983
0.00145119
-0.00193621
0.00235005
-0.000782676
0.00289847
0.00204915
-0.000535417
-0.000856997
-0.00148467
-0.000994981
-0.00239497
-0.00071133
-0.00310413
-0.000422096
-0.00360974
-0.000221689
-0.00396166
-0.00010863
-0.00421491
-5.791e-05
-0.00441443
-4.67291e-05
-0.00459258
-6.04431e-05
-0.00477034
-8.97753e-05
-0.00495719
-0.00012602
-0.00514658
-0.00015754
-0.00530768
-0.000166919
-0.00537631
-0.000129238
-0.00525679
-7.76817e-06
-0.00481566
0.000216965
-0.00393957
0.000575469
-0.00260276
0.00101356
-0.00103108
0.00132704
0.00101817
-0.000856798
-0.00185134
-0.00256216
-0.00298374
-0.00320494
-0.00331311
-0.00337059
-0.0034169
-0.00347696
-0.00356636
-0.00369202
-0.00384922
-0.00401582
-0.00414475
-0.00415223
-0.00393498
-0.00335926
-0.00234547
-0.00101825
)
;

boundaryField
{
    leftWall
    {
        type            calculated;
        value           nonuniform List<scalar> 10(0 0 0 0 0 1.0842e-19 0 0 -4.33681e-19 -4.33681e-19);
    }
    rightWall
    {
        type            calculated;
        value           nonuniform List<scalar> 10(0 0 0 0 0 0 0 0 4.33681e-19 0);
    }
    topWall
    {
        type            calculated;
        value           uniform 0;
    }
    bottomWall
    {
        type            calculated;
        value           uniform 0;
    }
    frontAndBackPlanes
    {
        type            empty;
    }
}


// ************************************************************************* //
