/*--------------------------------*- C++ -*----------------------------------*\
| =========                 |                                                 |
| \\      /  F ield         | OpenFOAM: The Open Source CFD Toolbox           |
|  \\    /   O peration     | Version:  2506                                  |
|   \\  /    A nd           | Website:  www.openfoam.com                      |
|    \\/     M anipulation  |                                                 |
\*---------------------------------------------------------------------------*/
FoamFile
{
    version     2.0;
    format      ascii;
    arch        "LSB;label=32;scalar=64";
    class       surfaceScalarField;
    location    "117.8";
    object      phi;
}
// * * * * * * * * * * * * * * * * * * * * * * * * * * * * * * * * * * * * * //

dimensions      [1 0 -1 0 0 0 0];

oriented        oriented;

internalField   nonuniform List<scalar> 
370
(
0.000315091
-0.000350805
0.000833876
-0.000518723
0.00128425
-0.000450278
0.00159443
-0.000310069
0.00177328
-0.000178726
0.00186061
-8.71947e-05
0.00190047
-3.97077e-05
0.00192934
-2.87181e-05
0.0019737
-4.41875e-05
0.00205126
-7.73929e-05
0.00217315
-0.000121708
0.0023456
-0.000172266
0.00256913
-0.000223332
0.00283246
-0.000263139
0.00309886
-0.000266192
0.00328048
-0.000181414
0.00320494
7.57499e-05
0.00265926
0.000545879
0.00144258
0.00121687
0.00144267
0.000437728
-0.0007885
0.00117313
-0.00125404
0.0018753
-0.00115232
0.00241753
-0.00085216
0.00278644
-0.000547477
0.00301798
-0.000318566
0.00316142
-0.000182984
0.00326182
-0.000128939
0.00335271
-0.000134904
0.00345502
-0.000179527
0.00357843
-0.000244931
0.00372159
-0.000315236
0.00386939
-0.000370939
0.00398594
-0.000379493
0.00400314
-0.000283181
0.00381514
6.78637e-06
0.00328188
0.000609226
0.00227195
0.00155601
0.000917363
0.00257164
0.00236013
0.000423706
-0.00121216
0.00111431
-0.00194453
0.00177078
-0.00180863
0.00228235
-0.00136355
0.00263972
-0.000904648
0.0028747
-0.000553351
0.00302771
-0.000335794
0.00313321
-0.000234235
0.00321508
-0.000216574
0.00328661
-0.000250852
0.0033515
-0.000309619
0.00340377
-0.000367293
0.00342499
-0.000391954
0.00337921
-0.000333497
0.00320876
-0.000112518
0.0028376
0.000378167
0.00221588
0.00123116
0.00135405
0.00241806
0.00045739
0.00346848
0.0028176
0.000364264
-0.00157638
0.000920503
-0.00250064
0.00141439
-0.00230232
0.00177355
-0.0017225
0.00200939
-0.00114027
0.00215794
-0.000701675
0.00225268
-0.000430304
0.00231614
-0.000297473
0.00236041
-0.000260618
0.0023902
-0.000280428
0.00240526
-0.000324455
0.0024001
-0.000361912
0.00236111
-0.000352748
0.00226242
-0.000234576
0.00206533
8.48003e-05
0.00173256
0.000711168
0.00124937
0.00171457
0.000670272
0.00299737
0.000169684
0.00396925
0.00298736
0.000282215
-0.00185854
0.000652344
-0.00287062
0.000925376
-0.00257515
0.00108182
-0.00187872
0.0011584
-0.00121661
0.00119408
-0.000737116
0.00121266
-0.000448648
0.00122351
-0.000308097
0.00122781
-0.000264693
0.00122417
-0.000276564
0.00121091
-0.000310967
0.0011847
-0.000335474
0.00113696
-0.000304777
0.00105074
-0.000148133
0.000902608
0.000233168
0.000677682
0.000936331
0.000388987
0.0020035
0.000108305
0.00327828
-4.01843e-05
0.00411791
0.00294725
0.000174715
-0.0020332
0.000303805
-0.00299955
0.000309617
-0.00258075
0.000238265
-0.00180713
0.00014702
-0.00112513
6.73924e-05
-0.000657255
6.8939e-06
-0.000387921
-3.9048e-05
-0.000261931
-7.70138e-05
-0.000226505
-0.00011149
-0.000241866
-0.000145018
-0.000277217
-0.000180885
-0.000299384
-0.000225453
-0.000259985
-0.000287243
-8.61136e-05
-0.000368666
0.000314827
-0.000456553
0.00102446
-0.00050823
0.00205541
-0.000452342
0.0032226
-0.000241211
0.00390694
0.0027061
2.87822e-06
-0.00203601
-0.000182855
-0.00281365
-0.000492645
-0.00227075
-0.000811459
-0.00148809
-0.00107603
-0.000860335
-0.0012738
-0.000459264
-0.00141704
-0.000244456
-0.00152296
-0.000155798
-0.00160505
-0.000144195
-0.00167174
-0.00017497
-0.00172837
-0.000220371
-0.00177874
-0.000248803
-0.00182344
-0.000215062
-0.00185422
-5.51112e-05
-0.00184264
0.000303468
-0.00174298
0.000925025
-0.0014931
0.00180576
-0.00104462
0.00277432
-0.000445492
0.00330797
0.00226067
-0.000264233
-0.00177171
-0.000879978
-0.00219773
-0.00155167
-0.00159884
-0.00211337
-0.000926163
-0.00252471
-0.000448779
-0.0028074
-0.000176358
-0.00299923
-5.24218e-05
-0.00313354
-2.12814e-05
-0.00323487
-4.26603e-05
-0.0033192
-9.04358e-05
-0.00339485
-0.000144521
-0.00346133
-0.000182128
-0.0035051
-0.000171095
-0.00349243
-6.75833e-05
-0.00336727
0.000178501
-0.00305539
0.000613343
-0.00248592
0.00123647
-0.00163984
0.00192841
-0.000654477
0.00232273
0.00160624
-0.000685227
-0.0010864
-0.00179808
-0.0010847
-0.00275294
-0.000643777
-0.00340006
-0.000278822
-0.00378221
-6.64228e-05
-0.00399101
3.26528e-05
-0.00410537
6.21319e-05
-0.00417604
4.95789e-05
-0.00423596
1.74446e-05
-0.00430463
-2.15904e-05
-0.00438764
-6.13465e-05
-0.00447664
-9.29569e-05
-0.00454436
-0.000103219
-0.0045381
-7.3683e-05
-0.00438104
2.15971e-05
-0.003969
0.000201451
-0.00321426
0.000481876
-0.00210266
0.000816945
-0.000824211
0.00104438
0.00078207
-0.00108632
-0.00217084
-0.00281441
-0.00309302
-0.00315924
-0.0031264
-0.00306408
-0.00301433
-0.00299672
-0.00301816
-0.00307936
-0.00317218
-0.00327527
-0.00334883
-0.00332711
-0.00312556
-0.00264358
-0.00182655
-0.000782098
)
;

boundaryField
{
    leftWall
    {
        type            calculated;
        value           nonuniform List<scalar> 10(0 0 0 0 0 -2.1684e-19 4.33681e-19 -4.33681e-19 0 0);
    }
    rightWall
    {
        type            calculated;
        value           nonuniform List<scalar> 10(0 2.1684e-19 0 0 0 0 -4.33681e-19 0 0 0);
    }
    topWall
    {
        type            calculated;
        value           uniform 0;
    }
    bottomWall
    {
        type            calculated;
        value           uniform 0;
    }
    frontAndBackPlanes
    {
        type            empty;
    }
}


// ************************************************************************* //
