/*--------------------------------*- C++ -*----------------------------------*\
| =========                 |                                                 |
| \\      /  F ield         | OpenFOAM: The Open Source CFD Toolbox           |
|  \\    /   O peration     | Version:  2506                                  |
|   \\  /    A nd           | Website:  www.openfoam.com                      |
|    \\/     M anipulation  |                                                 |
\*---------------------------------------------------------------------------*/
FoamFile
{
    version     2.0;
    format      ascii;
    arch        "LSB;label=32;scalar=64";
    class       surfaceScalarField;
    location    "1.2";
    object      phi;
}
// * * * * * * * * * * * * * * * * * * * * * * * * * * * * * * * * * * * * * //

dimensions      [1 0 -1 0 0 0 0];

oriented        oriented;

internalField   nonuniform List<scalar> 
370
(
-0.000330167
3.33841e-06
-0.000356878
2.66805e-05
-0.000355267
-1.64116e-06
-0.000310263
-4.50338e-05
-0.000247169
-6.31247e-05
-0.000184589
-6.26109e-05
-0.000128459
-5.61599e-05
-7.84e-05
-5.009e-05
-3.20014e-05
-4.64291e-05
1.34446e-05
-4.54765e-05
6.05252e-05
-4.71111e-05
0.000111876
-5.13811e-05
0.000170455
-5.86104e-05
0.000239323
-6.88982e-05
0.000319767
-8.04753e-05
0.00040623
-8.64932e-05
0.000477917
-7.16977e-05
0.000489585
-1.13724e-05
0.000374775
0.000118593
0.00040087
-0.000104332
0.000107795
-0.000225535
0.000147901
-0.000281165
5.39833e-05
-0.000277211
-4.89937e-05
-0.000239904
-0.000100438
-0.000190371
-0.000112151
-0.000138551
-0.000107987
-8.73274e-05
-0.000101321
-3.66538e-05
-9.71102e-05
1.44085e-05
-9.65465e-05
6.69581e-05
-9.96683e-05
0.000122032
-0.000106463
0.000180473
-0.000117059
0.000242235
-0.000130669
0.000304238
-0.000142486
0.000355634
-0.000137896
0.000370491
-8.65399e-05
0.000310974
4.8469e-05
0.00015085
0.000282598
0.000578259
-4.72007e-05
0.000155271
-0.000118212
0.000218973
-0.000157702
9.34788e-05
-0.000165857
-4.08373e-05
-0.000153273
-0.000113022
-0.000128513
-0.000136911
-9.74647e-05
-0.000139035
-6.31721e-05
-0.000135614
-2.71043e-05
-0.000133178
1.00005e-05
-0.000133651
4.76789e-05
-0.000137347
8.53867e-05
-0.000144171
0.000122102
-0.000153774
0.000155789
-0.000164356
0.000182628
-0.000169324
0.000195552
-0.000150818
0.000184213
-7.51793e-05
0.000135393
9.76281e-05
4.88368e-05
0.000373115
0.000653931
-2.06386e-05
0.000176341
-5.09456e-05
0.00024938
-7.37922e-05
0.000116336
-8.38504e-05
-3.07784e-05
-8.21501e-05
-0.000114723
-7.28079e-05
-0.000146254
-5.87993e-05
-0.000153044
-4.20673e-05
-0.000152346
-2.38188e-05
-0.000151427
-4.81032e-06
-0.00015266
1.44401e-05
-0.000156598
3.3417e-05
-0.000163148
5.12961e-05
-0.000171653
6.66184e-05
-0.000179679
7.68331e-05
-0.000179539
7.81482e-05
-0.000152132
6.63378e-05
-6.33468e-05
3.80648e-05
0.000126247
3.34214e-06
0.000411856
0.000684328
-1.09131e-05
0.00018784
-2.42972e-05
0.000262902
-3.48314e-05
0.000126886
-4.01761e-05
-2.54326e-05
-4.12489e-05
-0.00011365
-3.93536e-05
-0.000148149
-3.55502e-05
-0.000156847
-3.05748e-05
-0.000157322
-2.49469e-05
-0.000157055
-1.90404e-05
-0.000158567
-1.31146e-05
-0.000162523
-7.3647e-06
-0.000168897
-2.05459e-06
-0.000176963
2.35322e-06
-0.000184086
5.153e-06
-0.000182338
5.27174e-06
-0.00015225
-1.83873e-07
-5.78684e-05
-8.34392e-06
0.000134764
-1.64608e-05
0.000424059
0.000695076
-6.32364e-06
0.000194906
-9.22285e-06
0.000265976
-9.45229e-06
0.000127135
-9.96124e-06
-2.49223e-05
-1.18585e-05
-0.000111753
-1.52197e-05
-0.000144787
-1.97161e-05
-0.000152351
-2.49502e-05
-0.000152087
-3.05722e-05
-0.000151432
-3.63264e-05
-0.000152812
-4.19742e-05
-0.000156875
-4.71822e-05
-0.000163689
-5.14496e-05
-0.000172695
-5.41467e-05
-0.000181388
-5.45886e-05
-0.000181896
-5.21857e-05
-0.000154651
-4.58588e-05
-6.41715e-05
-3.74418e-05
0.000126713
-2.69194e-05
0.000417676
0.000695514
2.0185e-06
0.000193785
1.5097e-05
0.000253111
2.71327e-05
0.000115125
3.20413e-05
-2.98291e-05
2.75183e-05
-0.000107229
1.66466e-05
-0.000133915
1.66114e-06
-0.000137364
-1.57546e-05
-0.00013467
-3.44701e-05
-0.000132715
-5.37477e-05
-0.000133533
-7.30356e-05
-0.000137585
-9.1666e-05
-0.000145057
-0.000108562
-0.000155797
-0.000122011
-0.000167939
-0.000129489
-0.000174416
-0.000127564
-0.000156574
-0.000112192
-7.95186e-05
-8.30213e-05
9.79239e-05
-4.52537e-05
0.000384114
0.000677766
2.69532e-05
0.000167885
7.5087e-05
0.00020523
0.000104128
8.61155e-05
0.000106791
-3.24886e-05
9.29252e-05
-9.3362e-05
6.76821e-05
-0.00010867
3.60565e-05
-0.000105736
9.75537e-07
-9.95869e-05
-3.59598e-05
-9.57773e-05
-7.3854e-05
-9.56359e-05
-0.000112102
-9.93348e-05
-0.00014999
-0.000107167
-0.00018627
-0.000119514
-0.000218641
-0.000135565
-0.000242944
-0.000150111
-0.000252086
-0.000147429
-0.000236405
-9.51692e-05
-0.00018461
4.65385e-05
-9.35224e-05
0.000297352
0.000611901
6.50184e-05
0.000104075
0.000163331
0.00010721
0.000215578
3.39056e-05
0.000210551
-2.74594e-05
0.000171102
-5.39138e-05
0.00012004
-5.76092e-05
6.71686e-05
-5.28649e-05
1.52009e-05
-4.76198e-05
-3.60001e-05
-4.45769e-05
-8.74181e-05
-4.42186e-05
-0.000140194
-4.65591e-05
-0.000195479
-5.18821e-05
-0.00025422
-6.07737e-05
-0.000316328
-7.3457e-05
-0.000378429
-8.80091e-05
-0.000429138
-9.67175e-05
-0.000441944
-8.23285e-05
-0.000379766
-1.51775e-05
-0.00021002
0.000132156
0.0004297
0.000105472
0.000213057
0.00024705
0.000219636
0.000165764
0.000108196
5.53732e-05
7.79492e-06
-3.67407e-05
-8.09179e-05
-0.000127435
-0.000179276
-0.000240007
-0.000313422
-0.000401388
-0.000498059
-0.0005803
-0.000594895
-0.000457727
)
;

boundaryField
{
    leftWall
    {
        type            calculated;
        value           nonuniform List<scalar> 10(-5.29396e-23 0 0 0 0 0 0 0 0 0);
    }
    rightWall
    {
        type            calculated;
        value           nonuniform List<scalar> 10(0 0 0 -1.73472e-18 0 0 0 0 0 0);
    }
    topWall
    {
        type            calculated;
        value           uniform 0;
    }
    bottomWall
    {
        type            calculated;
        value           uniform 0;
    }
    frontAndBackPlanes
    {
        type            empty;
    }
}


// ************************************************************************* //
