/*--------------------------------*- C++ -*----------------------------------*\
| =========                 |                                                 |
| \\      /  F ield         | OpenFOAM: The Open Source CFD Toolbox           |
|  \\    /   O peration     | Version:  2506                                  |
|   \\  /    A nd           | Website:  www.openfoam.com                      |
|    \\/     M anipulation  |                                                 |
\*---------------------------------------------------------------------------*/
FoamFile
{
    version     2.0;
    format      ascii;
    arch        "LSB;label=32;scalar=64";
    class       volVectorField;
    location    "137.4";
    object      U;
}
// * * * * * * * * * * * * * * * * * * * * * * * * * * * * * * * * * * * * * //

dimensions      [0 1 -1 0 0 0 0];

internalField   nonuniform List<vector> 
200
(
(0.000574042 -0.00138083 0)
(0.00278485 -0.00174483 0)
(0.00508466 -0.00127198 0)
(0.00688352 -0.000670392 0)
(0.00796286 -0.000210335 0)
(0.00847533 5.30064e-05 0)
(0.00864991 0.000146547 0)
(0.00868771 0.000119465 0)
(0.00873506 1.69375e-05 0)
(0.00888961 -0.000129913 0)
(0.00921261 -0.000306794 0)
(0.0097395 -0.000510576 0)
(0.0104859 -0.000738394 0)
(0.0114374 -0.000969997 0)
(0.0125078 -0.00113704 0)
(0.0134457 -0.00106937 0)
(0.013707 -0.000422161 0)
(0.0124338 0.00129884 0)
(0.00878992 0.00413438 0)
(0.00262115 0.005572 0)
(0.000582403 -0.00538782 0)
(0.0036864 -0.00825282 0)
(0.00703548 -0.00729284 0)
(0.00988024 -0.00510228 0)
(0.0118737 -0.00298334 0)
(0.0130961 -0.00145004 0)
(0.0137811 -0.000591254 0)
(0.0141663 -0.000304582 0)
(0.0144391 -0.000430891 0)
(0.0147235 -0.000821933 0)
(0.0150859 -0.00136384 0)
(0.0155448 -0.0019667 0)
(0.0160689 -0.00252659 0)
(0.0165591 -0.00285985 0)
(0.0168138 -0.00260969 0)
(0.0164767 -0.00114463 0)
(0.0149833 0.00242683 0)
(0.0117376 0.0087084 0)
(0.00675072 0.0161652 0)
(0.00113577 0.0160402 0)
(0.000536118 -0.00936556 0)
(0.00339824 -0.0148467 0)
(0.00641919 -0.0136108 0)
(0.00899395 -0.0100283 0)
(0.0108362 -0.00638732 0)
(0.0120212 -0.00362199 0)
(0.0127433 -0.00192959 0)
(0.0131878 -0.00116758 0)
(0.0134899 -0.00108115 0)
(0.0137314 -0.00141681 0)
(0.0139483 -0.00195981 0)
(0.0141365 -0.00251883 0)
(0.0142473 -0.00286803 0)
(0.0141726 -0.00265554 0)
(0.0137214 -0.00130243 0)
(0.012593 0.0020259 0)
(0.0105245 0.00813674 0)
(0.00738558 0.017043 0)
(0.00361174 0.0255037 0)
(0.000404875 0.0215576 0)
(0.000459508 -0.0128522 0)
(0.00276683 -0.0203541 0)
(0.00501029 -0.0186625 0)
(0.00679067 -0.0138169 0)
(0.00797517 -0.00893165 0)
(0.00869289 -0.0052309 0)
(0.0091204 -0.00293436 0)
(0.0093884 -0.00182014 0)
(0.00956917 -0.00153637 0)
(0.00969314 -0.00174709 0)
(0.00976577 -0.00217202 0)
(0.00977396 -0.00255551 0)
(0.00967971 -0.00258677 0)
(0.00940408 -0.00179583 0)
(0.00880293 0.000522097 0)
(0.00772054 0.00520666 0)
(0.00603522 0.0129024 0)
(0.00379603 0.0230259 0)
(0.00146896 0.0311092 0)
(4.06671e-05 0.0239484 0)
(0.000369887 -0.0156008 0)
(0.00196982 -0.0242345 0)
(0.00322666 -0.021809 0)
(0.00400947 -0.0158631 0)
(0.00437839 -0.0101155 0)
(0.00451775 -0.00589845 0)
(0.00457302 -0.00333798 0)
(0.00460976 -0.00208847 0)
(0.00463823 -0.00171151 0)
(0.00464791 -0.00182926 0)
(0.00462716 -0.00214343 0)
(0.00456443 -0.00237549 0)
(0.00443629 -0.00216425 0)
(0.00419137 -0.000960448 0)
(0.00373332 0.00200785 0)
(0.0029919 0.0075395 0)
(0.00195026 0.0160677 0)
(0.000772139 0.026482 0)
(-0.000142116 0.0336162 0)
(-0.000181621 0.0243297 0)
(0.000265022 -0.017476 0)
(0.000987443 -0.0262033 0)
(0.00107549 -0.0228052 0)
(0.00075346 -0.016036 0)
(0.000280127 -0.00989727 0)
(-0.000146912 -0.00560792 0)
(-0.000456394 -0.00311851 0)
(-0.000667028 -0.00194588 0)
(-0.000816233 -0.00160268 0)
(-0.000935305 -0.00171562 0)
(-0.00104227 -0.00200103 0)
(-0.0011502 -0.00217419 0)
(-0.00127939 -0.00183782 0)
(-0.00146107 -0.000395469 0)
(-0.00172763 0.00292981 0)
(-0.00204418 0.0088316 0)
(-0.00229238 0.0174649 0)
(-0.00223217 0.0273352 0)
(-0.00162637 0.0332193 0)
(-0.000363387 0.0230896 0)
(0.000125827 -0.0181581 0)
(-0.000351462 -0.0258039 0)
(-0.00169466 -0.021298 0)
(-0.00321799 -0.0141858 0)
(-0.00453648 -0.00827282 0)
(-0.00552191 -0.00439821 0)
(-0.00620888 -0.00227161 0)
(-0.0066853 -0.00134677 0)
(-0.00702751 -0.00115569 0)
(-0.00728654 -0.00136051 0)
(-0.00749376 -0.00169921 0)
(-0.00767026 -0.00188769 0)
(-0.00782795 -0.00152724 0)
(-0.00795292 -5.63089e-05 0)
(-0.00796576 0.00319345 0)
(-0.00770154 0.00875875 0)
(-0.00692375 0.0166028 0)
(-0.00540285 0.0251912 0)
(-0.00317244 0.0298264 0)
(-0.000571026 0.0202432 0)
(-0.000216512 -0.0170099 0)
(-0.00245538 -0.0222257 0)
(-0.00544235 -0.0168941 0)
(-0.00818772 -0.0102294 0)
(-0.0102517 -0.00524092 0)
(-0.0116504 -0.0022546 0)
(-0.0125584 -0.000796226 0)
(-0.0131507 -0.000318523 0)
(-0.0135562 -0.000410663 0)
(-0.0138668 -0.000789171 0)
(-0.0141341 -0.0012346 0)
(-0.0143767 -0.00150719 0)
(-0.0145697 -0.00128017 0)
(-0.0146192 -0.000117892 0)
(-0.0143226 0.00247521 0)
(-0.0134068 0.00690005 0)
(-0.0115452 0.0130757 0)
(-0.00854984 0.0197494 0)
(-0.00471573 0.0232623 0)
(-0.000788376 0.0157324 0)
(-0.000870322 -0.0129071 0)
(-0.00547681 -0.0146309 0)
(-0.010023 -0.00948197 0)
(-0.0134238 -0.00450395 0)
(-0.0154693 -0.00134373 0)
(-0.0165368 0.000203178 0)
(-0.0170499 0.000705567 0)
(-0.0172978 0.00062796 0)
(-0.0174623 0.000260926 0)
(-0.0176439 -0.000227149 0)
(-0.0178909 -0.000713184 0)
(-0.0182006 -0.00106428 0)
(-0.0185028 -0.00109773 0)
(-0.0186397 -0.000563811 0)
(-0.0183317 0.000841617 0)
(-0.0171837 0.00341342 0)
(-0.0147736 0.00716008 0)
(-0.0108821 0.0113721 0)
(-0.00593573 0.013851 0)
(-0.000996018 0.00968048 0)
(-0.00207472 -0.00442346 0)
(-0.00729677 -0.00377989 0)
(-0.0109421 -0.00167215 0)
(-0.0127823 -0.000218965 0)
(-0.013312 0.000446569 0)
(-0.013184 0.000617006 0)
(-0.0128258 0.000553642 0)
(-0.0124785 0.000401427 0)
(-0.0122569 0.000223842 0)
(-0.0122072 4.15818e-05 0)
(-0.0123404 -0.000135763 0)
(-0.0126355 -0.000294895 0)
(-0.0130338 -0.000410626 0)
(-0.0134117 -0.000435943 0)
(-0.0135536 -0.000290579 0)
(-0.0131391 0.000151002 0)
(-0.011749 0.000987533 0)
(-0.00905376 0.00216272 0)
(-0.00526874 0.00318096 0)
(-0.0012429 0.00266759 0)
)
;

boundaryField
{
    leftWall
    {
        type            fixedValue;
        value           uniform (0 0 0);
    }
    rightWall
    {
        type            fixedValue;
        value           uniform (0 0 0);
    }
    topWall
    {
        type            fixedValue;
        value           uniform (0 0 0);
    }
    bottomWall
    {
        type            fixedValue;
        value           uniform (0 0 0);
    }
    frontAndBackPlanes
    {
        type            empty;
    }
}


// ************************************************************************* //
