/*--------------------------------*- C++ -*----------------------------------*\
| =========                 |                                                 |
| \\      /  F ield         | OpenFOAM: The Open Source CFD Toolbox           |
|  \\    /   O peration     | Version:  2506                                  |
|   \\  /    A nd           | Website:  www.openfoam.com                      |
|    \\/     M anipulation  |                                                 |
\*---------------------------------------------------------------------------*/
FoamFile
{
    version     2.0;
    format      ascii;
    arch        "LSB;label=32;scalar=64";
    class       surfaceScalarField;
    location    "108.8";
    object      phi;
}
// * * * * * * * * * * * * * * * * * * * * * * * * * * * * * * * * * * * * * //

dimensions      [1 0 -1 0 0 0 0];

oriented        oriented;

internalField   nonuniform List<scalar> 
370
(
0.000283197
-0.000323171
0.000766527
-0.00048326
0.00119113
-0.000424503
0.00148882
-0.000297561
0.00166614
-0.000177185
0.00175917
-9.28827e-05
0.00180864
-4.93028e-05
0.00184881
-3.99951e-05
0.00190487
-5.58848e-05
0.00199396
-8.89044e-05
0.00212719
-0.000133034
0.0023111
-0.000183708
0.00254655
-0.00023525
0.00282253
-0.000275767
0.00310219
-0.000279442
0.00329717
-0.000194763
0.00323115
6.62448e-05
0.00268939
0.000541976
0.00146392
0.00122566
0.00146403
0.000412158
-0.000735293
0.0011104
-0.0011814
0.0017833
-0.00109727
0.00230932
-0.000823423
0.00267395
-0.000541632
0.0029099
-0.000328653
0.00306317
-0.000202389
0.00317615
-0.000152791
0.00328072
-0.000160256
0.00339703
-0.000205016
0.0035345
-0.000270299
0.00369182
-0.000340824
0.003854
-0.000397221
0.00398507
-0.000406615
0.00401625
-0.000310407
0.00383883
-1.7111e-05
0.00331298
0.000592319
0.00229994
0.00155524
0.000931277
0.00259453
0.0023954
0.000408731
-0.00114398
0.00107914
-0.00185168
0.00172145
-0.0017394
0.0022272
-0.00132897
0.0025856
-0.000899812
0.00282609
-0.000568928
0.00298704
-0.000363112
0.0031015
-0.000267029
0.0031926
-0.000251136
0.00327333
-0.000285512
0.00334733
-0.000344081
0.00340871
-0.000401972
0.00343908
-0.000427357
0.00340225
-0.000369559
0.00323983
-0.000147744
0.00287415
0.000348814
0.00225096
0.00121575
0.00138
0.00242643
0.000468316
0.0035064
0.00286381
0.000358854
-0.00150278
0.000911807
-0.00240449
0.00140786
-0.00223525
0.00177322
-0.00169409
0.00201682
-0.00114316
0.00217284
-0.000724692
0.00227386
-0.000463885
0.00234232
-0.000335236
0.00239056
-0.00029913
0.00242371
-0.000318415
0.00244183
-0.000361957
0.00243969
-0.000399589
0.00240378
-0.000391192
0.00230785
-0.000273385
0.00211218
4.81842e-05
0.00177729
0.000683965
0.00128703
0.00170627
0.00069518
0.00301852
0.000178916
0.00402287
0.00304281
0.000284517
-0.00178723
0.000664804
-0.00278461
0.000952231
-0.00252245
0.00112283
-0.00186443
0.00121054
-0.00123061
0.0012534
-0.000767286
0.00127561
-0.000485827
0.00128746
-0.00034683
0.00129116
-0.000302573
0.0012861
-0.000313109
0.00127109
-0.000346689
0.00124307
-0.000371317
0.00119355
-0.000341415
0.00110524
-0.000184823
0.000953439
0.000200252
0.00072242
0.00091525
0.000423676
0.00200528
0.000129226
0.00331322
-3.29768e-05
0.00418526
0.00300991
0.000181981
-0.00196915
0.000330303
-0.00293276
0.000356743
-0.00254865
0.000301477
-0.0018089
0.000219959
-0.00114882
0.000144457
-0.00069152
8.41211e-05
-0.000425234
3.59809e-05
-0.000298436
-5.55148e-06
-0.000260789
-4.42543e-05
-0.000274156
-8.22478e-05
-0.000308446
-0.000122661
-0.000330654
-0.000171998
-0.000291824
-0.000239219
-0.000117343
-0.00032766
0.000288961
-0.000424443
0.0010123
-0.000486789
0.00206789
-0.000442032
0.0032687
-0.000239456
0.00398287
0.00277053
1.49742e-05
-0.00198405
-0.000150035
-0.00276756
-0.000440156
-0.00225829
-0.000746226
-0.00150257
-0.00100544
-0.000889356
-0.0012033
-0.000493406
-0.00134993
-0.000278352
-0.00146102
-0.000187097
-0.00154909
-0.000172486
-0.00162206
-0.000200937
-0.00168511
-0.000245155
-0.0017421
-0.000273424
-0.00179401
-0.000239663
-0.00183297
-7.81336e-05
-0.00183066
0.000286904
-0.00174002
0.000921922
-0.00149716
0.00182528
-0.00105171
0.00282347
-0.000450379
0.00338171
0.00232022
-0.000251997
-0.00173197
-0.000847878
-0.00217148
-0.0015053
-0.00160062
-0.00206141
-0.000946214
-0.00247419
-0.000476329
-0.0027625
-0.000204851
-0.00296234
-7.82748e-05
-0.00310565
-4.35562e-05
-0.00321612
-6.17897e-05
-0.0033095
-0.000107332
-0.00339404
-0.000160384
-0.00346948
-0.000197766
-0.00352245
-0.000186469
-0.00351911
-8.12488e-05
-0.00340195
0.000169972
-0.00309468
0.000614873
-0.0025239
0.00125471
-0.00166874
0.00196851
-0.000667646
0.00238076
0.00165263
-0.000669417
-0.00106247
-0.00176515
-0.00107555
-0.00271513
-0.000650392
-0.00336819
-0.000292909
-0.00376304
-8.12347e-05
-0.00398408
1.64216e-05
-0.00411206
4.99264e-05
-0.00419529
3.9881e-05
-0.00426617
9.30293e-06
-0.00434529
-2.80131e-05
-0.00443811
-6.73719e-05
-0.00453671
-9.89765e-05
-0.00461369
-0.000109306
-0.00461546
-7.92983e-05
-0.00446357
1.82524e-05
-0.00405061
0.000202092
-0.00328594
0.000490209
-0.00215337
0.000836081
-0.000845732
0.00107323
0.000806948
-0.00106237
-0.00213772
-0.00278788
-0.00308055
-0.00316155
-0.00314491
-0.00309478
-0.0030547
-0.00304521
-0.00307305
-0.00314025
-0.00323907
-0.00334823
-0.00342739
-0.00340901
-0.00320679
-0.00271647
-0.00188029
-0.00080698
)
;

boundaryField
{
    leftWall
    {
        type            calculated;
        value           nonuniform List<scalar> 10(0 0 0 -1.0842e-19 0 0 0 4.33681e-19 0 0);
    }
    rightWall
    {
        type            calculated;
        value           nonuniform List<scalar> 10(0 0 0 0 0 4.33681e-19 0 0 0 0);
    }
    topWall
    {
        type            calculated;
        value           uniform 0;
    }
    bottomWall
    {
        type            calculated;
        value           uniform 0;
    }
    frontAndBackPlanes
    {
        type            empty;
    }
}


// ************************************************************************* //
