/*--------------------------------*- C++ -*----------------------------------*\
| =========                 |                                                 |
| \\      /  F ield         | OpenFOAM: The Open Source CFD Toolbox           |
|  \\    /   O peration     | Version:  2506                                  |
|   \\  /    A nd           | Website:  www.openfoam.com                      |
|    \\/     M anipulation  |                                                 |
\*---------------------------------------------------------------------------*/
FoamFile
{
    version     2.0;
    format      ascii;
    arch        "LSB;label=32;scalar=64";
    class       volVectorField;
    location    "61.6";
    object      U;
}
// * * * * * * * * * * * * * * * * * * * * * * * * * * * * * * * * * * * * * //

dimensions      [0 1 -1 0 0 0 0];

internalField   nonuniform List<vector> 
200
(
(1.39223e-06 -0.000432134 0)
(0.000728945 -0.000636696 0)
(0.00182018 -0.000565871 0)
(0.00289103 -0.000436081 0)
(0.00375608 -0.00031322 0)
(0.00444391 -0.000230229 0)
(0.00501386 -0.00020055 0)
(0.00553822 -0.000223765 0)
(0.0060888 -0.000295303 0)
(0.00673073 -0.000412298 0)
(0.00752126 -0.000575083 0)
(0.00850861 -0.000784505 0)
(0.00972418 -0.00103387 0)
(0.0111615 -0.00129288 0)
(0.0127291 -0.00148036 0)
(0.0141487 -0.00141506 0)
(0.0147941 -0.000726136 0)
(0.0137125 0.00118414 0)
(0.00990877 0.00445408 0)
(0.00300806 0.00635886 0)
(0.000235532 -0.00201594 0)
(0.00175628 -0.00365763 0)
(0.00369091 -0.00388848 0)
(0.00560356 -0.00346366 0)
(0.00724595 -0.00285503 0)
(0.00858721 -0.00233666 0)
(0.00969344 -0.00202944 0)
(0.0106581 -0.00196216 0)
(0.0115707 -0.00211954 0)
(0.0125039 -0.00247018 0)
(0.0135066 -0.00297483 0)
(0.014597 -0.0035749 0)
(0.0157464 -0.00415925 0)
(0.016849 -0.00450571 0)
(0.017674 -0.00419823 0)
(0.0178106 -0.00253327 0)
(0.0166152 0.00150885 0)
(0.0133266 0.00873414 0)
(0.00785367 0.0176221 0)
(0.0013659 0.0183461 0)
(0.00031582 -0.00417597 0)
(0.00218255 -0.00767285 0)
(0.00439832 -0.0082375 0)
(0.0065235 -0.00739203 0)
(0.00829884 -0.00613743 0)
(0.00970325 -0.00501705 0)
(0.010814 -0.00425972 0)
(0.0117255 -0.00391209 0)
(0.0125176 -0.00393178 0)
(0.0132458 -0.00423944 0)
(0.0139385 -0.00473393 0)
(0.0145922 -0.00527259 0)
(0.015159 -0.00561695 0)
(0.0155211 -0.00534791 0)
(0.0154561 -0.00377284 0)
(0.0146014 0.000106172 0)
(0.0125399 0.00731822 0)
(0.00906995 0.0179416 0)
(0.00462839 0.0284752 0)
(0.000579102 0.0251042 0)
(0.000343982 -0.0066632 0)
(0.00227527 -0.0120211 0)
(0.00441159 -0.01269 0)
(0.00633269 -0.0112068 0)
(0.00782505 -0.00915355 0)
(0.00891356 -0.00733577 0)
(0.0097011 -0.00605965 0)
(0.010286 -0.00535962 0)
(0.010738 -0.00514776 0)
(0.0110987 -0.00529278 0)
(0.0113872 -0.00564065 0)
(0.0116009 -0.00598419 0)
(0.0117068 -0.00598707 0)
(0.0116202 -0.00507885 0)
(0.011179 -0.00237393 0)
(0.0101123 0.00325738 0)
(0.00821848 0.0126278 0)
(0.00547395 0.0251298 0)
(0.00239536 0.0357002 0)
(0.000183119 0.0285871 0)
(0.000347481 -0.00915165 0)
(0.00210477 -0.016056 0)
(0.00383742 -0.0165012 0)
(0.00522066 -0.0141783 0)
(0.00614377 -0.0112613 0)
(0.00669877 -0.00876795 0)
(0.00701312 -0.00702408 0)
(0.00718082 -0.00601239 0)
(0.00725591 -0.00558505 0)
(0.00726631 -0.00556595 0)
(0.00722631 -0.00576884 0)
(0.0071391 -0.00594896 0)
(0.00698779 -0.00570285 0)
(0.00671847 -0.00434713 0)
(0.00622231 -0.000856425 0)
(0.00531761 0.00594664 0)
(0.00394187 0.0166305 0)
(0.00219992 0.0299365 0)
(0.000553751 0.0397688 0)
(-0.0001074 0.0298745 0)
(0.00031114 -0.011355 0)
(0.00158783 -0.0191863 0)
(0.0025363 -0.0190207 0)
(0.00303524 -0.0157511 0)
(0.00313964 -0.0120616 0)
(0.00301034 -0.00906752 0)
(0.00277486 -0.00703309 0)
(0.00249989 -0.00585463 0)
(0.00221187 -0.00532512 0)
(0.00192163 -0.00524066 0)
(0.00163505 -0.00539978 0)
(0.00134945 -0.00553026 0)
(0.00104345 -0.00517156 0)
(0.000673631 -0.00355643 0)
(0.000178712 0.000413108 0)
(-0.000453926 0.00785063 0)
(-0.00109751 0.0190009 0)
(-0.00149787 0.0320602 0)
(-0.0013488 0.0405745 0)
(-0.000357224 0.0291767 0)
(0.000201531 -0.0128101 0)
(0.000516802 -0.0205491 0)
(0.000172587 -0.0194055 0)
(-0.000600725 -0.0152835 0)
(-0.00153629 -0.0111427 0)
(-0.00245467 -0.00800582 0)
(-0.00328202 -0.00598233 0)
(-0.00400895 -0.00486639 0)
(-0.0046497 -0.00440968 0)
(-0.00522049 -0.00439718 0)
(-0.00573665 -0.00461434 0)
(-0.00621814 -0.00475887 0)
(-0.00668904 -0.00433599 0)
(-0.00715528 -0.00258801 0)
(-0.00755702 0.00144836 0)
(-0.00766929 0.00859878 0)
(-0.00717841 0.0189151 0)
(-0.00579085 0.0305281 0)
(-0.00351471 0.0374848 0)
(-0.000663968 0.0262521 0)
(-6.26591e-05 -0.012692 0)
(-0.00140165 -0.0188587 0)
(-0.00356991 -0.0165811 0)
(-0.00587445 -0.0121653 0)
(-0.00790106 -0.00824613 0)
(-0.00954634 -0.00551261 0)
(-0.0108551 -0.00388515 0)
(-0.0119127 -0.0030912 0)
(-0.0128001 -0.00287756 0)
(-0.0135815 -0.00304023 0)
(-0.0143039 -0.00337387 0)
(-0.0149929 -0.00359466 0)
(-0.0156329 -0.00327003 0)
(-0.0161275 -0.00179275 0)
(-0.016237 0.00154558 0)
(-0.0155602 0.00732139 0)
(-0.0136709 0.0155374 0)
(-0.0103036 0.0246742 0)
(-0.00579093 0.0300114 0)
(-0.000999287 0.0208988 0)
(-0.000611706 -0.00988465 0)
(-0.00419859 -0.0130139 0)
(-0.0082203 -0.0101759 0)
(-0.0116842 -0.00653618 0)
(-0.0142199 -0.0037741 0)
(-0.0159675 -0.00209557 0)
(-0.0171844 -0.00126349 0)
(-0.0180932 -0.00100242 0)
(-0.0188572 -0.00110689 0)
(-0.0195878 -0.00143198 0)
(-0.0203515 -0.00184504 0)
(-0.0211606 -0.00217162 0)
(-0.0219462 -0.00215388 0)
(-0.0225215 -0.00143629 0)
(-0.0225372 0.00040814 0)
(-0.0214432 0.00379197 0)
(-0.0186854 0.00881669 0)
(-0.013946 0.0146275 0)
(-0.00772627 0.0183412 0)
(-0.00132952 0.0131803 0)
(-0.00154366 -0.00332661 0)
(-0.00580078 -0.00341822 0)
(-0.00939971 -0.00205513 0)
(-0.0117973 -0.000893807 0)
(-0.0130992 -0.000220502 0)
(-0.013726 8.35509e-05 0)
(-0.0140239 0.00016674 0)
(-0.01421 0.000128589 0)
(-0.0144145 2.33271e-05 0)
(-0.0147191 -0.000122972 0)
(-0.015172 -0.000295121 0)
(-0.0157825 -0.000472496 0)
(-0.0165014 -0.000615499 0)
(-0.0171876 -0.000654763 0)
(-0.0175636 -0.00047687 0)
(-0.0172147 9.49101e-05 0)
(-0.0155733 0.00123131 0)
(-0.0121573 0.0028814 0)
(-0.00719175 0.00436989 0)
(-0.00174041 0.00374972 0)
)
;

boundaryField
{
    leftWall
    {
        type            fixedValue;
        value           uniform (0 0 0);
    }
    rightWall
    {
        type            fixedValue;
        value           uniform (0 0 0);
    }
    topWall
    {
        type            fixedValue;
        value           uniform (0 0 0);
    }
    bottomWall
    {
        type            fixedValue;
        value           uniform (0 0 0);
    }
    frontAndBackPlanes
    {
        type            empty;
    }
}


// ************************************************************************* //
