/*--------------------------------*- C++ -*----------------------------------*\
| =========                 |                                                 |
| \\      /  F ield         | OpenFOAM: The Open Source CFD Toolbox           |
|  \\    /   O peration     | Version:  2506                                  |
|   \\  /    A nd           | Website:  www.openfoam.com                      |
|    \\/     M anipulation  |                                                 |
\*---------------------------------------------------------------------------*/
FoamFile
{
    version     2.0;
    format      ascii;
    arch        "LSB;label=32;scalar=64";
    class       surfaceScalarField;
    location    "0.6";
    object      phi;
}
// * * * * * * * * * * * * * * * * * * * * * * * * * * * * * * * * * * * * * //

dimensions      [1 0 -1 0 0 0 0];

oriented        oriented;

internalField   nonuniform List<scalar> 
370
(
-0.00050186
0.000215151
-0.000650532
0.000148637
-0.000608415
-4.21467e-05
-0.000501247
-0.000107197
-0.000395519
-0.000105759
-0.00030528
-9.02682e-05
-0.00022907
-7.62397e-05
-0.000162755
-6.63454e-05
-0.000102328
-6.04569e-05
-4.44526e-05
-5.79056e-05
1.35527e-05
-5.80354e-05
7.4076e-05
-6.05536e-05
0.000140015
-6.59697e-05
0.000215265
-7.52804e-05
0.000304089
-8.88549e-05
0.000407276
-0.000103218
0.000508228
-0.000100983
0.000543898
-3.56457e-05
0.000367421
0.00017785
0.00039232
-0.000211447
0.000426758
-0.000360204
0.000297394
-0.000396409
-5.95016e-06
-0.000355806
-0.000147811
-0.000296312
-0.000165264
-0.000236831
-0.000149761
-0.00018103
-0.000132053
-0.000128425
-0.000118962
-7.7814e-05
-0.00011108
-2.79083e-05
-0.000107823
2.24036e-05
-0.00010836
7.39965e-05
-0.000112159
0.000127924
-0.000119909
0.000185512
-0.000132882
0.000247317
-0.000150672
0.000310226
-0.00016614
0.00035618
-0.000146948
0.000309498
1.10821e-05
0.000156483
0.00033229
0.000574027
-8.60241e-05
0.000513157
-0.000169276
0.000380681
-0.000191586
1.63598e-05
-0.000194892
-0.000144507
-0.000179584
-0.000180573
-0.000154102
-0.000175245
-0.000123013
-0.000163145
-8.88035e-05
-0.000153173
-5.29621e-05
-0.000146924
-1.64433e-05
-0.000144345
2.01296e-05
-0.000144935
5.60953e-05
-0.000148127
9.01369e-05
-0.000153954
0.000119451
-0.000162199
0.000142304
-0.000173527
0.000153791
-0.000177631
0.000145803
-0.000138961
0.000129732
2.72076e-05
4.72754e-05
0.000416214
0.000646805
-3.44908e-05
0.000548239
-7.14279e-05
0.000417678
-9.53842e-05
4.03153e-05
-0.000102577
-0.000137317
-9.8975e-05
-0.000184178
-8.86177e-05
-0.000185604
-7.43059e-05
-0.000177459
-5.7826e-05
-0.000169656
-4.03606e-05
-0.000164392
-2.26738e-05
-0.000162034
-5.12979e-06
-0.000162482
1.22061e-05
-0.000165466
2.91302e-05
-0.000170881
4.54426e-05
-0.000178514
5.83201e-05
-0.000186408
6.52063e-05
-0.00018452
6.26963e-05
-0.000136452
4.16743e-05
4.8284e-05
6.50042e-06
0.000452884
0.000679038
-1.43272e-05
0.000563371
-2.92966e-05
0.000432731
-4.04842e-05
5.15035e-05
-4.3891e-05
-0.000133913
-4.37316e-05
-0.00018434
-4.1166e-05
-0.000188173
-3.70493e-05
-0.000181579
-3.20048e-05
-0.000174703
-2.6543e-05
-0.000169857
-2.10713e-05
-0.000167509
-1.58396e-05
-0.000167717
-1.08726e-05
-0.000170436
-6.22166e-06
-0.000175535
-2.13858e-06
-0.000182601
7.82839e-07
-0.000189333
1.80778e-06
-0.000185548
-3.12461e-07
-0.000134334
-8.77811e-06
5.68064e-05
-1.7105e-05
0.000462741
0.000687872
-3.52375e-06
0.000567913
-2.61796e-06
0.000431932
1.36458e-06
4.75237e-05
1.90249e-06
-0.000134454
4.28481e-07
-0.000182869
-2.76528e-06
-0.000184981
-7.16928e-06
-0.000177177
-1.22932e-05
-0.000169581
-1.77164e-05
-0.000164436
-2.32802e-05
-0.000161947
-2.89237e-05
-0.000162075
-3.44672e-05
-0.000164895
-3.94379e-05
-0.000170566
-4.33442e-05
-0.000178697
-4.56121e-05
-0.000187067
-4.56897e-05
-0.000185474
-4.30782e-05
-0.000136947
-3.52063e-05
4.89947e-05
-2.74653e-05
0.000456562
0.000686548
1.616e-05
0.000552986
4.13584e-05
0.000406867
5.76053e-05
3.1282e-05
6.10131e-05
-0.000137864
5.57643e-05
-0.000177622
4.45117e-05
-0.00017373
2.95293e-05
-0.000162196
1.25006e-05
-0.000152554
-5.49985e-06
-0.000146436
-2.38328e-05
-0.000143615
-4.23437e-05
-0.000143566
-6.0895e-05
-0.000146344
-7.86388e-05
-0.000152824
-9.40852e-05
-0.000163251
-0.000105489
-0.000175664
-0.00011034
-0.000180625
-0.00010574
-0.000141547
-8.33102e-05
2.66294e-05
-4.91146e-05
0.000423967
0.000663776
5.57653e-05
0.000498668
0.000127344
0.000335448
0.000139878
1.87553e-05
0.00014624
-0.000144228
0.000133796
-0.000165178
0.000109344
-0.000149277
7.78384e-05
-0.00013069
4.24486e-05
-0.000117163
5.23007e-06
-0.000109217
-3.24954e-05
-0.000105889
-6.99262e-05
-0.000106134
-0.000106136
-0.000110134
-0.000139936
-0.000119023
-0.000169403
-0.000133784
-0.000191065
-0.000154002
-0.000199689
-0.000172001
-0.00018782
-0.000153416
-0.0001713
1.01794e-05
-8.98146e-05
0.000344133
0.000600507
0.000154646
0.000345681
0.000296503
0.000193778
0.000344216
-2.89549e-05
0.000300086
-0.000100104
0.000238942
-0.000104041
0.000178729
-8.90713e-05
0.000122508
-7.44757e-05
6.96542e-05
-6.43169e-05
1.8849e-05
-5.84195e-05
-3.11396e-05
-5.59082e-05
-8.12417e-05
-5.60396e-05
-0.000132459
-5.89244e-05
-0.000186024
-6.5466e-05
-0.000243143
-7.66714e-05
-0.000304276
-9.28771e-05
-0.000366091
-0.000110192
-0.000410391
-0.00010912
-0.000361511
-3.86235e-05
-0.000207935
0.000192314
0.000419319
0.000347611
0.000541676
0.000512785
0.000412731
0.000308738
0.000219714
0.000145285
8.10136e-05
2.26396e-05
-3.32233e-05
-8.92175e-05
-0.000148096
-0.000213516
-0.000290141
-0.000382971
-0.000493114
-0.000602181
-0.000640647
-0.00044633
)
;

boundaryField
{
    leftWall
    {
        type            calculated;
        value           nonuniform List<scalar> 10(0 3.38813e-21 0 -2.71051e-20 0 0 1.0842e-19 0 0 0);
    }
    rightWall
    {
        type            calculated;
        value           nonuniform List<scalar> 10(0 0 0 0 0 0 0 0 0 -3.46945e-18);
    }
    topWall
    {
        type            calculated;
        value           uniform 0;
    }
    bottomWall
    {
        type            calculated;
        value           uniform 0;
    }
    frontAndBackPlanes
    {
        type            empty;
    }
}


// ************************************************************************* //
