/*--------------------------------*- C++ -*----------------------------------*\
| =========                 |                                                 |
| \\      /  F ield         | OpenFOAM: The Open Source CFD Toolbox           |
|  \\    /   O peration     | Version:  2506                                  |
|   \\  /    A nd           | Website:  www.openfoam.com                      |
|    \\/     M anipulation  |                                                 |
\*---------------------------------------------------------------------------*/
FoamFile
{
    version     2.0;
    format      ascii;
    arch        "LSB;label=32;scalar=64";
    class       surfaceScalarField;
    location    "133.6";
    object      phi;
}
// * * * * * * * * * * * * * * * * * * * * * * * * * * * * * * * * * * * * * //

dimensions      [1 0 -1 0 0 0 0];

oriented        oriented;

internalField   nonuniform List<scalar> 
370
(
0.000363506
-0.000392769
0.000936198
-0.00057264
0.0014261
-0.000489829
0.00175606
-0.000329867
0.00193832
-0.000182156
0.0020182
-7.97674e-05
0.00204469
-2.63676e-05
0.00205754
-1.27189e-05
0.00208484
-2.71615e-05
0.00214536
-6.03747e-05
0.00225024
-0.000104733
0.00240531
-0.000154908
0.00261052
-0.00020505
0.0028542
-0.000243511
0.00309951
-0.000245135
0.00325901
-0.000159316
0.0031671
9.20895e-05
0.00261375
0.000553527
0.00140961
0.0012043
0.00140969
0.000476361
-0.000869103
0.00126797
-0.00136418
0.00201462
-0.00123637
0.00258194
-0.000897074
0.00295821
-0.000558294
0.00318412
-0.000305542
0.00331373
-0.00015584
0.00339596
-9.48046e-05
0.00346703
-9.80876e-05
0.00354887
-0.000142066
0.00365154
-0.000207241
0.00377362
-0.000276829
0.00389981
-0.000331082
0.00399435
-0.000337888
0.00399035
-0.000240957
0.00378291
4.82984e-05
0.00323774
0.000637434
0.0022313
0.00156015
0.000896937
0.00253882
0.0023067
0.000446096
-0.00131516
0.00116691
-0.00208489
0.00184454
-0.00191387
0.0023649
-0.00141728
0.00272093
-0.000914155
0.00294798
-0.000532426
0.00308949
-0.000297184
0.00318195
-0.000187101
0.00325036
-0.000166335
0.00330844
-0.000199979
0.00335995
-0.000258581
0.00339876
-0.000315465
0.00340636
-0.000338509
0.00334702
-0.000278372
0.00316399
-5.77468e-05
0.00278725
0.000425215
0.00216667
0.00125819
0.00131742
0.00240958
0.000442033
0.00341435
0.00274881
0.000371989
-0.00168711
0.000932672
-0.00264547
0.0014229
-0.00240395
0.00177249
-0.00176671
0.00199659
-0.00113806
0.00213398
-0.000669636
0.00221945
-0.000382466
0.00227562
-0.000243082
0.00231409
-0.000204627
0.00233905
-0.00022476
0.00234976
-0.000269112
0.0023404
-0.00030592
0.00229721
-0.000295135
0.00219476
-0.00017574
0.001996
0.000141209
0.0016667
0.000754699
0.00119414
0.00173095
0.000633914
0.00296999
0.000156356
0.00389206
0.00290522
0.000278169
-0.00196524
0.000632467
-0.00299964
0.000883594
-0.00265491
0.00101864
-0.00190157
0.00107843
-0.00119766
0.00110334
-0.000694347
0.00111662
-0.000395554
0.00112598
-0.000252255
0.00113108
-0.000209547
0.0011295
-0.000222992
0.00111889
-0.000258315
0.00109552
-0.000282365
0.0010507
-0.000250133
0.000968008
-9.28636e-05
0.0008258
0.000283608
0.000610439
0.000970253
0.000337197
0.00200438
7.74439e-05
0.00322992
-5.05296e-05
0.00402018
0.00285475
0.000162189
-0.00212738
0.000262783
-0.00310011
0.00023784
-0.00262979
0.000142561
-0.0018061
3.68945e-05
-0.0010918
-4.91281e-05
-0.000608135
-0.000110224
-0.000334273
-0.000153075
-0.000209221
-0.00018596
-0.000176481
-0.000214335
-0.000194436
-0.000241315
-0.000231155
-0.000270411
-0.000253088
-0.000307767
-0.000212594
-0.000361377
-3.90675e-05
-0.000431966
0.000354388
-0.000506047
0.00104453
-0.000541122
0.00203965
-0.000467994
0.00315697
-0.000243815
0.00379613
0.00261099
-1.35838e-05
-0.00211374
-0.000231912
-0.00288165
-0.000571577
-0.00228995
-0.000909406
-0.00146808
-0.00118206
-0.000818967
-0.00137988
-0.000410135
-0.00151863
-0.000195347
-0.00161758
-0.000110093
-0.00169119
-0.000102695
-0.00174874
-0.000136715
-0.00179596
-0.000183756
-0.00183654
-0.000212337
-0.00187048
-0.000178485
-0.00188912
-2.02447e-05
-0.00186343
0.000328881
-0.00174978
0.000931061
-0.00148863
0.00177868
-0.00103476
0.00270326
-0.000438347
0.00319983
0.00217269
-0.000283336
-0.00183035
-0.000928241
-0.0022366
-0.00162113
-0.00159689
-0.00219145
-0.000897591
-0.00260108
-0.000409158
-0.00287589
-0.000135151
-0.00305651
-1.45598e-05
-0.00317782
1.13922e-05
-0.00326587
-1.4488e-05
-0.00333702
-6.5402e-05
-0.00339965
-0.000120962
-0.00345296
-0.000158873
-0.00348312
-0.000148163
-0.00345621
-4.69987e-05
-0.00331886
0.000191695
-0.00299954
0.000611899
-0.00243116
0.00121045
-0.00159771
0.00186994
-0.000635097
0.00223733
0.00153763
-0.000708771
-0.00112151
-0.0018471
-0.00109813
-0.00280951
-0.000634315
-0.00344849
-0.000258431
-0.00381236
-4.51205e-05
-0.00400285
5.55023e-05
-0.00409745
8.02016e-05
-0.00414993
6.40146e-05
-0.00419372
2.94496e-05
-0.00424714
-1.18406e-05
-0.00431577
-5.21901e-05
-0.00439063
-8.38768e-05
-0.00444459
-9.40776e-05
-0.00442623
-6.52314e-05
-0.00426119
2.67799e-05
-0.00384992
0.00020075
-0.00310919
0.000469843
-0.00202803
0.000788889
-0.000792428
0.0010018
0.00074524
-0.00112144
-0.00221943
-0.00285358
-0.00311184
-0.0031568
-0.00310114
-0.00302079
-0.00295664
-0.00292706
-0.00293877
-0.00299084
-0.00307461
-0.00316858
-0.00323371
-0.00320684
-0.003006
-0.00253608
-0.00174712
-0.000745262
)
;

boundaryField
{
    leftWall
    {
        type            calculated;
        value           nonuniform List<scalar> 10(0 2.71051e-20 0 0 0 0 0 0 0 0);
    }
    rightWall
    {
        type            calculated;
        value           nonuniform List<scalar> 10(0 0 0 0 0 0 -4.33681e-19 0 0 0);
    }
    topWall
    {
        type            calculated;
        value           uniform 0;
    }
    bottomWall
    {
        type            calculated;
        value           uniform 0;
    }
    frontAndBackPlanes
    {
        type            empty;
    }
}


// ************************************************************************* //
