/*--------------------------------*- C++ -*----------------------------------*\
| =========                 |                                                 |
| \\      /  F ield         | OpenFOAM: The Open Source CFD Toolbox           |
|  \\    /   O peration     | Version:  2506                                  |
|   \\  /    A nd           | Website:  www.openfoam.com                      |
|    \\/     M anipulation  |                                                 |
\*---------------------------------------------------------------------------*/
FoamFile
{
    version     2.0;
    format      ascii;
    arch        "LSB;label=32;scalar=64";
    class       volVectorField;
    location    "30.8";
    object      U;
}
// * * * * * * * * * * * * * * * * * * * * * * * * * * * * * * * * * * * * * //

dimensions      [0 1 -1 0 0 0 0];

internalField   nonuniform List<vector> 
200
(
(-0.000242866 -9.3606e-05 0)
(-9.10717e-05 -0.000239197 0)
(0.000647507 -0.0003648 0)
(0.00173153 -0.000500698 0)
(0.00298405 -0.000588308 0)
(0.00433231 -0.000618266 0)
(0.00568522 -0.000609088 0)
(0.00698079 -0.000585326 0)
(0.00819502 -0.000570956 0)
(0.00933636 -0.000586225 0)
(0.0104358 -0.00064583 0)
(0.011535 -0.000757435 0)
(0.0126699 -0.000918057 0)
(0.0138477 -0.00110372 0)
(0.0150023 -0.00124551 0)
(0.0159018 -0.00117443 0)
(0.0160306 -0.000521674 0)
(0.0145003 0.00131315 0)
(0.0103299 0.00455238 0)
(0.0030966 0.00651557 0)
(4.90237e-05 -0.000682834 0)
(0.000886207 -0.00208014 0)
(0.00251694 -0.00332561 0)
(0.00469559 -0.00426261 0)
(0.00716355 -0.00479003 0)
(0.00970812 -0.00494015 0)
(0.0121695 -0.00481352 0)
(0.0144461 -0.00453289 0)
(0.016489 -0.00421201 0)
(0.0182869 -0.00393638 0)
(0.0198454 -0.00375141 0)
(0.0211638 -0.00365156 0)
(0.0222085 -0.00356272 0)
(0.0228821 -0.00330617 0)
(0.0229837 -0.00253019 0)
(0.0221609 -0.000601739 0)
(0.0198504 0.00344092 0)
(0.0154241 0.0104273 0)
(0.0089111 0.0190398 0)
(0.00153639 0.0193722 0)
(0.00014675 -0.0018802 0)
(0.00151602 -0.00527198 0)
(0.0037831 -0.00795908 0)
(0.00659488 -0.00970824 0)
(0.00957288 -0.0105052 0)
(0.0124503 -0.010507 0)
(0.0150642 -0.00995627 0)
(0.0173347 -0.0091022 0)
(0.0192405 -0.00814838 0)
(0.0207915 -0.00722399 0)
(0.0220004 -0.00636833 0)
(0.0228561 -0.00551661 0)
(0.0232978 -0.0044775 0)
(0.0231914 -0.00289433 0)
(0.0222969 -0.000184996 0)
(0.0202902 0.00446281 0)
(0.0168707 0.0118977 0)
(0.0119245 0.0222872 0)
(0.00605636 0.032284 0)
(0.000795054 0.02759 0)
(0.00020325 -0.0036656 0)
(0.00191132 -0.00950396 0)
(0.00450987 -0.013594 0)
(0.00750489 -0.0158575 0)
(0.0104331 -0.0164956 0)
(0.0130185 -0.0159086 0)
(0.0151406 -0.0145596 0)
(0.0167869 -0.0128588 0)
(0.0180071 -0.0110998 0)
(0.0188713 -0.00943506 0)
(0.0194363 -0.0078681 0)
(0.0197177 -0.00624446 0)
(0.0196682 -0.00423535 0)
(0.0191624 -0.0013176 0)
(0.0179539 0.00322329 0)
(0.0158446 0.0101683 0)
(0.0126469 0.0201463 0)
(0.00842395 0.0325614 0)
(0.00386522 0.042359 0)
(0.000396059 0.0327417 0)
(0.000253247 -0.005784 0)
(0.00207313 -0.0141517 0)
(0.00458521 -0.0193385 0)
(0.00721845 -0.021611 0)
(0.00950168 -0.0215498 0)
(0.0112145 -0.0199248 0)
(0.0123313 -0.0174907 0)
(0.0129456 -0.0148371 0)
(0.0132018 -0.0123302 0)
(0.013242 -0.0101108 0)
(0.0131696 -0.0081069 0)
(0.0130258 -0.00603878 0)
(0.0127743 -0.00341678 0)
(0.0122768 0.000444756 0)
(0.0113425 0.00632452 0)
(0.0097968 0.0149601 0)
(0.00752407 0.026684 0)
(0.00465093 0.0401796 0)
(0.00178435 0.0491117 0)
(6.93203e-05 0.0355396 0)
(0.000268387 -0.00793681 0)
(0.0018041 -0.018414 0)
(0.00360589 -0.0240623 0)
(0.00516371 -0.02571 0)
(0.00612464 -0.0244539 0)
(0.00640726 -0.0215206 0)
(0.0061294 -0.0179797 0)
(0.00550303 -0.0145734 0)
(0.00475101 -0.0116865 0)
(0.00405063 -0.00938603 0)
(0.00350504 -0.00746809 0)
(0.0031361 -0.00548736 0)
(0.0028904 -0.00277779 0)
(0.0026357 0.00149325 0)
(0.00223538 0.00815828 0)
(0.00159195 0.0178389 0)
(0.000716585 0.0305274 0)
(-0.000185577 0.0442814 0)
(-0.000703501 0.0519379 0)
(-0.000285907 0.0358963 0)
(0.00019641 -0.00951555 0)
(0.000800221 -0.020951 0)
(0.00104187 -0.0261439 0)
(0.000684018 -0.0265913 0)
(-0.000342022 -0.0239245 0)
(-0.00188322 -0.0198089 0)
(-0.00366818 -0.0155786 0)
(-0.0054432 -0.0120136 0)
(-0.00700974 -0.00938835 0)
(-0.00825457 -0.00759402 0)
(-0.00914577 -0.00624686 0)
(-0.00970764 -0.00475176 0)
(-0.00998729 -0.00234469 0)
(-0.0100154 0.00182887 0)
(-0.00977872 0.00852992 0)
(-0.00919548 0.0181798 0)
(-0.00809862 0.0304549 0)
(-0.00628201 0.0431244 0)
(-0.00375336 0.0493723 0)
(-0.000723259 0.0332456 0)
(-5.029e-05 -0.00951836 0)
(-0.00120902 -0.0199129 0)
(-0.00341616 -0.0236251 0)
(-0.00636355 -0.0226725 0)
(-0.00963454 -0.0190892 0)
(-0.0128685 -0.0146818 0)
(-0.0158059 -0.0107113 0)
(-0.018308 -0.00778266 0)
(-0.0203381 -0.00597368 0)
(-0.0219258 -0.00502056 0)
(-0.023121 -0.00445688 0)
(-0.0239492 -0.00368693 0)
(-0.0243727 -0.00202432 0)
(-0.02424 0.00125466 0)
(-0.0233073 0.00678215 0)
(-0.0212905 0.0148631 0)
(-0.0178932 0.0251054 0)
(-0.013003 0.0355074 0)
(-0.00711736 0.0404378 0)
(-0.00121859 0.0270575 0)
(-0.000467629 -0.00696339 0)
(-0.00379547 -0.0139011 0)
(-0.00862454 -0.0156628 0)
(-0.0138986 -0.014058 0)
(-0.0187504 -0.0108394 0)
(-0.0227668 -0.00743452 0)
(-0.0258745 -0.00471329 0)
(-0.0282048 -0.00299643 0)
(-0.0299747 -0.00222007 0)
(-0.0313916 -0.00210928 0)
(-0.032587 -0.00229143 0)
(-0.0335752 -0.00234729 0)
(-0.0342284 -0.00182461 0)
(-0.0342566 -0.000242732 0)
(-0.033185 0.002882 0)
(-0.0304991 0.00785376 0)
(-0.0256874 0.0144671 0)
(-0.0186006 0.0214367 0)
(-0.0100509 0.0251591 0)
(-0.00170301 0.0173251 0)
(-0.000812865 -0.00193519 0)
(-0.0043038 -0.0034639 0)
(-0.00906694 -0.00356663 0)
(-0.0137427 -0.00284772 0)
(-0.0174639 -0.00183495 0)
(-0.0200101 -0.000908895 0)
(-0.02155 -0.000264418 0)
(-0.0224137 5.63753e-05 0)
(-0.022942 9.81959e-05 0)
(-0.0234038 -5.92992e-05 0)
(-0.0239631 -0.000327678 0)
(-0.0246654 -0.000616803 0)
(-0.0254252 -0.000828707 0)
(-0.0260032 -0.000840817 0)
(-0.0259988 -0.000477163 0)
(-0.0248397 0.000485414 0)
(-0.0218523 0.00215688 0)
(-0.0165967 0.00434508 0)
(-0.00957317 0.00610046 0)
(-0.00227763 0.00496439 0)
)
;

boundaryField
{
    leftWall
    {
        type            fixedValue;
        value           uniform (0 0 0);
    }
    rightWall
    {
        type            fixedValue;
        value           uniform (0 0 0);
    }
    topWall
    {
        type            fixedValue;
        value           uniform (0 0 0);
    }
    bottomWall
    {
        type            fixedValue;
        value           uniform (0 0 0);
    }
    frontAndBackPlanes
    {
        type            empty;
    }
}


// ************************************************************************* //
