/*--------------------------------*- C++ -*----------------------------------*\
| =========                 |                                                 |
| \\      /  F ield         | OpenFOAM: The Open Source CFD Toolbox           |
|  \\    /   O peration     | Version:  2506                                  |
|   \\  /    A nd           | Website:  www.openfoam.com                      |
|    \\/     M anipulation  |                                                 |
\*---------------------------------------------------------------------------*/
FoamFile
{
    version     2.0;
    format      ascii;
    arch        "LSB;label=32;scalar=64";
    class       surfaceScalarField;
    location    "80.8";
    object      phi;
}
// * * * * * * * * * * * * * * * * * * * * * * * * * * * * * * * * * * * * * //

dimensions      [1 0 -1 0 0 0 0];

oriented        oriented;

internalField   nonuniform List<scalar> 
370
(
0.000163524
-0.000220109
0.000514562
-0.000350957
0.000845171
-0.000330488
0.00110086
-0.000255541
0.00127863
-0.000177615
0.00139938
-0.000120573
0.00149048
-9.09139e-05
0.00157714
-8.64768e-05
0.00167958
-0.000102246
0.00181311
-0.000133333
0.00198926
-0.000175939
0.00221598
-0.000226515
0.00249541
-0.000279207
0.00281679
-0.000321158
0.00314201
-0.000324996
0.00337976
-0.00023751
0.0033403
3.96925e-05
0.00280434
0.000536193
0.00154158
0.00126298
0.00154169
0.000312364
-0.000532428
0.000866884
-0.000905355
0.00142863
-0.000892056
0.00189626
-0.000722975
0.00225043
-0.000531561
0.0025104
-0.000380311
0.00270839
-0.000288679
0.00287612
-0.000253975
0.00303883
-0.000264719
0.00321355
-0.00030781
0.00340874
-0.000370885
0.00362317
-0.00044069
0.00384186
-0.000497645
0.00402765
-0.000506687
0.00410825
-0.000405337
0.00396602
-9.50121e-05
0.00345802
0.000547969
0.00242193
0.00157255
0.000990023
0.00269511
0.00253183
0.00034708
-0.000879447
0.000934651
-0.00149276
0.00151926
-0.00147643
0.00200228
-0.00120572
0.00236709
-0.000896071
0.00263329
-0.000646211
0.00283052
-0.000485613
0.00298584
-0.000408993
0.00311896
-0.000397548
0.00324138
-0.000429925
0.00335639
-0.0004856
0.00345815
-0.000542147
0.00352807
-0.000567247
0.00352845
-0.000506758
0.00339658
-0.000273153
0.0030473
0.00025459
0.00241247
0.00118311
0.00149748
0.00248783
0.000517907
0.00367493
0.00304986
0.000333305
-0.00121268
0.000867241
-0.00202649
0.00136719
-0.00197609
0.00175469
-0.00159288
0.00202885
-0.00116988
0.00221606
-0.00083307
0.00234493
-0.00061413
0.00243694
-0.000500652
0.00250515
-0.000465412
0.0025559
-0.000480324
0.00259032
-0.000519678
0.00260397
-0.000555452
0.00258359
-0.000546515
0.00250186
-0.000424669
0.00231488
-8.58185e-05
0.00197309
0.000596735
0.00145312
0.00170342
0.000806032
0.00313524
0.000220963
0.00426026
0.00327094
0.000289343
-0.00150193
0.000703759
-0.00244067
0.00104404
-0.00231604
0.00126881
-0.00181728
0.00140026
-0.00130094
0.00147212
-0.000904542
0.00150976
-0.000651389
0.00152717
-0.000517691
0.00153045
-0.000468322
0.00152195
-0.000471451
0.00150232
-0.000499683
0.00146963
-0.000522382
0.00141585
-0.000492367
0.00132284
-0.000331271
0.00116147
7.59354e-05
0.000908883
0.00084971
0.000571059
0.00204162
0.000220729
0.00348592
5.5698e-07
0.00448071
0.00327161
0.00020813
-0.00170997
0.000428346
-0.00266063
0.000534696
-0.00242204
0.000543289
-0.00182548
0.000500607
-0.00125786
0.000441028
-0.000844569
0.000380185
-0.00059016
0.000321655
-0.000458782
0.00026472
-0.000411012
0.000208665
-0.000415022
0.000153034
-0.000443677
9.52555e-05
-0.000464226
2.81348e-05
-0.000424863
-5.92822e-05
-0.000243464
-0.000173822
0.000190879
-0.000302747
0.00097904
-0.000403764
0.00214303
-0.000400483
0.00348298
-0.000231649
0.00431213
0.00304007
5.90024e-05
-0.00176887
-2.35621e-05
-0.00257779
-0.000233726
-0.0022115
-0.000488367
-0.00157044
-0.000727339
-0.00101849
-0.000928291
-0.000643232
-0.00109214
-0.00042593
-0.00122769
-0.000322869
-0.00134314
-0.000295191
-0.00144407
-0.000313728
-0.00153464
-0.000352733
-0.00161906
-0.000379442
-0.00169988
-0.000343661
-0.00177115
-0.00017181
-0.00180447
0.000224581
-0.00174628
0.000921241
-0.00152561
0.00192273
-0.00108588
0.00304359
-0.00047123
0.00369773
0.00256893
-0.000202386
-0.00156636
-0.0007175
-0.00206238
-0.00131734
-0.00161129
-0.00185229
-0.0010351
-0.00227411
-0.000596285
-0.00259026
-0.00032671
-0.00282692
-0.000188916
-0.0030107
-0.00013873
-0.00316231
-0.000143235
-0.00329572
-0.000179974
-0.00341908
-0.000229023
-0.00353289
-0.000265295
-0.00362427
-0.00025193
-0.0036582
-0.00013754
-0.00357131
0.000138038
-0.00327774
0.000628017
-0.0026943
0.00133962
-0.00179428
0.00214386
-0.000723261
0.00262692
0.00184576
-0.000604081
-0.000962147
-0.00162882
-0.00103733
-0.00255945
-0.000680289
-0.00323885
-0.00035532
-0.00368657
-0.000148194
-0.00396996
-4.29643e-05
-0.00415356
-4.97575e-06
-0.00428884
-3.1222e-06
-0.00440952
-2.22424e-05
-0.00453372
-5.54706e-05
-0.00466925
-9.31979e-05
-0.00480936
-0.000124898
-0.0049256
-0.000135402
-0.00495997
-0.000102889
-0.00482732
5.65726e-06
-0.00440575
0.000206716
-0.00359368
0.000527809
-0.00236814
0.00091855
-0.000935718
0.00119467
0.000910116
-0.000962002
-0.00199901
-0.00267893
-0.00303388
-0.00318171
-0.00322433
-0.00322899
-0.0032318
-0.00325376
-0.00330896
-0.0034019
-0.00352656
-0.00366174
-0.00376442
-0.00375856
-0.00355165
-0.00302366
-0.00210496
-0.000910168
)
;

boundaryField
{
    leftWall
    {
        type            calculated;
        value           nonuniform List<scalar> 10(0 0 -2.71051e-20 0 0 0 0 0 0 0);
    }
    rightWall
    {
        type            calculated;
        value           nonuniform List<scalar> 10(0 0 0 0 4.33681e-19 0 0 0 0 0);
    }
    topWall
    {
        type            calculated;
        value           uniform 0;
    }
    bottomWall
    {
        type            calculated;
        value           uniform 0;
    }
    frontAndBackPlanes
    {
        type            empty;
    }
}


// ************************************************************************* //
