/*--------------------------------*- C++ -*----------------------------------*\
| =========                 |                                                 |
| \\      /  F ield         | OpenFOAM: The Open Source CFD Toolbox           |
|  \\    /   O peration     | Version:  2506                                  |
|   \\  /    A nd           | Website:  www.openfoam.com                      |
|    \\/     M anipulation  |                                                 |
\*---------------------------------------------------------------------------*/
FoamFile
{
    version     2.0;
    format      ascii;
    arch        "LSB;label=32;scalar=64";
    class       surfaceScalarField;
    location    "27.8";
    object      phi;
}
// * * * * * * * * * * * * * * * * * * * * * * * * * * * * * * * * * * * * * //

dimensions      [1 0 -1 0 0 0 0];

oriented        oriented;

internalField   nonuniform List<scalar> 
370
(
-6.50807e-05
-4.07928e-05
5.43409e-05
-0.000119421
0.000254122
-0.000199781
0.000524062
-0.000269939
0.000841191
-0.000317129
0.00118091
-0.000339724
0.00152256
-0.000341648
0.00185208
-0.000329523
0.00216293
-0.000310861
0.00245544
-0.000292511
0.00273489
-0.00027946
0.00300866
-0.000273769
0.003281
-0.000272353
0.00354583
-0.000264838
0.00377306
-0.000227239
0.00387996
-0.000106902
0.00371755
0.000162426
0.0030559
0.000661671
0.00166927
0.00138667
0.0016693
8.56117e-05
-0.0001264
0.000360144
-0.000393941
0.0007922
-0.000631816
0.00133597
-0.000813683
0.00194446
-0.00092559
0.00257331
-0.000968537
0.00318604
-0.000954343
0.00375688
-0.000900322
0.00427039
-0.000824337
0.00471876
-0.000740846
0.00509732
-0.000657984
0.0053987
-0.000575122
0.00560628
-0.00047991
0.00568507
-0.000343611
0.005571
-0.000113153
0.00516775
0.000296361
0.0043392
0.000990994
0.00296907
0.00203184
0.00120643
0.00314937
0.00287578
0.000159917
-0.000286306
0.000564815
-0.000798807
0.00114487
-0.00121182
0.00182816
-0.0014969
0.00254927
-0.00164661
0.0032543
-0.00167345
0.00390426
-0.00160418
0.00447532
-0.00147125
0.0049557
-0.00130458
0.00534041
-0.00112543
0.00562494
-0.000942393
0.0057984
-0.00074848
0.00583679
-0.000518212
0.00569737
-0.000204112
0.00531668
0.000267592
0.00462588
0.000987212
0.00357626
0.00204066
0.00220568
0.00340248
0.000787014
0.00456814
0.00366286
0.000202532
-0.000488819
0.00068255
-0.00127877
0.0013278
-0.00185697
0.00204178
-0.00221073
0.00274593
-0.00235055
0.00338363
-0.00231088
0.0039222
-0.00214244
0.00435003
-0.00189876
0.00466988
-0.00162412
0.00489056
-0.00134583
0.00501866
-0.00107022
0.00505077
-0.000780363
0.00496713
-0.000434379
0.004731
3.21753e-05
0.00428943
0.00070929
0.0036016
0.00167514
0.00265619
0.00298616
0.00153278
0.004526
0.000489689
0.00561136
0.00415263
0.000220935
-0.000709723
0.000704722
-0.00176246
0.00131067
-0.00246274
0.00193003
-0.00282978
0.00248276
-0.00290285
0.00292065
-0.00274821
0.00322801
-0.0024492
0.00341502
-0.00208517
0.00350642
-0.00171495
0.00352984
-0.00136875
0.0035057
-0.00104564
0.00343932
-0.000713609
0.00331637
-0.000311116
0.00310053
0.000248267
0.00275443
0.00105559
0.00224374
0.002186
0.00157335
0.00365669
0.000827015
0.0052725
0.000212699
0.00622585
0.00436543
0.000192502
-0.00090218
0.000565801
-0.00213561
0.000980213
-0.00287682
0.00134015
-0.00318915
0.00158367
-0.00314554
0.00168622
-0.00284975
0.00166099
-0.00242293
0.00154582
-0.00196901
0.00138729
-0.00155558
0.00122637
-0.00120713
0.00108849
-0.000907189
0.0009785
-0.000603152
0.000880393
-0.000212619
0.000764567
0.000364413
0.000603111
0.00121731
0.000383163
0.00240618
0.000130341
0.00390975
-7.46638e-05
0.00547778
-0.000120373
0.00627177
0.00424514
8.10074e-05
-0.000983121
0.000173123
-0.00222748
0.000192636
-0.00289577
9.43601e-05
-0.00308986
-0.000134896
-0.00291485
-0.000475444
-0.00250757
-0.000881747
-0.00201506
-0.00129766
-0.00155178
-0.00167362
-0.00117858
-0.0019769
-0.000903056
-0.0021938
-0.000689663
-0.00232578
-0.00047064
-0.00238252
-0.000155381
-0.00236518
0.00034752
-0.00226977
0.00112231
-0.00207598
0.00221277
-0.0017405
0.00357462
-0.00121259
0.0049502
-0.000524526
0.00558394
0.00372071
-0.000145381
-0.000837636
-0.000532389
-0.00184006
-0.00110716
-0.00232003
-0.00181486
-0.0023805
-0.00259344
-0.00213409
-0.00337502
-0.00172373
-0.00410072
-0.00128736
-0.00473047
-0.000920454
-0.0052449
-0.000662943
-0.00564025
-0.000506758
-0.00591851
-0.000410596
-0.00607578
-0.000312642
-0.00609218
-0.00013829
-0.00593034
0.000186315
-0.00553644
0.000728997
-0.00485272
0.00152957
-0.00382768
0.00255004
-0.00246731
0.0035902
-0.000970972
0.00408786
0.00274983
-0.000417138
-0.000420353
-0.00133994
-0.000916651
-0.00252305
-0.00113553
-0.0037785
-0.00112274
-0.00496184
-0.000947892
-0.00598102
-0.000701656
-0.00680104
-0.000464796
-0.00743294
-0.000286509
-0.00791252
-0.000181761
-0.008278
-0.000139993
-0.00855122
-0.000136324
-0.00872407
-0.000138862
-0.00874928
-0.000112234
-0.00855564
-6.53326e-06
-0.00802669
0.000200762
-0.00705211
0.000555611
-0.00554924
0.00104769
-0.003546
0.00158736
-0.00136513
0.00190728
0.00138482
-0.000420217
-0.00133625
-0.00247028
-0.00359052
-0.00453523
-0.00523352
-0.00569518
-0.00597899
-0.00615855
-0.00629676
-0.00643166
-0.00656936
-0.00668061
-0.00668629
-0.00648477
-0.00592853
-0.0048803
-0.00329252
-0.00138495
)
;

boundaryField
{
    leftWall
    {
        type            calculated;
        value           nonuniform List<scalar> 10(0 0 0 0 3.38813e-21 0 0 0 0 0);
    }
    rightWall
    {
        type            calculated;
        value           nonuniform List<scalar> 10(-1.0842e-19 0 0 0 0 8.67362e-19 0 8.67362e-19 0 0);
    }
    topWall
    {
        type            calculated;
        value           uniform 0;
    }
    bottomWall
    {
        type            calculated;
        value           uniform 0;
    }
    frontAndBackPlanes
    {
        type            empty;
    }
}


// ************************************************************************* //
