/*--------------------------------*- C++ -*----------------------------------*\
| =========                 |                                                 |
| \\      /  F ield         | OpenFOAM: The Open Source CFD Toolbox           |
|  \\    /   O peration     | Version:  2506                                  |
|   \\  /    A nd           | Website:  www.openfoam.com                      |
|    \\/     M anipulation  |                                                 |
\*---------------------------------------------------------------------------*/
FoamFile
{
    version     2.0;
    format      ascii;
    arch        "LSB;label=32;scalar=64";
    class       surfaceScalarField;
    location    "65.4";
    object      phi;
}
// * * * * * * * * * * * * * * * * * * * * * * * * * * * * * * * * * * * * * //

dimensions      [1 0 -1 0 0 0 0];

oriented        oriented;

internalField   nonuniform List<scalar> 
370
(
8.80033e-05
-0.000156258
0.000355654
-0.00026758
0.000628547
-0.000272789
0.000861711
-0.000233037
0.00104536
-0.000183511
0.00118956
-0.000144045
0.00131223
-0.000122518
0.00143228
-0.000119892
0.00156673
-0.000134282
0.00173011
-0.000163212
0.00193459
-0.000204312
0.00218931
-0.000254538
0.00249697
-0.000307471
0.00284623
-0.000349061
0.00319697
-0.000350545
0.00345489
-0.000257718
0.00342339
3.1703e-05
0.00288127
0.000542328
0.0015893
0.00129215
0.00158941
0.000242217
-0.000398432
0.000698366
-0.000723609
0.00118697
-0.000761216
0.00162074
-0.000666608
0.00197608
-0.000538626
0.00226164
-0.000429384
0.00249903
-0.000359678
0.00271193
-0.000332558
0.00292075
-0.000342867
0.00314035
-0.000382582
0.00337875
-0.000442467
0.00363474
-0.000510278
0.00389298
-0.000565461
0.00411461
-0.000570426
0.00422378
-0.000459453
0.00409725
-0.000130931
0.00358777
0.000541449
0.00252236
0.001608
0.00103622
0.00277851
0.00262575
0.000298176
-0.000696542
0.000821596
-0.00124684
0.00136359
-0.00130295
0.00183313
-0.00113583
0.00220862
-0.000913791
0.00250139
-0.000721828
0.00273362
-0.000591565
0.00292705
-0.000525665
0.00309839
-0.00051388
0.00325779
-0.000541648
0.00340821
-0.000592556
0.0035437
-0.000645433
0.00364508
-0.000666495
0.00367278
-0.000597782
0.00355996
-0.00034629
0.00321506
0.000214313
0.00256189
0.00119496
0.00160291
0.00256729
0.000562142
0.00381954
0.00318802
0.000307914
-0.00100437
0.00081911
-0.0017578
0.00131638
-0.00179988
0.00171898
-0.00153804
0.00201822
-0.00121261
0.00223368
-0.000936868
0.00238991
-0.000747371
0.00250675
-0.00064209
0.00259715
-0.000603878
0.00266802
-0.000612108
0.00272114
-0.000645271
0.00275244
-0.00067632
0.00274839
-0.000662033
0.00268026
-0.000529225
0.00250054
-0.000166153
0.0021515
0.000563763
0.00160357
0.00174329
0.000906676
0.00326454
0.000260763
0.00446575
0.00344892
0.000285782
-0.00129005
0.000715286
-0.00218702
0.00108811
-0.0021723
0.00135056
-0.00180002
0.00151505
-0.00137662
0.0016111
-0.00103244
0.00166412
-0.000799913
0.00169023
-0.000667732
0.00169809
-0.000611288
0.00169216
-0.000605717
0.00167441
-0.000627068
0.00164355
-0.000644991
0.00159157
-0.000609586
0.00149949
-0.000436679
0.00133498
-1.16275e-06
0.00106754
0.000831673
0.000698612
0.00211266
0.000300959
0.0036626
2.83549e-05
0.00473867
0.00347741
0.000221887
-0.00151181
0.000486023
-0.00245083
0.000647866
-0.00233369
0.000702315
-0.00185397
0.000688123
-0.00136192
0.00064036
-0.000984175
0.000579231
-0.000738289
0.000513356
-0.000601371
0.000445891
-0.000543343
0.00037851
-0.000537857
0.00031194
-0.000560018
0.000243901
-0.000576466
0.000166655
-0.000531847
6.75463e-05
-0.000337064
-6.28732e-05
0.000129781
-0.000212058
0.000981373
-0.000338799
0.00223989
-0.00036471
0.00368894
-0.000221197
0.00459548
0.00325634
8.75143e-05
-0.0015992
6.46988e-05
-0.00242766
-8.8446e-05
-0.00218007
-0.000306985
-0.00163491
-0.00053384
-0.00113454
-0.000741043
-0.000776466
-0.000922074
-0.000556763
-0.00107978
-0.000443179
-0.00121867
-0.000403975
-0.00134245
-0.000413598
-0.00145476
-0.000447221
-0.00156019
-0.000470563
-0.0016623
-0.000429246
-0.00175615
-0.000242707
-0.00181299
0.000187131
-0.0017733
0.000942182
-0.00156113
0.00202819
-0.00111746
0.00324569
-0.000487544
0.00396586
0.00276892
-0.000164923
-0.00143412
-0.00061838
-0.00197382
-0.00117635
-0.00162161
-0.00169926
-0.00111149
-0.00213386
-0.000699438
-0.00247823
-0.000431601
-0.0027505
-0.000284015
-0.00297182
-0.000221389
-0.00315995
-0.000215381
-0.00332804
-0.000245052
-0.00348442
-0.000290393
-0.00363001
-0.000324518
-0.00375183
-0.000306978
-0.00381294
-0.000181146
-0.00374469
0.000119333
-0.00345307
0.000651011
-0.0028483
0.00142385
-0.00190187
0.00229964
-0.000768515
0.00283278
0.00200052
-0.000552057
-0.000881893
-0.00152013
-0.00100534
-0.00243653
-0.000704716
-0.00314002
-0.0004075
-0.00363323
-0.000205743
-0.00397002
-9.43459e-05
-0.00420766
-4.59272e-05
-0.00439212
-3.64941e-05
-0.0045559
-5.11854e-05
-0.00471966
-8.08902e-05
-0.0048926
-0.000117055
-0.00506834
-0.000148403
-0.00521684
-0.0001581
-0.00527563
-0.000121989
-0.0051529
-3.04031e-06
-0.00471613
0.000214602
-0.00385577
0.000563824
-0.00254623
0.000990399
-0.00100828
0.00129507
0.000992328
-0.000881709
-0.00188665
-0.00259089
-0.00299791
-0.00320319
-0.0032971
-0.00334261
-0.00337872
-0.00342953
-0.00351007
-0.00362679
-0.00377488
-0.00393268
-0.00405439
-0.00405716
-0.0038423
-0.00327824
-0.00228763
-0.000992398
)
;

boundaryField
{
    leftWall
    {
        type            calculated;
        value           uniform 0;
    }
    rightWall
    {
        type            calculated;
        value           nonuniform List<scalar> 10(0 0 4.33681e-19 0 0 0 0 0 0 0);
    }
    topWall
    {
        type            calculated;
        value           uniform 0;
    }
    bottomWall
    {
        type            calculated;
        value           uniform 0;
    }
    frontAndBackPlanes
    {
        type            empty;
    }
}


// ************************************************************************* //
