/*--------------------------------*- C++ -*----------------------------------*\
| =========                 |                                                 |
| \\      /  F ield         | OpenFOAM: The Open Source CFD Toolbox           |
|  \\    /   O peration     | Version:  2506                                  |
|   \\  /    A nd           | Website:  www.openfoam.com                      |
|    \\/     M anipulation  |                                                 |
\*---------------------------------------------------------------------------*/
FoamFile
{
    version     2.0;
    format      ascii;
    arch        "LSB;label=32;scalar=64";
    class       surfaceScalarField;
    location    "91.8";
    object      phi;
}
// * * * * * * * * * * * * * * * * * * * * * * * * * * * * * * * * * * * * * //

dimensions      [1 0 -1 0 0 0 0];

oriented        oriented;

internalField   nonuniform List<scalar> 
370
(
0.000214017
-0.000263419
0.0006207
-0.000406603
0.000990374
-0.000369557
0.00126271
-0.000272191
0.00143896
-0.000176093
0.00154669
-0.000107561
0.00161912
-7.22422e-05
0.00168539
-6.60877e-05
0.00176783
-8.22437e-05
0.00188241
-0.000114377
0.00204038
-0.000157761
0.00224904
-0.000208447
0.00251002
-0.000260756
0.00281259
-0.000302346
0.0031194
-0.000306574
0.00334056
-0.000220928
0.00329176
4.90357e-05
0.00275527
0.000536735
0.00150923
0.00124625
0.00150934
0.000355531
-0.000618908
0.000971768
-0.00102273
0.00158069
-0.000978316
0.00207223
-0.000763547
0.0024293
-0.000532952
0.0026772
-0.00035525
0.00285432
-0.000249142
0.00299706
-0.000208615
0.00313358
-0.000218531
0.00328224
-0.000262815
0.00345191
-0.000327198
0.00364134
-0.000397636
0.00383563
-0.000454802
0.0039983
-0.000464769
0.00405879
-0.000366821
0.00390292
-6.47999e-05
0.00338983
0.000562385
0.00236623
0.00156059
0.000963595
0.00264911
0.00247305
0.000374545
-0.000993397
0.000998818
-0.00164685
0.00160872
-0.001588
0.00210122
-0.0012558
0.0024623
-0.000893769
0.00271602
-0.000608696
0.00289598
-0.000428832
0.00303199
-0.000344365
0.00314538
-0.00033165
0.00324833
-0.000365493
0.00334435
-0.000422948
0.00342763
-0.000480636
0.00347975
-0.000506649
0.00346384
-0.000448576
0.00331928
-0.000221981
0.00296438
0.000290386
0.00233632
0.00119074
0.00144262
0.00245456
0.000494774
0.00359718
0.00296793
0.000345407
-0.00133874
0.000888943
-0.0021902
0.00138808
-0.00208688
0.00176617
-0.0016336
0.00202667
-0.00115396
0.00219951
-0.000781225
0.00231519
-0.000544208
0.00239575
-0.000424616
0.00245403
-0.000389625
0.00249589
-0.000407053
0.00252206
-0.000448819
0.00252784
-0.00048611
0.00249995
-0.000478451
0.00241157
-0.000359891
0.00222067
-3.07649e-05
0.00188209
0.000629281
0.00137598
0.00169715
0.000754491
0.00307634
0.000201216
0.00415069
0.00316925
0.000288211
-0.00162688
0.000689108
-0.0025909
0.00100723
-0.00240472
0.00120869
-0.00183475
0.00132098
-0.00126591
0.00137985
-0.000839772
0.00141031
-0.000574333
0.00142477
-0.000438759
0.00142764
-0.000392178
0.00141995
-0.000399045
0.00140156
-0.000430102
0.00137009
-0.000454326
0.00131742
-0.000425458
0.00122574
-0.000267882
0.00106771
0.000127594
0.000824343
0.000872986
0.00050382
0.00201801
0.000178613
0.00340185
-1.50351e-05
0.00434458
0.00315431
0.000197397
-0.00182419
0.000387223
-0.0027805
0.00045927
-0.00247647
0.000440131
-0.00181527
0.000380554
-0.00120599
0.000314196
-0.00077308
0.000253861
-0.00051367
0.000200166
-0.000384742
0.000150155
-0.000341849
0.000101707
-0.00035028
5.36143e-05
-0.000381691
3.07403e-06
-0.000403466
-5.6703e-05
-0.000365359
-0.000135799
-0.000188455
-0.00023956
0.000231697
-0.00035519
0.000988962
-0.000440008
0.00210316
-0.000419038
0.00338118
-0.000235428
0.0041612
0.00291897
4.05693e-05
-0.00186467
-7.7691e-05
-0.002662
-0.000322908
-0.00223094
-0.000599907
-0.00153794
-0.000847218
-0.000958353
-0.00104599
-0.000573983
-0.00120134
-0.000358007
-0.00132525
-0.00026052
-0.00142793
-0.000238857
-0.00151601
-0.000261886
-0.0015941
-0.000303289
-0.00166628
-0.000330976
-0.00173458
-0.000296748
-0.0017921
-0.000130611
-0.00181048
0.000250403
-0.00173919
0.000917998
-0.00151029
0.00187458
-0.00106958
0.00294075
-0.000461807
0.00355364
0.00245725
-0.000224163
-0.00164041
-0.000774838
-0.00211108
-0.00139973
-0.00160573
-0.00194334
-0.000994013
-0.00236014
-0.000541234
-0.00266266
-0.000271142
-0.00288189
-0.000138473
-0.00304678
-9.53314e-05
-0.00317925
-0.0001061
-0.00329417
-0.000146672
-0.00339972
-0.000197451
-0.0034961
-0.000234304
-0.00357037
-0.000222191
-0.00358817
-0.000112526
-0.00348876
0.000151284
-0.00319065
0.000620175
-0.00261482
0.00129903
-0.00173671
0.00206289
-0.000698142
0.00251526
0.00175918
-0.000633137
-0.00100716
-0.0016894
-0.00105455
-0.00262828
-0.000666537
-0.00329527
-0.000326712
-0.00371888
-0.000117306
-0.00397248
-1.72472e-05
-0.00413102
2.03497e-05
-0.00424288
1.68137e-05
-0.00434024
-8.47876e-06
-0.00444371
-4.29431e-05
-0.00455956
-8.13522e-05
-0.00468064
-0.000112981
-0.00477914
-0.000123458
-0.0047992
-9.22386e-05
-0.00465863
1.09403e-05
-0.0042423
0.000204076
-0.00345317
0.000510111
-0.00227085
0.000880759
-0.000895269
0.00113983
0.000863977
-0.00100703
-0.00206132
-0.00272755
-0.00305395
-0.00317095
-0.00318792
-0.0031673
-0.00315023
-0.00315847
-0.00320119
-0.00328233
-0.00339511
-0.00351838
-0.00361044
-0.00359933
-0.00339509
-0.00288483
-0.00200394
-0.00086402
)
;

boundaryField
{
    leftWall
    {
        type            calculated;
        value           uniform 0;
    }
    rightWall
    {
        type            calculated;
        value           nonuniform List<scalar> 10(0 0 0 0 0 0 0 0 4.33681e-19 0);
    }
    topWall
    {
        type            calculated;
        value           uniform 0;
    }
    bottomWall
    {
        type            calculated;
        value           uniform 0;
    }
    frontAndBackPlanes
    {
        type            empty;
    }
}


// ************************************************************************* //
