/*--------------------------------*- C++ -*----------------------------------*\
| =========                 |                                                 |
| \\      /  F ield         | OpenFOAM: The Open Source CFD Toolbox           |
|  \\    /   O peration     | Version:  2506                                  |
|   \\  /    A nd           | Website:  www.openfoam.com                      |
|    \\/     M anipulation  |                                                 |
\*---------------------------------------------------------------------------*/
FoamFile
{
    version     2.0;
    format      ascii;
    arch        "LSB;label=32;scalar=64";
    class       surfaceScalarField;
    location    "110.6";
    object      phi;
}
// * * * * * * * * * * * * * * * * * * * * * * * * * * * * * * * * * * * * * //

dimensions      [1 0 -1 0 0 0 0];

oriented        oriented;

internalField   nonuniform List<scalar> 
370
(
0.000289838
-0.000328921
0.000780543
-0.000490637
0.00121049
-0.000429847
0.00151073
-0.000300124
0.00168832
-0.000177452
0.00178011
-9.16407e-05
0.00182752
-4.72494e-05
0.00186529
-3.76009e-05
0.00191889
-5.34191e-05
0.00200556
-8.64903e-05
0.00213642
-0.00013067
0.00231795
-0.000181327
0.00255093
-0.00023278
0.0028243
-0.000273161
0.00310124
-0.000276729
0.00329353
-0.000192067
0.00322561
6.81398e-05
0.00268311
0.000542713
0.00145951
0.0012238
0.00145961
0.000417499
-0.000746385
0.00112349
-0.00119654
0.0018025
-0.00110872
0.00233188
-0.000829345
0.00269735
-0.000542754
0.00293233
-0.000326441
0.0030835
-0.000198236
0.00319381
-0.000147725
0.00329548
-0.000154896
0.00340883
-0.000199648
0.00354333
-0.000264974
0.00369768
-0.00033547
0.00385685
-0.000391742
0.00398488
-0.000400986
0.00401316
-0.000304787
0.00383368
-1.23642e-05
0.00330634
0.000595706
0.00229402
0.00155525
0.000928343
0.00258967
0.00238805
0.000411877
-0.00115822
0.00108653
-0.00187107
0.00173181
-0.00175383
0.00223878
-0.00133612
0.00259696
-0.000900716
0.00283628
-0.000565549
0.00299554
-0.000357278
0.0031081
-0.00026006
0.00319724
-0.000243816
0.003276
-0.000278193
0.00334807
-0.000336823
0.00340752
-0.000394689
0.00343595
-0.00041995
0.00339725
-0.000362053
0.00323317
-0.000140471
0.00286625
0.000354787
0.00224343
0.00121876
0.00137445
0.00242447
0.000465979
0.00349833
0.00285412
0.000360011
-0.00151817
0.000913691
-0.0024246
0.00140932
-0.00224926
0.00177341
-0.00169997
0.0020154
-0.00114246
0.00216985
-0.000719754
0.00226954
-0.000456728
0.00233694
-0.000327209
0.00238432
-0.000290962
0.00241675
-0.000310379
0.00243421
-0.000354042
0.00243142
-0.000391656
0.00239483
-0.000383123
0.00229831
-0.000265279
0.0021023
5.5782e-05
0.00176783
0.00068951
0.00127905
0.00170779
0.000689895
0.00301386
0.000176949
0.00401147
0.00303115
0.000284065
-0.00180218
0.000662267
-0.00280265
0.000946709
-0.00253348
0.00111436
-0.00186737
0.00119975
-0.00122759
0.00124111
-0.000760852
0.00126255
-0.000477916
0.00127418
-0.00033859
0.001278
-0.000294532
0.00127324
-0.000305372
0.00125859
-0.000339143
0.00123094
-0.000363761
0.00118178
-0.00033371
0.00109389
-0.000177137
0.000942827
0.000207099
0.000713052
0.000919545
0.000416387
0.00200471
0.000124809
0.00330568
-3.45146e-05
0.00417098
0.00299671
0.000180492
-0.00198261
0.000324808
-0.00294679
0.000346936
-0.00255537
0.000288296
-0.00180847
0.000204734
-0.00114376
0.000128366
-0.000684227
6.80008e-05
-0.000417299
2.03428e-05
-0.000290684
-2.04282e-05
-0.000253516
-5.82306e-05
-0.000267326
-9.52789e-05
-0.000301851
-0.000134735
-0.00032406
-0.000183073
-0.000285124
-0.000249161
-0.000110796
-0.000336147
0.000294346
-0.000431094
0.00101476
-0.000491241
0.00206512
-0.000444183
0.00325886
-0.000239825
0.00396681
0.00275696
1.24389e-05
-0.00199498
-0.000156895
-0.00277727
-0.000451144
-0.00226088
-0.000759892
-0.00149947
-0.00102022
-0.000883183
-0.00121805
-0.000486157
-0.00136394
-0.000271162
-0.00147392
-0.000180464
-0.0015607
-0.000166498
-0.00163234
-0.000195449
-0.00169403
-0.000239924
-0.00174962
-0.000268233
-0.00180002
-0.000234485
-0.00183726
-7.33111e-05
-0.00183302
0.000290348
-0.00174051
0.000922502
-0.00149622
0.00182107
-0.00105018
0.00281304
-0.000449345
0.00336613
0.00230768
-0.000254554
-0.00174035
-0.000854619
-0.00217701
-0.00151504
-0.00160022
-0.00207232
-0.000941953
-0.00248477
-0.000470485
-0.00277188
-0.000198809
-0.00297001
-7.28068e-05
-0.00311139
-3.88497e-05
-0.00321992
-5.77494e-05
-0.00331138
-0.000103769
-0.00339404
-0.000157041
-0.00346758
-0.000194473
-0.00351862
-0.000183236
-0.00351332
-7.83853e-05
-0.0033945
0.000171741
-0.00308629
0.00061451
-0.00251583
0.00125082
-0.00166262
0.00196002
-0.000664868
0.00236852
0.00164287
-0.000672738
-0.00106752
-0.00177207
-0.00107749
-0.00272307
-0.00064899
-0.00337485
-0.000289931
-0.003767
-7.81048e-05
-0.00398551
1.99318e-05
-0.00411058
5.24853e-05
-0.00419114
4.19111e-05
-0.00425971
1.10305e-05
-0.00433662
-2.66734e-05
-0.00442736
-6.61124e-05
-0.00452393
-9.77152e-05
-0.00459896
-0.000108029
-0.00459905
-7.8122e-05
-0.00444608
1.89451e-05
-0.00403335
0.000201944
-0.0032708
0.000488439
-0.00214267
0.000832038
-0.000841199
0.00106715
0.000801713
-0.00106743
-0.00214471
-0.00279347
-0.00308317
-0.00316105
-0.00314091
-0.00308822
-0.00304612
-0.00303491
-0.00306141
-0.00312736
-0.00322492
-0.00333281
-0.00341079
-0.00339172
-0.00318966
-0.00270111
-0.00186897
-0.000801745
)
;

boundaryField
{
    leftWall
    {
        type            calculated;
        value           nonuniform List<scalar> 10(3.38813e-21 0 0 0 0 -2.1684e-19 0 0 0 0);
    }
    rightWall
    {
        type            calculated;
        value           nonuniform List<scalar> 10(0 0 0 -4.33681e-19 0 0 -4.33681e-19 0 -4.33681e-19 0);
    }
    topWall
    {
        type            calculated;
        value           uniform 0;
    }
    bottomWall
    {
        type            calculated;
        value           uniform 0;
    }
    frontAndBackPlanes
    {
        type            empty;
    }
}


// ************************************************************************* //
