/*--------------------------------*- C++ -*----------------------------------*\
| =========                 |                                                 |
| \\      /  F ield         | OpenFOAM: The Open Source CFD Toolbox           |
|  \\    /   O peration     | Version:  2506                                  |
|   \\  /    A nd           | Website:  www.openfoam.com                      |
|    \\/     M anipulation  |                                                 |
\*---------------------------------------------------------------------------*/
FoamFile
{
    version     2.0;
    format      ascii;
    arch        "LSB;label=32;scalar=64";
    class       surfaceScalarField;
    location    "96.2";
    object      phi;
}
// * * * * * * * * * * * * * * * * * * * * * * * * * * * * * * * * * * * * * //

dimensions      [1 0 -1 0 0 0 0];

oriented        oriented;

internalField   nonuniform List<scalar> 
370
(
0.000233022
-0.000279798
0.000660723
-0.000427623
0.00104535
-0.000384513
0.0013244
-0.000278909
0.00150063
-0.000176079
0.00160402
-0.000103216
0.00166987
-6.56762e-05
0.0017288
-5.87375e-05
0.0018039
-7.4906e-05
0.00191144
-0.00010734
0.0020626
-0.00015096
0.00226447
-0.000201654
0.00251846
-0.000253771
0.0028138
-0.000295119
0.00311333
-0.000299302
0.00332764
-0.000214075
0.00327456
5.33153e-05
0.00273707
0.000537727
0.00149691
0.00124037
0.00149702
0.000371315
-0.000651073
0.00101034
-0.00106654
0.00163694
-0.00101096
0.00213785
-0.000779641
0.00249672
-0.000534748
0.00274097
-0.00034726
0.00291114
-0.00023564
0.00304534
-0.000192719
0.00317273
-0.000202079
0.0033122
-0.000246592
0.00347276
-0.000311289
0.00365314
-0.000381803
0.00383844
-0.000438839
0.00399238
-0.000448818
0.00404496
-0.000351639
0.00388332
-5.21888e-05
0.00336723
0.000569662
0.00234711
0.00155809
0.000954359
0.00263334
0.00245149
0.000384254
-0.00103527
0.00102162
-0.00170376
0.00164071
-0.00162985
0.00213693
-0.00127563
0.00249716
-0.000894731
0.00274699
-0.000596838
0.00292139
-0.000409784
0.00305111
-0.000322178
0.00315798
-0.000308691
0.00325442
-0.000342778
0.00334401
-0.000400618
0.00342091
-0.000458441
0.00346674
-0.000484407
0.00344486
-0.000426668
0.0032954
-0.000201908
0.00293779
0.000305701
0.00231133
0.00119639
0.00142436
0.00244532
0.000487048
0.00357087
0.00293864
0.000349399
-0.00138461
0.000895907
-0.00225009
0.00139445
-0.00212815
0.00176913
-0.00165003
0.00202492
-0.00115024
0.00219298
-0.000764603
0.00230442
-0.000520926
0.00238139
-0.000398862
0.00243663
-0.000363644
0.00247581
-0.000381668
0.00249948
-0.000424006
0.00250283
-0.000461502
0.00247252
-0.000453804
0.00238183
-0.000335687
0.00218967
-9.45039e-06
0.00185192
0.000643746
0.00135028
0.00169833
0.000737297
0.00305858
0.000194722
0.00411367
0.00313346
0.000287407
-0.00167195
0.000682865
-0.00264536
0.000992628
-0.00243764
0.00118557
-0.00184266
0.001291
-0.00125536
0.00134537
-0.00081866
0.00137346
-0.000548704
0.00138711
-0.000412212
0.0013901
-0.000366338
0.00138301
-0.000374269
0.00136538
-0.000406083
0.00133473
-0.000430549
0.00128281
-0.000401582
0.00119193
-0.000244499
0.00103506
0.000147733
0.000795131
0.00088399
0.000480747
0.00201303
0.000164255
0.00337536
-2.04095e-05
0.00429857
0.00311314
0.000193219
-0.00186509
0.000371658
-0.00282359
0.000431031
-0.00249673
0.000401773
-0.00181309
0.00033604
-0.00118931
0.000267146
-0.000749452
0.000206869
-0.00048812
0.000154795
-0.000359835
0.000107204
-0.000318448
6.14987e-05
-0.000328265
1.62127e-05
-0.000360499
-3.15353e-05
-0.000382503
-8.8471e-05
-0.000344343
-0.000164329
-0.00016833
-0.000263873
0.000247598
-0.000374374
0.000994816
-0.000453062
0.00209203
-0.00042553
0.00334811
-0.000236571
0.00410982
0.00287666
3.36103e-05
-0.00189861
-9.77759e-05
-0.00269198
-0.000355682
-0.00223853
-0.000640886
-0.00152758
-0.000891494
-0.000938388
-0.00108989
-0.000550755
-0.00124262
-0.000335093
-0.00136275
-0.000239408
-0.00146117
-0.000219744
-0.00154486
-0.000244282
-0.00161861
-0.000286461
-0.00168647
-0.000314346
-0.00175017
-0.000280348
-0.0018025
-0.000115704
-0.00181512
0.000260531
-0.00173856
0.000918565
-0.00150602
0.00185979
-0.00106428
0.00290664
-0.000458532
0.00350427
0.0024182
-0.000232023
-0.0016665
-0.000795482
-0.00212829
-0.00142958
-0.00160414
-0.00197669
-0.000980168
-0.00239222
-0.000522551
-0.00269045
-0.000252236
-0.00290403
-0.000121226
-0.00306267
-8.04948e-05
-0.00318869
-9.34453e-05
-0.00329736
-0.000135343
-0.00339682
-0.000186724
-0.00348717
-0.000223726
-0.00355536
-0.000211891
-0.0035672
-0.000103595
-0.00346288
0.000156476
-0.00316241
0.00061837
-0.00258836
0.001286
-0.00171712
0.00203562
-0.000689424
0.00247675
0.00172885
-0.000643473
-0.00102292
-0.00171102
-0.0010605
-0.0026531
-0.000661769
-0.00331615
-0.000316815
-0.00373179
-0.000106619
-0.00397485
-8.8955e-06
-0.00412504
2.92268e-05
-0.00422895
2.36765e-05
-0.00431828
-3.8647e-06
-0.00441484
-3.85499e-05
-0.00452406
-7.72656e-05
-0.00463866
-0.000108899
-0.00473099
-0.000119349
-0.00474585
-8.85087e-05
-0.00460215
1.29801e-05
-0.004187
0.000203436
-0.00340512
0.000504316
-0.00223723
0.00086791
-0.000881147
0.00112081
0.000847761
-0.0010228
-0.00208305
-0.00274453
-0.00306106
-0.0031674
-0.00317603
-0.00314655
-0.00312264
-0.00312628
-0.00316461
-0.00324168
-0.00335039
-0.00346956
-0.00355791
-0.00354477
-0.00334118
-0.00283673
-0.0019687
-0.0008478
)
;

boundaryField
{
    leftWall
    {
        type            calculated;
        value           uniform 0;
    }
    rightWall
    {
        type            calculated;
        value           nonuniform List<scalar> 10(0 -2.1684e-19 0 4.33681e-19 0 0 0 0 4.33681e-19 0);
    }
    topWall
    {
        type            calculated;
        value           uniform 0;
    }
    bottomWall
    {
        type            calculated;
        value           uniform 0;
    }
    frontAndBackPlanes
    {
        type            empty;
    }
}


// ************************************************************************* //
