/*--------------------------------*- C++ -*----------------------------------*\
| =========                 |                                                 |
| \\      /  F ield         | OpenFOAM: The Open Source CFD Toolbox           |
|  \\    /   O peration     | Version:  2506                                  |
|   \\  /    A nd           | Website:  www.openfoam.com                      |
|    \\/     M anipulation  |                                                 |
\*---------------------------------------------------------------------------*/
FoamFile
{
    version     2.0;
    format      ascii;
    arch        "LSB;label=32;scalar=64";
    class       surfaceScalarField;
    location    "83.2";
    object      phi;
}
// * * * * * * * * * * * * * * * * * * * * * * * * * * * * * * * * * * * * * //

dimensions      [1 0 -1 0 0 0 0];

oriented        oriented;

internalField   nonuniform List<scalar> 
370
(
0.000174869
-0.000229807
0.000538382
-0.000363431
0.000877674
-0.000339173
0.00113693
-0.000259109
0.00131415
-0.000177054
0.00143175
-0.000117426
0.00151845
-8.65258e-05
0.0016004
-8.17514e-05
0.00169825
-9.7657e-05
0.00182747
-0.000129017
0.0019995
-0.000171827
0.00222216
-0.00022245
0.00249747
-0.000275085
0.0028147
-0.000317004
0.00313593
-0.000321008
0.00337021
-0.000234039
0.00332895
4.1493e-05
0.00279319
0.000536003
0.00153435
0.00125905
0.00153446
0.000322247
-0.00055201
0.000890802
-0.000931866
0.00146316
-0.000911354
0.00193599
-0.000731744
0.0022905
-0.00053134
0.00254737
-0.000374071
0.00274028
-0.000279207
0.00290203
-0.000243272
0.00305854
-0.000253932
0.00322715
-0.00029739
0.00341641
-0.000360849
0.00362509
-0.000430881
0.00383825
-0.000487987
0.00401889
-0.000497384
0.00409515
-0.000397004
0.00395014
-8.87712e-05
0.00344146
0.000550447
0.00240867
0.00156905
0.000983804
0.00268415
0.00251839
0.000353503
-0.000905452
0.000949595
-0.00152779
0.00153999
-0.00150151
0.00202503
-0.00121652
0.00238872
-0.000894747
0.00265174
-0.000636798
0.00284468
-0.000471849
0.00299525
-0.00039355
0.00312356
-0.000381955
0.00324128
-0.000414811
0.00335176
-0.000471032
0.00344916
-0.000527985
0.00351494
-0.000553471
0.00351164
-0.000493771
0.00337701
-0.000262072
0.00302673
0.00026182
0.00239384
0.00118365
0.00148418
0.002479
0.000512317
0.00365625
0.00303082
0.000336251
-0.00124163
0.000872586
-0.00206393
0.00137243
-0.00200108
0.00175771
-0.00160148
0.00202858
-0.00116527
0.00221227
-0.000820141
0.00233785
-0.000597094
0.00242698
-0.000482334
0.00249267
-0.000447311
0.00254117
-0.000462969
0.00257351
-0.000503043
0.00258521
-0.000539341
0.00256299
-0.000530916
0.00247969
-0.000410123
0.00229183
-7.38629e-05
0.00195091
0.000603085
0.00143438
0.00170052
0.000793519
0.00312017
0.000216127
0.0042339
0.00324706
0.000289239
-0.00153079
0.000700749
-0.00247521
0.00103603
-0.00233605
0.00125544
-0.00182052
0.0013824
-0.00129186
0.00145116
-0.000888532
0.00148704
-0.000632597
0.00150366
-0.000498596
0.00150674
-0.000450033
0.00149832
-0.000454189
0.00147886
-0.000483231
0.00144634
-0.000506456
0.00139274
-0.000476949
0.00129988
-0.000316899
0.00113924
8.71593e-05
0.000888759
0.000853937
0.000555006
0.00203464
0.000210689
0.00346483
-3.01305e-06
0.00444787
0.00324415
0.000205774
-0.00173647
0.000419119
-0.00268831
0.000517672
-0.00243426
0.000519905
-0.00182238
0.000473341
-0.00124491
0.000412231
-0.000827041
0.000351557
-0.000571552
0.000294198
-0.000440871
0.000238898
-0.000394372
0.000184605
-0.000399536
0.000130683
-0.000428947
7.44904e-05
-0.0004499
8.90299e-06
-0.000410993
-7.66141e-05
-0.000231006
-0.000188787
0.000199721
-0.000314768
0.000980309
-0.000412153
0.0021324
-0.000404872
0.00345788
-0.000232692
0.00427595
0.00301156
5.48591e-05
-0.00179123
-3.58077e-05
-0.00259737
-0.000254053
-0.00221566
-0.000513789
-0.00156226
-0.000754554
-0.00100377
-0.000954813
-0.000626412
-0.00111649
-0.000409511
-0.00124915
-0.000307856
-0.0013615
-0.000281667
-0.00145937
-0.000301318
-0.00154701
-0.000340948
-0.00162859
-0.00036797
-0.00170652
-0.000332696
-0.00177476
-0.000162402
-0.00180478
0.000230123
-0.0017438
0.000919701
-0.00152152
0.00191048
-0.00108186
0.00301855
-0.000469019
0.00366334
0.00254264
-0.000207408
-0.0015837
-0.000730758
-0.00207374
-0.00133628
-0.00160978
-0.00187305
-0.00102512
-0.00229348
-0.000582967
-0.00260622
-0.000313314
-0.00283847
-0.000176913
-0.00301757
-0.000128419
-0.00316457
-0.000134332
-0.00329357
-0.000171985
-0.00341271
-0.000221474
-0.00352243
-0.000257928
-0.00360986
-0.000244937
-0.00364014
-0.000131781
-0.00355056
0.000140871
-0.00325626
0.000625732
-0.002675
0.00132954
-0.00178049
0.00212432
-0.000717325
0.00260038
0.0018254
-0.000610885
-0.000972689
-0.00164299
-0.00104133
-0.00257548
-0.000676927
-0.00325185
-0.00034838
-0.00369384
-0.000140624
-0.00397044
-3.63713e-05
-0.00414708
5.17893e-08
-0.00427623
1.05265e-06
-0.0043916
-1.86569e-05
-0.00451096
-5.23406e-05
-0.00464186
-9.0282e-05
-0.00477751
-0.000122001
-0.00488964
-0.000132539
-0.00492077
-0.00010038
-0.00478645
6.81087e-06
-0.00436642
0.000205964
-0.0035601
0.000523463
-0.00234505
0.000909485
-0.000926183
0.00118168
0.000899287
-0.000972549
-0.00201358
-0.00269015
-0.00303817
-0.00317845
-0.00321449
-0.00321413
-0.00321278
-0.00323116
-0.00328325
-0.00337328
-0.00349506
-0.00362738
-0.00372755
-0.00372055
-0.0035144
-0.00299077
-0.00208113
-0.000899337
)
;

boundaryField
{
    leftWall
    {
        type            calculated;
        value           nonuniform List<scalar> 10(0 0 0 0 0 -2.1684e-19 0 0 0 0);
    }
    rightWall
    {
        type            calculated;
        value           nonuniform List<scalar> 10(-1.0842e-19 0 0 0 0 0 0 4.33681e-19 0 0);
    }
    topWall
    {
        type            calculated;
        value           uniform 0;
    }
    bottomWall
    {
        type            calculated;
        value           uniform 0;
    }
    frontAndBackPlanes
    {
        type            empty;
    }
}


// ************************************************************************* //
