/*--------------------------------*- C++ -*----------------------------------*\
| =========                 |                                                 |
| \\      /  F ield         | OpenFOAM: The Open Source CFD Toolbox           |
|  \\    /   O peration     | Version:  2506                                  |
|   \\  /    A nd           | Website:  www.openfoam.com                      |
|    \\/     M anipulation  |                                                 |
\*---------------------------------------------------------------------------*/
FoamFile
{
    version     2.0;
    format      ascii;
    arch        "LSB;label=32;scalar=64";
    class       volVectorField;
    location    "83.2";
    object      U;
}
// * * * * * * * * * * * * * * * * * * * * * * * * * * * * * * * * * * * * * //

dimensions      [0 1 -1 0 0 0 0];

internalField   nonuniform List<vector> 
200
(
(0.000205511 -0.000749642 0)
(0.00145065 -0.00100954 0)
(0.00295022 -0.000796952 0)
(0.00425748 -0.000499741 0)
(0.00517108 -0.000259257 0)
(0.00576693 -0.000116763 0)
(0.00616947 -7.03871e-05 0)
(0.00650007 -0.000100761 0)
(0.00685828 -0.000187566 0)
(0.00731949 -0.000317406 0)
(0.00793975 -0.000485383 0)
(0.0087607 -0.000691826 0)
(0.00980805 -0.000933356 0)
(0.0110756 -0.00118587 0)
(0.0124801 -0.00137491 0)
(0.0137599 -0.00132275 0)
(0.0143168 -0.00066077 0)
(0.0132224 0.00118547 0)
(0.0095179 0.00432872 0)
(0.00288191 0.00610544 0)
(0.000368099 -0.00320145 0)
(0.00248457 -0.00527063 0)
(0.00493864 -0.00505038 0)
(0.00717576 -0.00396412 0)
(0.00891314 -0.00279753 0)
(0.0101678 -0.00191632 0)
(0.0110747 -0.00142644 0)
(0.0117853 -0.00130214 0)
(0.0124271 -0.00146931 0)
(0.0130918 -0.00185005 0)
(0.0138342 -0.00237741 0)
(0.014672 -0.00298507 0)
(0.0155767 -0.00357206 0)
(0.0164488 -0.00393947 0)
(0.0170743 -0.0036984 0)
(0.0170687 -0.00216547 0)
(0.0158189 0.00165959 0)
(0.0126162 0.00854672 0)
(0.00738907 0.0169959 0)
(0.0012717 0.0175287 0)
(0.000408186 -0.00608275 0)
(0.00268879 -0.0102926 0)
(0.00523263 -0.0101453 0)
(0.00753042 -0.00823418 0)
(0.00931333 -0.00606014 0)
(0.0106025 -0.00432072 0)
(0.011526 -0.0032298 0)
(0.0122179 -0.00275455 0)
(0.0127825 -0.00276371 0)
(0.013287 -0.0031062 0)
(0.0137633 -0.00363713 0)
(0.0142082 -0.00420087 0)
(0.0145751 -0.00457496 0)
(0.0147537 -0.0043792 0)
(0.0145395 -0.00297069 0)
(0.0135978 0.000603845 0)
(0.0115704 0.00732612 0)
(0.00828273 0.0172975 0)
(0.00416113 0.0271538 0)
(0.000498281 0.0237363 0)
(0.000399305 -0.00901629 0)
(0.00252542 -0.015168 0)
(0.0047423 -0.0148796 0)
(0.00662835 -0.0120485 0)
(0.00800063 -0.0088671 0)
(0.00892892 -0.00631147 0)
(0.0095499 -0.00465256 0)
(0.00997907 -0.00381769 0)
(0.0102906 -0.00360722 0)
(0.0105238 -0.00380366 0)
(0.0106933 -0.00420301 0)
(0.0107933 -0.00458603 0)
(0.0107904 -0.00464011 0)
(0.0106044 -0.00384956 0)
(0.0100873 -0.00140559 0)
(0.00900664 0.00373461 0)
(0.00720973 0.0123513 0)
(0.00469818 0.0239114 0)
(0.00196083 0.03363 0)
(0.000112533 0.0267035 0)
(0.000367296 -0.0116784 0)
(0.00211432 -0.0192445 0)
(0.0037021 -0.0185024 0)
(0.00487262 -0.0146893 0)
(0.00558406 -0.0106099 0)
(0.00596971 -0.00741472 0)
(0.00616824 -0.00535067 0)
(0.00626571 -0.00426356 0)
(0.00630082 -0.00388055 0)
(0.00628718 -0.00393799 0)
(0.00622925 -0.00420439 0)
(0.00612533 -0.00442963 0)
(0.00595748 -0.004242 0)
(0.00567294 -0.00302564 0)
(0.00516416 0.000140948 0)
(0.00430725 0.00629214 0)
(0.00306206 0.0159931 0)
(0.00155583 0.0281183 0)
(0.0002075 0.0369925 0)
(-0.000165341 0.0275671 0)
(0.000300514 -0.0138194 0)
(0.00140047 -0.0220099 0)
(0.00204149 -0.0204774 0)
(0.00222925 -0.0157339 0)
(0.00211009 -0.0110113 0)
(0.00186401 -0.00747329 0)
(0.00159863 -0.00525219 0)
(0.00134885 -0.00408766 0)
(0.00111347 -0.00365039 0)
(0.000885156 -0.00366114 0)
(0.000660412 -0.00388563 0)
(0.000433706 -0.00405555 0)
(0.000186363 -0.00374978 0)
(-0.000122762 -0.00227864 0)
(-0.000549886 0.00132297 0)
(-0.0010746 0.00798554 0)
(-0.00157765 0.0179858 0)
(-0.00180911 0.0297166 0)
(-0.00148384 0.0372691 0)
(-0.000367726 0.0266138 0)
(0.000172146 -0.0150173 0)
(0.00019441 -0.0227328 0)
(-0.000532996 -0.0201401 0)
(-0.00160043 -0.0147264 0)
(-0.0026792 -0.00981755 0)
(-0.00360972 -0.00636369 0)
(-0.00436224 -0.00430036 0)
(-0.00496945 -0.0032723 0)
(-0.00547439 -0.00293311 0)
(-0.00590861 -0.00301553 0)
(-0.00629314 -0.00328888 0)
(-0.00664733 -0.0034672 0)
(-0.00699029 -0.0031073 0)
(-0.00732127 -0.00154244 0)
(-0.00757557 0.00206933 0)
(-0.00755723 0.00844521 0)
(-0.00698688 0.0176447 0)
(-0.00558864 0.0279924 0)
(-0.00336516 0.0340842 0)
(-0.000626119 0.0237048 0)
(-0.00012383 -0.0145049 0)
(-0.00182769 -0.0202863 0)
(-0.00432903 -0.0166895 0)
(-0.00680323 -0.0112934 0)
(-0.00882541 -0.00690826 0)
(-0.010343 -0.00406834 0)
(-0.0114569 -0.00251595 0)
(-0.0122941 -0.00185474 0)
(-0.0129596 -0.00176393 0)
(-0.0135272 -0.00201136 0)
(-0.0140446 -0.00239085 0)
(-0.0145344 -0.00264301 0)
(-0.0149791 -0.00238652 0)
(-0.0152877 -0.00109052 0)
(-0.0152408 0.00186594 0)
(-0.0144955 0.00699827 0)
(-0.0126662 0.0143032 0)
(-0.00950895 0.0224079 0)
(-0.00532344 0.0270523 0)
(-0.000910522 0.0187112 0)
(-0.000720035 -0.0111626 0)
(-0.00473675 -0.0137102 0)
(-0.00897943 -0.00987695 0)
(-0.0124109 -0.00565426 0)
(-0.0147306 -0.00271631 0)
(-0.016176 -0.00108908 0)
(-0.0170699 -0.000392726 0)
(-0.0176718 -0.00027314 0)
(-0.0181602 -0.000487157 0)
(-0.0186413 -0.0008774 0)
(-0.0191695 -0.00131857 0)
(-0.0197504 -0.00165871 0)
(-0.0203185 -0.00167586 0)
(-0.0207048 -0.00106106 0)
(-0.0205957 0.000562897 0)
(-0.0195088 0.00356632 0)
(-0.016941 0.00802443 0)
(-0.0126065 0.0131625 0)
(-0.00695967 0.0163947 0)
(-0.00118945 0.0117042 0)
(-0.00176927 -0.00378994 0)
(-0.00643772 -0.00357563 0)
(-0.0100559 -0.00189226 0)
(-0.0122106 -0.000603338 0)
(-0.0131723 7.02183e-05 0)
(-0.0134704 0.00032599 0)
(-0.0134951 0.000352874 0)
(-0.0134629 0.00026381 0)
(-0.0134843 0.000121101 0)
(-0.0136272 -4.39124e-05 0)
(-0.0139299 -0.000218078 0)
(-0.0143924 -0.00038681 0)
(-0.0149633 -0.000518706 0)
(-0.0155116 -0.000555063 0)
(-0.015788 -0.000396594 0)
(-0.015422 0.000113452 0)
(-0.013909 0.00111558 0)
(-0.0108242 0.00256184 0)
(-0.00637732 0.00385819 0)
(-0.00153224 0.0032952 0)
)
;

boundaryField
{
    leftWall
    {
        type            fixedValue;
        value           uniform (0 0 0);
    }
    rightWall
    {
        type            fixedValue;
        value           uniform (0 0 0);
    }
    topWall
    {
        type            fixedValue;
        value           uniform (0 0 0);
    }
    bottomWall
    {
        type            fixedValue;
        value           uniform (0 0 0);
    }
    frontAndBackPlanes
    {
        type            empty;
    }
}


// ************************************************************************* //
