/*--------------------------------*- C++ -*----------------------------------*\
| =========                 |                                                 |
| \\      /  F ield         | OpenFOAM: The Open Source CFD Toolbox           |
|  \\    /   O peration     | Version:  2506                                  |
|   \\  /    A nd           | Website:  www.openfoam.com                      |
|    \\/     M anipulation  |                                                 |
\*---------------------------------------------------------------------------*/
FoamFile
{
    version     2.0;
    format      ascii;
    arch        "LSB;label=32;scalar=64";
    class       surfaceScalarField;
    location    "53.8";
    object      phi;
}
// * * * * * * * * * * * * * * * * * * * * * * * * * * * * * * * * * * * * * //

dimensions      [1 0 -1 0 0 0 0];

oriented        oriented;

internalField   nonuniform List<scalar> 
370
(
3.17176e-05
-0.000110242
0.000235981
-0.000204215
0.000464229
-0.000228174
0.000679686
-0.000215367
0.000867443
-0.000187655
0.00102914
-0.00016159
0.00117551
-0.000146261
0.00132093
-0.000145303
0.00148048
-0.000159434
0.00166864
-0.000188026
0.00189829
-0.000229529
0.00217914
-0.000280706
0.00251336
-0.000334081
0.00288754
-0.000374033
0.00325832
-0.000370628
0.00352805
-0.000269585
0.00349694
3.12643e-05
0.0029429
0.000554186
0.00162458
0.00131846
0.00162466
0.000183488
-0.000293695
0.000559656
-0.000580284
0.000990212
-0.000658583
0.00139896
-0.000623936
0.00175798
-0.000546493
0.00206666
-0.000470074
0.00233785
-0.000417253
0.0025892
-0.000396451
0.00283797
-0.000408005
0.003098
-0.000447849
0.00337719
-0.000508501
0.0036739
-0.000577188
0.003971
-0.000630943
0.00422606
-0.000628859
0.00435831
-0.000502634
0.0042393
-0.000150345
0.00371805
0.000552747
0.00261798
0.00165448
0.00107881
0.00285784
0.00270357
0.000252193
-0.000545824
0.000717684
-0.0010456
0.00122333
-0.00116397
0.00168365
-0.00108395
0.00207139
-0.000933917
0.00238989
-0.000788251
0.0026548
-0.000681832
0.00288388
-0.00062521
0.00309203
-0.000615832
0.00328895
-0.000644438
0.00347748
-0.000696692
0.00365087
-0.000750236
0.00378771
-0.000767425
0.00384434
-0.00068514
0.00374822
-0.000406161
0.00340155
0.000196665
0.00272248
0.00123215
0.00171333
0.00266394
0.000608077
0.00396336
0.00331178
0.000279343
-0.000825071
0.00076363
-0.00152962
0.00125427
-0.00165425
0.00166833
-0.00149757
0.00198923
-0.00125437
0.00223009
-0.00102867
0.00241208
-0.000863386
0.00255423
-0.000766922
0.00267003
-0.000731193
0.00276719
-0.000741161
0.00284783
-0.00077688
0.00290708
-0.000809035
0.00292923
-0.000789104
0.00288165
-0.000637097
0.00271107
-0.000235114
0.00235247
0.000555709
0.00177098
0.00181405
0.0010177
0.00341761
0.000304911
0.00467646
0.00361685
0.000275507
-0.00110046
0.000709033
-0.00196281
0.00110287
-0.00204762
0.00139303
-0.0017872
0.0015827
-0.0014435
0.00169785
-0.00114329
0.00176464
-0.000929647
0.00180177
-0.000803535
0.00182045
-0.000749356
0.00182665
-0.000746839
0.00182266
-0.000772345
0.0018063
-0.000792126
0.00176781
-0.000750054
0.00168565
-0.000554368
0.00152464
-7.35431e-05
0.00124508
0.000835807
0.000843206
0.00221642
0.000393386
0.00386788
6.18408e-05
0.00500837
0.00367885
0.000228304
-0.00132861
0.000523243
-0.00225736
0.00072681
-0.00225065
0.00081612
-0.00187592
0.000822113
-0.0014489
0.000781356
-0.00110194
0.000719214
-0.000866931
0.000649288
-0.00073304
0.000577867
-0.000677362
0.000507802
-0.000676188
0.000439671
-0.000703611
0.000370448
-0.000722281
0.000291508
-0.000670474
0.000188989
-0.000451199
4.99738e-05
6.61186e-05
-0.00011436
0.00100076
-0.000264197
0.00236683
-0.000320065
0.00392425
-0.000206198
0.00489488
0.0034728
0.00010963
-0.00143808
0.000137455
-0.00228474
3.2919e-05
-0.00214553
-0.000156261
-0.00168611
-0.000375791
-0.00122875
-0.000591427
-0.000885706
-0.000789189
-0.000668574
-0.000966721
-0.000554912
-0.00112602
-0.000517458
-0.00127015
-0.000531437
-0.00140297
-0.00057017
-0.00152926
-0.000595335
-0.00165249
-0.000546582
-0.00176702
-0.000335995
-0.00184283
0.000142595
-0.00181411
0.000972686
-0.00160199
0.0021553
-0.00114855
0.00347132
-0.000502096
0.0042488
0.00297086
-0.00013005
-0.00130783
-0.000524517
-0.00188978
-0.0010411
-0.00162833
-0.0015524
-0.00117418
-0.00199883
-0.000781701
-0.00236952
-0.000514428
-0.00267545
-0.000362054
-0.00293368
-0.000296092
-0.00316025
-0.000290306
-0.00336784
-0.00032325
-0.00356457
-0.000372849
-0.0037505
-0.00040881
-0.00391035
-0.000386127
-0.00400276
-0.00024297
-0.00395181
9.2252e-05
-0.00365486
0.000676324
-0.0030181
0.0015191
-0.00201547
0.00246917
-0.000814351
0.00304802
0.00215665
-0.000501813
-0.000805792
-0.00141387
-0.000977202
-0.00231324
-0.000728328
-0.00303461
-0.000452196
-0.0035646
-0.00025112
-0.00394555
-0.000132925
-0.00422924
-7.78405e-05
-0.00445996
-6.48538e-05
-0.00467059
-7.91657e-05
-0.00488272
-0.000110616
-0.00510561
-0.00014947
-0.00533112
-0.000182807
-0.00552505
-0.000191701
-0.0056179
-0.000149645
-0.00550544
-1.97252e-05
-0.00505064
0.000221996
-0.00413401
0.000602912
-0.00273148
0.00106702
-0.00108204
0.00139887
0.00107473
-0.000805542
-0.00178219
-0.00250989
-0.00296147
-0.00321203
-0.00334445
-0.00342182
-0.00348624
-0.00356498
-0.0036752
-0.00382428
-0.00400671
-0.00419805
-0.00434734
-0.00436673
-0.00414441
-0.00354119
-0.0024739
-0.00107482
)
;

boundaryField
{
    leftWall
    {
        type            calculated;
        value           nonuniform List<scalar> 10(0 0 0 0 0 0 0 -2.1684e-19 4.33681e-19 0);
    }
    rightWall
    {
        type            calculated;
        value           uniform 0;
    }
    topWall
    {
        type            calculated;
        value           uniform 0;
    }
    bottomWall
    {
        type            calculated;
        value           uniform 0;
    }
    frontAndBackPlanes
    {
        type            empty;
    }
}


// ************************************************************************* //
