/*--------------------------------*- C++ -*----------------------------------*\
| =========                 |                                                 |
| \\      /  F ield         | OpenFOAM: The Open Source CFD Toolbox           |
|  \\    /   O peration     | Version:  2506                                  |
|   \\  /    A nd           | Website:  www.openfoam.com                      |
|    \\/     M anipulation  |                                                 |
\*---------------------------------------------------------------------------*/
FoamFile
{
    version     2.0;
    format      ascii;
    arch        "LSB;label=32;scalar=64";
    class       surfaceScalarField;
    location    "121.6";
    object      phi;
}
// * * * * * * * * * * * * * * * * * * * * * * * * * * * * * * * * * * * * * //

dimensions      [1 0 -1 0 0 0 0];

oriented        oriented;

internalField   nonuniform List<scalar> 
370
(
0.000327592
-0.000361641
0.00086029
-0.000532638
0.00132083
-0.000460448
0.00163603
-0.000315097
0.00181565
-0.000179497
0.00190093
-8.51478e-05
0.0019372
-3.6127e-05
0.0019618
-2.44532e-05
0.00200166
-3.97037e-05
0.00207477
-7.29397e-05
0.00219223
-0.000117293
0.00236019
-0.000167777
0.00257901
-0.000218633
0.00283733
-0.000258127
0.00309838
-0.00026086
0.00327446
-0.000175881
0.00319493
7.97399e-05
0.00264748
0.000547645
0.00143413
0.00121353
0.00143422
0.000447711
-0.00080932
0.00119763
-0.00128247
0.00191126
-0.00117396
0.00245992
-0.000863617
0.00283064
-0.000550065
0.00306061
-0.000314964
0.00320038
-0.000175734
0.003296
-0.000119909
0.00338169
-0.000125226
0.00347866
-0.000169732
0.00359667
-0.000235126
0.00373437
-0.000305296
0.00387661
-0.000360683
0.00398753
-0.000368863
0.00399939
-0.000272517
0.00380612
1.75834e-05
0.00327
0.000616066
0.00226118
0.00155666
0.000911989
0.0025629
0.0023463
0.000429506
-0.00123879
0.00112793
-0.00198079
0.00178987
-0.00183575
0.0023037
-0.00137727
0.0026607
-0.000906871
0.00289359
-0.000547669
0.00304359
-0.000325539
0.00314568
-0.000221807
0.00322404
-0.00020339
0.00329206
-0.000237555
0.00335345
-0.000296326
0.00340219
-0.000353843
0.00341985
-0.000378141
0.00337051
-0.000319321
0.00319672
-9.85176e-05
0.00282443
0.00039008
0.00220296
0.00123775
0.00134442
0.00241541
0.000453337
0.00345415
0.00279971
0.000366298
-0.00160504
0.000923713
-0.00253808
0.00141666
-0.00232852
0.00177336
-0.00173377
0.00200616
-0.00113946
0.00215182
-0.000693112
0.00224415
-0.00041765
0.00230572
-0.000283166
0.00234849
-0.000245949
0.00237704
-0.000265889
0.00239096
-0.000310039
0.00238469
-0.000347366
0.00234459
-0.000337826
0.00224488
-0.000219401
0.00204732
9.92648e-05
0.00171544
0.000722174
0.00123499
0.00171842
0.000660771
0.00298984
0.000166178
0.00394891
0.00296597
0.000281228
-0.00188621
0.000647287
-0.002904
0.000914648
-0.00259569
0.00106555
-0.00188445
0.00113779
-0.00121147
0.00117068
-0.000725772
0.00118788
-0.000434631
0.00119836
-0.00029343
0.0012029
-0.000250269
0.00119981
-0.000262588
0.00118724
-0.000297257
0.00116176
-0.00032167
0.00111476
-0.000290608
0.00102943
-0.000133853
0.000882795
0.000246121
0.000660302
0.000944891
0.000375567
0.00200338
0.000100268
0.00326535
-4.29092e-05
0.00409226
0.00292312
0.000171642
-0.0020578
0.000293293
-0.0030255
0.000291104
-0.0025933
0.00021352
-0.00180665
0.000118515
-0.00111624
3.72733e-05
-0.000644308
-2.33868e-05
-0.000373754
-6.84768e-05
-0.000248126
-0.000105081
-0.000213453
-0.000137946
-0.000229512
-0.00016976
-0.000265232
-0.000203868
-0.000287351
-0.000246574
-0.000247688
-0.000306239
-7.39693e-05
-0.000384886
0.000324993
-0.000469243
0.00102948
-0.000516676
0.00205104
-0.000456377
0.00320525
-0.000241889
0.00387792
0.00268129
-1.54118e-06
-0.0020562
-0.000195568
-0.00283131
-0.000513054
-0.00227561
-0.000836802
-0.00148268
-0.00110346
-0.000849368
-0.00130124
-0.000446314
-0.00144322
-0.00023157
-0.00154726
-0.000143876
-0.00162713
-0.000133384
-0.00169142
-0.000165015
-0.0017456
-0.000210849
-0.00179343
-0.000239324
-0.00183534
-0.000205563
-0.00186296
-4.61427e-05
-0.00184775
0.000309993
-0.00174451
0.000926452
-0.00149178
0.00179852
-0.00104199
0.00275564
-0.000443622
0.0032797
0.00223773
-0.000269126
-0.001787
-0.00089244
-0.00220784
-0.00156961
-0.00159823
-0.00213351
-0.000918576
-0.00254435
-0.000438319
-0.00282494
-0.000165521
-0.00301377
-4.25423e-05
-0.0031447
-1.27512e-05
-0.00324257
-3.53221e-05
-0.00332346
-8.39329e-05
-0.00339572
-0.000138407
-0.00345876
-0.000176094
-0.00349899
-0.00016515
-0.00348268
-6.22672e-05
-0.00335437
0.000181875
-0.00304062
0.000612883
-0.00247151
0.0012296
-0.0016288
0.0019131
-0.000649418
0.00230044
0.00158836
-0.000691346
-0.00109558
-0.00181081
-0.0010882
-0.00276757
-0.000641266
-0.00341249
-0.00027345
-0.00378983
-6.07855e-05
-0.00399386
3.86991e-05
-0.00410306
6.68473e-05
-0.00416897
5.33405e-05
-0.00422468
2.05604e-05
-0.00428937
-1.90813e-05
-0.00436862
-5.89954e-05
-0.00445394
-9.06165e-05
-0.00451808
-0.000100856
-0.00450869
-7.14996e-05
-0.00434959
2.29216e-05
-0.00393781
0.000201243
-0.00318678
0.000478713
-0.00208318
0.000809612
-0.000815924
0.00103328
0.000772475
-0.0010955
-0.00218354
-0.00282461
-0.00309786
-0.00315845
-0.00311957
-0.00305255
-0.00299905
-0.00297833
-0.00299727
-0.00305612
-0.00314661
-0.00324734
-0.00331872
-0.00329569
-0.00309435
-0.00261554
-0.00180584
-0.000772502
)
;

boundaryField
{
    leftWall
    {
        type            calculated;
        value           uniform 0;
    }
    rightWall
    {
        type            calculated;
        value           nonuniform List<scalar> 10(0 0 0 0 0 0 -4.33681e-19 4.33681e-19 0 0);
    }
    topWall
    {
        type            calculated;
        value           uniform 0;
    }
    bottomWall
    {
        type            calculated;
        value           uniform 0;
    }
    frontAndBackPlanes
    {
        type            empty;
    }
}


// ************************************************************************* //
