/*--------------------------------*- C++ -*----------------------------------*\
| =========                 |                                                 |
| \\      /  F ield         | OpenFOAM: The Open Source CFD Toolbox           |
|  \\    /   O peration     | Version:  2506                                  |
|   \\  /    A nd           | Website:  www.openfoam.com                      |
|    \\/     M anipulation  |                                                 |
\*---------------------------------------------------------------------------*/
FoamFile
{
    version     2.0;
    format      ascii;
    arch        "LSB;label=32;scalar=64";
    class       volVectorField;
    location    "26.6";
    object      U;
}
// * * * * * * * * * * * * * * * * * * * * * * * * * * * * * * * * * * * * * //

dimensions      [0 1 -1 0 0 0 0];

internalField   nonuniform List<vector> 
200
(
(-0.000250619 -8.30543e-05 0)
(-0.000156824 -0.000210545 0)
(0.000492047 -0.000330368 0)
(0.00149639 -0.000479569 0)
(0.00271522 -0.000596147 0)
(0.00409515 -0.000660959 0)
(0.00554525 -0.000681245 0)
(0.00698737 -0.000673355 0)
(0.00837144 -0.000658041 0)
(0.00967737 -0.000656756 0)
(0.0109111 -0.000688211 0)
(0.0120961 -0.000765341 0)
(0.013259 -0.000890926 0)
(0.0144062 -0.00104704 0)
(0.0154784 -0.00117056 0)
(0.0162564 -0.0010956 0)
(0.0162578 -0.00045086 0)
(0.0146182 0.00135932 0)
(0.0103722 0.00456951 0)
(0.00309931 0.00651911 0)
(2.84176e-05 -0.000555828 0)
(0.000713098 -0.00179281 0)
(0.00214335 -0.003006 0)
(0.0041519 -0.00404748 0)
(0.00655026 -0.004779 0)
(0.00915674 -0.00516825 0)
(0.0118038 -0.00525017 0)
(0.0143547 -0.0051011 0)
(0.0167123 -0.0048147 0)
(0.0188165 -0.00447933 0)
(0.0206322 -0.00415864 0)
(0.0221293 -0.00387356 0)
(0.023258 -0.00357982 0)
(0.0239176 -0.00312917 0)
(0.0239167 -0.00219845 0)
(0.0229246 -0.000175364 0)
(0.020402 0.00387718 0)
(0.0157582 0.0107878 0)
(0.00906051 0.0192763 0)
(0.0015561 0.0194782 0)
(0.000113653 -0.00152266 0)
(0.00124653 -0.00452093 0)
(0.00322831 -0.00717142 0)
(0.00582844 -0.00921039 0)
(0.00876093 -0.0105052 0)
(0.011783 -0.0110521 0)
(0.0146985 -0.0109512 0)
(0.0173637 -0.0103643 0)
(0.0196869 -0.00946798 0)
(0.021618 -0.00840908 0)
(0.0231267 -0.00727044 0)
(0.0241768 -0.00604137 0)
(0.0246978 -0.0045863 0)
(0.0245577 -0.00260141 0)
(0.0235242 0.0004477 0)
(0.0213037 0.00531534 0)
(0.0176211 0.0128161 0)
(0.0123972 0.0231162 0)
(0.00627707 0.0329075 0)
(0.000825065 0.0279041 0)
(0.000154487 -0.00297304 0)
(0.00154998 -0.0081257 0)
(0.00381521 -0.0122441 0)
(0.00662192 -0.0151245 0)
(0.00960908 -0.0166967 0)
(0.0124973 -0.0170489 0)
(0.0150882 -0.0164049 0)
(0.0172649 -0.015059 0)
(0.0189828 -0.0132977 0)
(0.0202472 -0.0113337 0)
(0.0210814 -0.00925861 0)
(0.0214924 -0.00700946 0)
(0.0214417 -0.00434023 0)
(0.0208169 -0.000797673 0)
(0.0193956 0.00426235 0)
(0.0170093 0.0115518 0)
(0.0134997 0.0216537 0)
(0.00896055 0.0339683 0)
(0.00411642 0.0434748 0)
(0.000429561 0.0333213 0)
(0.000187317 -0.00465886 0)
(0.00164484 -0.0120453 0)
(0.00383959 -0.0174613 0)
(0.00638887 -0.0208602 0)
(0.00890699 -0.0223065 0)
(0.011119 -0.0220502 0)
(0.0128623 -0.0205089 0)
(0.0140852 -0.0181648 0)
(0.0148271 -0.0154447 0)
(0.0151798 -0.0126299 0)
(0.0152424 -0.00980297 0)
(0.0150812 -0.00681837 0)
(0.0146967 -0.00328951 0)
(0.0139655 0.00139387 0)
(0.0127542 0.0079233 0)
(0.0109029 0.0169729 0)
(0.00832027 0.0288339 0)
(0.00515039 0.0421919 0)
(0.00201798 0.0507443 0)
(9.93239e-05 0.0363908 0)
(0.000188555 -0.00631726 0)
(0.00137048 -0.0155987 0)
(0.00295577 -0.0218557 0)
(0.00459755 -0.0252978 0)
(0.005976 -0.0261772 0)
(0.00688592 -0.0249599 0)
(0.00725331 -0.0223187 0)
(0.00713262 -0.0189644 0)
(0.00666889 -0.0154737 0)
(0.00604068 -0.012174 0)
(0.00540234 -0.00909361 0)
(0.00484281 -0.00595131 0)
(0.00436546 -0.00217701 0)
(0.00385054 0.00300446 0)
(0.00321229 0.0103475 0)
(0.0023476 0.0204321 0)
(0.00126506 0.0332264 0)
(0.000156957 0.0467924 0)
(-0.000553288 0.0540157 0)
(-0.000271348 0.0369646 0)
(0.000115487 -0.00742596 0)
(0.00047836 -0.0176231 0)
(0.000697336 -0.0239496 0)
(0.000595769 -0.0268777 0)
(4.90334e-05 -0.0268401 0)
(-0.000984666 -0.0245275 0)
(-0.00241971 -0.0208995 0)
(-0.00407759 -0.0168957 0)
(-0.00574632 -0.0131871 0)
(-0.00723437 -0.010053 0)
(-0.00841521 -0.00737407 0)
(-0.00923982 -0.00468422 0)
(-0.00971636 -0.00125517 0)
(-0.00987251 0.00375402 0)
(-0.00968555 0.0110538 0)
(-0.0091149 0.0210566 0)
(-0.0080228 0.0334261 0)
(-0.00622855 0.0459182 0)
(-0.00373511 0.0516797 0)
(-0.000726678 0.034423 0)
(-9.18822e-05 -0.00716897 0)
(-0.00120187 -0.0165338 0)
(-0.00315832 -0.0218808 0)
(-0.00578637 -0.0237753 0)
(-0.0088434 -0.022784 0)
(-0.012097 -0.0197973 0)
(-0.0153101 -0.015917 0)
(-0.0182697 -0.012121 0)
(-0.0208223 -0.00900145 0)
(-0.0228862 -0.00669345 0)
(-0.0244354 -0.00493827 0)
(-0.0254618 -0.00319329 0)
(-0.0259229 -0.000745639 0)
(-0.0256619 0.00315893 0)
(-0.0245044 0.00914603 0)
(-0.022212 0.0175176 0)
(-0.018531 0.0278612 0)
(-0.0133851 0.0381358 0)
(-0.00729388 0.0426183 0)
(-0.00124721 0.0281649 0)
(-0.000374479 -0.0049036 0)
(-0.00310422 -0.011244 0)
(-0.00736525 -0.0146699 0)
(-0.012473 -0.0154923 0)
(-0.0177198 -0.0141814 0)
(-0.0225901 -0.0115461 0)
(-0.0267678 -0.00852783 0)
(-0.0301374 -0.00588243 0)
(-0.0327457 -0.00399794 0)
(-0.0347247 -0.00289098 0)
(-0.0362024 -0.00230118 0)
(-0.0372245 -0.00179931 0)
(-0.037701 -0.00086879 0)
(-0.0373658 0.00104306 0)
(-0.0358119 0.00446047 0)
(-0.0325598 0.00965876 0)
(-0.0271533 0.0163916 0)
(-0.0194963 0.0233196 0)
(-0.010458 0.0267458 0)
(-0.00176024 0.0181406 0)
(-0.000455528 -0.00118562 0)
(-0.00296973 -0.00260589 0)
(-0.00706737 -0.00331522 0)
(-0.0118435 -0.0033612 0)
(-0.0164458 -0.00285797 0)
(-0.0203009 -0.00204948 0)
(-0.0231659 -0.00121991 0)
(-0.0250926 -0.000579879 0)
(-0.0263167 -0.000222234 0)
(-0.0271275 -0.000139204 0)
(-0.0277648 -0.000258721 0)
(-0.028356 -0.000473402 0)
(-0.0288773 -0.000653375 0)
(-0.0291199 -0.000636701 0)
(-0.0287039 -0.000200598 0)
(-0.0270508 0.00085329 0)
(-0.0234997 0.00261039 0)
(-0.0176517 0.0048458 0)
(-0.0100834 0.00656172 0)
(-0.00238405 0.005223 0)
)
;

boundaryField
{
    leftWall
    {
        type            fixedValue;
        value           uniform (0 0 0);
    }
    rightWall
    {
        type            fixedValue;
        value           uniform (0 0 0);
    }
    topWall
    {
        type            fixedValue;
        value           uniform (0 0 0);
    }
    bottomWall
    {
        type            fixedValue;
        value           uniform (0 0 0);
    }
    frontAndBackPlanes
    {
        type            empty;
    }
}


// ************************************************************************* //
