/*--------------------------------*- C++ -*----------------------------------*\
| =========                 |                                                 |
| \\      /  F ield         | OpenFOAM: The Open Source CFD Toolbox           |
|  \\    /   O peration     | Version:  2506                                  |
|   \\  /    A nd           | Website:  www.openfoam.com                      |
|    \\/     M anipulation  |                                                 |
\*---------------------------------------------------------------------------*/
FoamFile
{
    version     2.0;
    format      ascii;
    arch        "LSB;label=32;scalar=64";
    class       surfaceScalarField;
    location    "4.6";
    object      phi;
}
// * * * * * * * * * * * * * * * * * * * * * * * * * * * * * * * * * * * * * //

dimensions      [1 0 -1 0 0 0 0];

oriented        oriented;

internalField   nonuniform List<scalar> 
370
(
-0.00013755
-3.95207e-05
-8.76385e-05
-4.99301e-05
-3.89333e-05
-4.87307e-05
1.62924e-05
-5.52538e-05
7.85292e-05
-6.22656e-05
0.000149294
-7.07938e-05
0.000230467
-8.12033e-05
0.000324305
-9.38679e-05
0.000433916
-0.000109641
0.000563645
-0.00012976
0.000719215
-0.000155601
0.000907469
-0.000188287
0.00113524
-0.000227806
0.0014059
-0.000270689
0.0017116
-0.000305713
0.002016
-0.000304348
0.00221746
-0.000201057
0.00209552
0.000123442
0.00134481
0.00075449
0.00134924
-2.59313e-05
-1.35618e-05
-2.6823e-05
-4.90117e-05
3.01937e-06
-7.85664e-05
5.48125e-05
-0.000107052
0.00012746
-0.000134922
0.000219683
-0.000163026
0.000330627
-0.000192157
0.000460147
-0.000223398
0.000608918
-0.000258424
0.000778315
-0.000299167
0.000969786
-0.000347084
0.00118345
-0.000401966
0.00141543
-0.000459798
0.00165324
-0.000508505
0.00186731
-0.000519771
0.00199741
-0.000434368
0.00193882
-0.000142007
0.00154631
0.000517651
0.000727098
0.00157801
0.00208138
-1.45145e-05
1.01617e-06
-1.64601e-05
-4.69974e-05
5.46416e-06
-0.000100461
4.84991e-05
-0.00015008
0.00011039
-0.000196814
0.000189572
-0.00024221
0.000284656
-0.000287245
0.000394436
-0.000333181
0.000517836
-0.000381828
0.000653606
-0.000434942
0.000799567
-0.000493048
0.000951276
-0.000553679
0.00109995
-0.000608477
0.00122947
-0.000638021
0.00131242
-0.000602709
0.0013066
-0.000428436
0.00115708
8.05423e-06
0.000819594
0.000857153
0.000339683
0.00206298
0.00242679
-1.20314e-05
1.31456e-05
-1.52966e-05
-4.36244e-05
-2.25395e-06
-0.000113455
2.58284e-05
-0.000178148
6.68708e-05
-0.000237854
0.000119294
-0.000294633
0.000181808
-0.00034976
0.000253228
-0.000404603
0.000332309
-0.00046091
0.000417447
-0.000520081
0.000506148
-0.000581752
0.000594203
-0.000641735
0.000674536
-0.000688811
0.000735814
-0.000699296
0.000761148
-0.000628024
0.000728113
-0.000395276
0.000613419
0.000123353
0.000408602
0.00106424
0.000156487
0.00232073
0.00258952
-1.46587e-05
2.79366e-05
-2.51291e-05
-3.30078e-05
-2.43715e-05
-0.000114146
-1.408e-05
-0.00018842
3.17273e-06
-0.000255102
2.56209e-05
-0.000317081
5.22615e-05
-0.000376401
8.25558e-05
-0.000434897
0.000116176
-0.00049453
0.000152767
-0.000556672
0.000191644
-0.000620628
0.000231364
-0.000681454
0.000269118
-0.000726565
0.000299946
-0.000730121
0.000315945
-0.000644
0.00030617
-0.000385365
0.00025899
0.000171195
0.000170594
0.00115508
6.29371e-05
0.0024344
0.00265903
-1.86375e-05
4.67405e-05
-3.78798e-05
-1.35813e-05
-5.06026e-05
-0.000101338
-5.93348e-05
-0.000179662
-6.7335e-05
-0.000247095
-7.6516e-05
-0.000307898
-8.74419e-05
-0.000365473
-9.97352e-05
-0.000422602
-0.000112375
-0.000481889
-0.000123844
-0.000545201
-0.000132192
-0.000612279
-0.000135107
-0.000678537
-0.000130189
-0.000731481
-0.00011563
-0.000744675
-9.15419e-05
-0.000668061
-6.17066e-05
-0.000415046
-3.3849e-05
0.00014406
-1.59415e-05
0.00113978
-6.4332e-06
0.00243121
0.00265943
-2.00423e-05
6.69829e-05
-4.40508e-05
1.06488e-05
-6.73882e-05
-7.7899e-05
-9.41033e-05
-0.000152915
-0.000128019
-0.000213171
-0.000170801
-0.000265113
-0.000222339
-0.000313932
-0.000281362
-0.000363577
-0.000345768
-0.000417479
-0.000412601
-0.000478365
-0.0004777
-0.000547176
-0.000535191
-0.000621043
-0.000577051
-0.000689617
-0.000593244
-0.000728473
-0.000573178
-0.000688082
-0.000509297
-0.000478709
-0.000400782
3.64545e-05
-0.00025916
0.00100111
-0.000103432
0.00228214
0.00256296
-1.28023e-05
8.00199e-05
-3.071e-05
2.88161e-05
-5.77967e-05
-5.06924e-05
-9.98561e-05
-0.000110819
-0.000159419
-0.000153598
-0.000236623
-0.000187904
-0.000330336
-0.000220216
-0.000438966
-0.000254942
-0.000560718
-0.000295722
-0.000693268
-0.000345809
-0.000832868
-0.00040757
-0.000972878
-0.000481026
-0.00110182
-0.000560669
-0.00120123
-0.000629041
-0.00124438
-0.000644847
-0.00119786
-0.000524864
-0.00102996
-0.000130154
-0.000720907
0.000695679
-0.000307781
0.00187626
0.0022623
1.45185e-05
6.57738e-05
1.99367e-05
2.37011e-05
-4.82879e-06
-2.57832e-05
-5.97798e-05
-5.58194e-05
-0.00014063
-7.27309e-05
-0.000243662
-8.48619e-05
-0.000366881
-9.6988e-05
-0.000510045
-0.000111768
-0.000674345
-0.000131411
-0.000861941
-0.000158201
-0.00107496
-0.00019454
-0.0013136
-0.000242371
-0.00157283
-0.000301412
-0.00183633
-0.000365493
-0.00206674
-0.000414263
-0.00219259
-0.00039833
-0.00210248
-0.000218129
-0.00164566
0.000243862
-0.00077261
0.00101159
0.0014971
6.60877e-05
9.01531e-05
6.45609e-05
8.82375e-06
-6.38623e-05
-0.000148688
-0.000245641
-0.000357374
-0.00048875
-0.000646914
-0.000841417
-0.00108375
-0.00138511
-0.00175052
-0.0021645
-0.0025618
-0.00277685
-0.00252632
-0.00150494
)
;

boundaryField
{
    leftWall
    {
        type            calculated;
        value           nonuniform List<scalar> 10(0 0 0 0 0 0 5.42101e-20 0 0 1.0842e-19);
    }
    rightWall
    {
        type            calculated;
        value           nonuniform List<scalar> 10(0 0 0 0 0 0 0 0 -1.73472e-18 0);
    }
    topWall
    {
        type            calculated;
        value           uniform 0;
    }
    bottomWall
    {
        type            calculated;
        value           uniform 0;
    }
    frontAndBackPlanes
    {
        type            empty;
    }
}


// ************************************************************************* //
