/*--------------------------------*- C++ -*----------------------------------*\
| =========                 |                                                 |
| \\      /  F ield         | OpenFOAM: The Open Source CFD Toolbox           |
|  \\    /   O peration     | Version:  2506                                  |
|   \\  /    A nd           | Website:  www.openfoam.com                      |
|    \\/     M anipulation  |                                                 |
\*---------------------------------------------------------------------------*/
FoamFile
{
    version     2.0;
    format      ascii;
    arch        "LSB;label=32;scalar=64";
    class       surfaceScalarField;
    location    "122.8";
    object      phi;
}
// * * * * * * * * * * * * * * * * * * * * * * * * * * * * * * * * * * * * * //

dimensions      [1 0 -1 0 0 0 0];

oriented        oriented;

internalField   nonuniform List<scalar> 
370
(
0.000331424
-0.000364962
0.000868388
-0.000536904
0.00133204
-0.000463571
0.0016488
-0.000316651
0.00182867
-0.00017975
0.00191334
-8.45393e-05
0.00194853
-3.5049e-05
0.00197184
-2.31638e-05
0.00201034
-3.83412e-05
0.00208209
-7.15823e-05
0.0021982
-0.000115943
0.00236478
-0.000166402
0.00258215
-0.000217189
0.00283892
-0.000256583
0.00309833
-0.000259211
0.00327269
-0.000174162
0.00319189
8.09963e-05
0.00264387
0.000548217
0.00143153
0.00121252
0.00143162
0.000450768
-0.000815699
0.00120514
-0.00129119
0.00192228
-0.0011806
0.00247292
-0.000867147
0.0028442
-0.000550888
0.00307371
-0.000313894
0.00321237
-0.000173547
0.00330654
-0.000117172
0.00339065
-0.000122283
0.00348598
-0.000166745
0.00360234
-0.000232129
0.00373837
-0.00030225
0.0038789
-0.000357531
0.00398809
-0.000365585
0.00399828
-0.000269207
0.00380347
2.08392e-05
0.00326644
0.000618233
0.00225793
0.00155693
0.000910358
0.00256026
0.00234206
0.000431279
-0.00124694
0.00113209
-0.0019919
0.00179571
-0.00184406
0.00231023
-0.0013815
0.00266711
-0.000907584
0.00289937
-0.000545968
0.00304846
-0.00032244
0.00314951
-0.000218037
0.0032268
-0.000199382
0.00329375
-0.000233504
0.00335408
-0.000292269
0.00340176
-0.000349731
0.00341833
-0.000373909
0.00336791
-0.000314969
0.00319312
-9.42093e-05
0.00282041
0.000393757
0.00219903
0.00123982
0.00134149
0.00241467
0.000452109
0.00344981
0.00279425
0.000366914
-0.00161381
0.000924681
-0.00254954
0.00141734
-0.00233655
0.00177328
-0.00173724
0.00200515
-0.00113924
0.00214992
-0.000690531
0.00224151
-0.000413819
0.00230251
-0.000278825
0.00234483
-0.000241489
0.00237299
-0.000261461
0.00238657
-0.000305643
0.00237997
-0.000342923
0.00233953
-0.000333262
0.00223953
-0.000214751
0.00204183
0.000103708
0.00171022
0.000725577
0.0012306
0.00171966
0.000657879
0.00298759
0.000165114
0.00394274
0.00295944
0.000280916
-0.00189467
0.000645724
-0.00291421
0.000911346
-0.00260198
0.00106055
-0.00188623
0.00113146
-0.00120993
0.00116349
-0.000722337
0.00118028
-0.000430388
0.00119065
-0.000288979
0.00119525
-0.000245882
0.00119233
-0.000258332
0.00117998
-0.000293078
0.00115473
-0.000317457
0.00110795
-0.000286278
0.0010229
-0.000129481
0.000876729
0.000250098
0.000654986
0.000947541
0.000371466
0.0020034
9.78165e-05
0.00326145
-4.37358e-05
0.00408446
0.00291577
0.000170685
-0.0020653
0.000290066
-0.00303344
0.000285432
-0.00259715
0.000205947
-0.00180652
0.000109799
-0.00111356
2.80727e-05
-0.000640392
-3.26481e-05
-0.000369455
-7.74881e-05
-0.000243929
-0.000113683
-0.000209479
-0.00014606
-0.000225747
-0.000177353
-0.000261577
-0.000210924
-0.000283679
-0.00025306
-0.000243932
-0.000312075
-7.02515e-05
-0.00038987
0.000328114
-0.00047314
0.00103104
-0.000519269
0.00204975
-0.000457613
0.0032
-0.000242096
0.00386909
0.00267373
-2.89538e-06
-0.00206235
-0.000199463
-0.00283672
-0.0005193
-0.00227711
-0.000844552
-0.00148106
-0.00111185
-0.000846048
-0.00130965
-0.000442387
-0.00145124
-0.000227657
-0.00155472
-0.000140248
-0.00163391
-0.00013009
-0.00169748
-0.000161979
-0.00175091
-0.000207943
-0.00179796
-0.000236431
-0.00183903
-0.000202662
-0.00186568
-4.33943e-05
-0.00184935
0.000311998
-0.00174501
0.000926909
-0.0014914
0.00179635
-0.00104119
0.00274997
-0.000443053
0.00327109
0.00223073
-0.000270614
-0.00179167
-0.000896251
-0.00221092
-0.0015751
-0.00159806
-0.00213967
-0.000916281
-0.00255037
-0.000435148
-0.00283032
-0.000162232
-0.00301825
-3.95357e-05
-0.00314815
-1.01513e-05
-0.00324497
-3.3084e-05
-0.00332482
-8.1947e-05
-0.00339604
-0.000136539
-0.00345803
-0.00017425
-0.00349718
-0.000163333
-0.00347975
-6.06395e-05
-0.00335048
0.000182914
-0.00303614
0.000612756
-0.00246714
0.00122752
-0.00162544
0.00190844
-0.000647876
0.00229364
0.00158291
-0.000693212
-0.00109838
-0.00181469
-0.00108927
-0.00277205
-0.000640507
-0.00341631
-0.00027182
-0.00379218
-5.90771e-05
-0.00399475
4.05282e-05
-0.00410239
6.8286e-05
-0.00416686
5.44907e-05
-0.00422128
2.15116e-05
-0.00428475
-1.83119e-05
-0.00436286
-5.82743e-05
-0.00444705
-8.98997e-05
-0.0045101
-0.000100133
-0.00449976
-7.08312e-05
-0.00434003
2.33293e-05
-0.00392832
0.000201184
-0.00317842
0.000477753
-0.00207724
0.000807379
-0.000813397
0.00102989
0.000769548
-0.0010983
-0.00218741
-0.00282772
-0.00309935
-0.00315824
-0.00311753
-0.00304907
-0.00299442
-0.00297276
-0.00299092
-0.00304906
-0.00313883
-0.00323884
-0.00330956
-0.00328612
-0.00308484
-0.00260699
-0.00179953
-0.000769574
)
;

boundaryField
{
    leftWall
    {
        type            calculated;
        value           nonuniform List<scalar> 10(0 0 0 1.0842e-19 0 0 0 0 0 0);
    }
    rightWall
    {
        type            calculated;
        value           nonuniform List<scalar> 10(0 0 0 0 0 0 0 4.33681e-19 0 0);
    }
    topWall
    {
        type            calculated;
        value           uniform 0;
    }
    bottomWall
    {
        type            calculated;
        value           uniform 0;
    }
    frontAndBackPlanes
    {
        type            empty;
    }
}


// ************************************************************************* //
