/*--------------------------------*- C++ -*----------------------------------*\
| =========                 |                                                 |
| \\      /  F ield         | OpenFOAM: The Open Source CFD Toolbox           |
|  \\    /   O peration     | Version:  2506                                  |
|   \\  /    A nd           | Website:  www.openfoam.com                      |
|    \\/     M anipulation  |                                                 |
\*---------------------------------------------------------------------------*/
FoamFile
{
    version     2.0;
    format      ascii;
    arch        "LSB;label=32;scalar=64";
    class       volVectorField;
    location    "122.8";
    object      U;
}
// * * * * * * * * * * * * * * * * * * * * * * * * * * * * * * * * * * * * * //

dimensions      [0 1 -1 0 0 0 0];

internalField   nonuniform List<vector> 
200
(
(0.000496152 -0.00124534 0)
(0.00250139 -0.00158594 0)
(0.00462795 -0.0011668 0)
(0.00631693 -0.000628566 0)
(0.00735336 -0.00021471 0)
(0.00787473 2.24391e-05 0)
(0.008089 0.00010465 0)
(0.00818124 7.53117e-05 0)
(0.00828896 -2.51684e-05 0)
(0.00850532 -0.000169515 0)
(0.00888984 -0.000345379 0)
(0.00947883 -0.000550369 0)
(0.0102899 -0.00078177 0)
(0.0113108 -0.00101903 0)
(0.0124572 -0.00119317 0)
(0.0134773 -0.0011327 0)
(0.0138147 -0.000484735 0)
(0.0125937 0.00126417 0)
(0.00894688 0.00417232 0)
(0.00267927 0.00569147 0)
(0.000537737 -0.00492352 0)
(0.00343585 -0.00761655 0)
(0.00659671 -0.00680517 0)
(0.00931049 -0.00483959 0)
(0.0112437 -0.00291647 0)
(0.0124646 -0.00151986 0)
(0.0131875 -0.000741787 0)
(0.013633 -0.000494555 0)
(0.0139761 -0.000635347 0)
(0.0143341 -0.00102975 0)
(0.0147713 -0.00157329 0)
(0.0153061 -0.00218127 0)
(0.0159079 -0.0027515 0)
(0.016478 -0.00309875 0)
(0.0168131 -0.00286078 0)
(0.0165543 -0.00139478 0)
(0.0151228 0.00222164 0)
(0.0118989 0.00863334 0)
(0.00687387 0.0163192 0)
(0.00116245 0.0163597 0)
(0.000510255 -0.00867606 0)
(0.00325557 -0.0138871 0)
(0.00618045 -0.0128697 0)
(0.00869866 -0.00962555 0)
(0.0105272 -0.00628278 0)
(0.0117306 -0.00372841 0)
(0.0124899 -0.00216318 0)
(0.0129805 -0.00146611 0)
(0.0133316 -0.00140638 0)
(0.0136223 -0.00175025 0)
(0.013888 -0.0022969 0)
(0.0141247 -0.00286296 0)
(0.0142847 -0.00322486 0)
(0.01426 -0.00302695 0)
(0.0138574 -0.00167795 0)
(0.0127667 0.00168552 0)
(0.0107099 0.00790785 0)
(0.00754763 0.0170342 0)
(0.00371176 0.0258066 0)
(0.00042151 0.0220052 0)
(0.000448318 -0.0120554 0)
(0.00272452 -0.0192742 0)
(0.00496776 -0.0178643 0)
(0.00677338 -0.0134242 0)
(0.00799801 -0.00888182 0)
(0.00875872 -0.00541284 0)
(0.00922423 -0.00324825 0)
(0.00952269 -0.0021959 0)
(0.00972729 -0.00193337 0)
(0.00987045 -0.00214751 0)
(0.00995957 -0.00257324 0)
(0.00998309 -0.00296309 0)
(0.00990391 -0.00300766 0)
(0.00964281 -0.00222994 0)
(0.00905613 9.48652e-05 0)
(0.00796949 0.0048526 0)
(0.00626035 0.0127189 0)
(0.00396728 0.0231337 0)
(0.00156083 0.0315746 0)
(5.37954e-05 0.0245004 0)
(0.000371003 -0.0147962 0)
(0.00200828 -0.0232076 0)
(0.00333785 -0.0211186 0)
(0.00420312 -0.0155985 0)
(0.00464374 -0.0101828 0)
(0.00483383 -0.00616849 0)
(0.00491774 -0.00370931 0)
(0.00496606 -0.00249724 0)
(0.00499512 -0.00212486 0)
(0.00499915 -0.00223592 0)
(0.00496955 -0.0025455 0)
(0.00489667 -0.00278174 0)
(0.00475814 -0.00258285 0)
(0.00450202 -0.00138763 0)
(0.00402794 0.00160508 0)
(0.00325905 0.00723971 0)
(0.00217215 0.0159852 0)
(0.000925872 0.0267419 0)
(-7.37526e-05 0.0342492 0)
(-0.000177373 0.02497 0)
(0.000275271 -0.0167387 0)
(0.00108102 -0.0253484 0)
(0.00128334 -0.0223199 0)
(0.00106608 -0.0159513 0)
(0.000666455 -0.010092 0)
(0.000275988 -0.00595264 0)
(-2.5354e-05 -0.00351453 0)
(-0.000241242 -0.0023473 0)
(-0.000405422 -0.00199118 0)
(-0.000545111 -0.00208871 0)
(-0.000675322 -0.0023661 0)
(-0.000807547 -0.00254302 0)
(-0.000961863 -0.00221866 0)
(-0.00117072 -0.000779403 0)
(-0.00147178 0.00258768 0)
(-0.0018339 0.00862198 0)
(-0.00213908 0.0175118 0)
(-0.00214353 0.0277522 0)
(-0.0015975 0.0339886 0)
(-0.000364154 0.0237827 0)
(0.000146784 -0.0175307 0)
(-0.000225368 -0.0251878 0)
(-0.00145418 -0.0210534 0)
(-0.00288537 -0.0142703 0)
(-0.00415411 -0.00855313 0)
(-0.0051266 -0.00476373 0)
(-0.00582338 -0.00265344 0)
(-0.00632119 -0.00171354 0)
(-0.00669191 -0.00149656 0)
(-0.00698327 -0.0016792 0)
(-0.00722435 -0.00200655 0)
(-0.00743573 -0.00219539 0)
(-0.00763063 -0.00183931 0)
(-0.0077973 -0.000356699 0)
(-0.00785993 0.00295364 0)
(-0.00764879 0.00866553 0)
(-0.00691918 0.0167677 0)
(-0.00543089 0.0257058 0)
(-0.0032083 0.0306451 0)
(-0.000581917 0.0209247 0)
(-0.000195902 -0.0165126 0)
(-0.00232575 -0.0218406 0)
(-0.00521628 -0.0168424 0)
(-0.00790596 -0.0104215 0)
(-0.00995853 -0.00555153 0)
(-0.0113766 -0.00259799 0)
(-0.012321 -0.00112525 0)
(-0.0129575 -0.000615692 0)
(-0.0134126 -0.00067333 0)
(-0.0137717 -0.00102629 0)
(-0.0140863 -0.00145886 0)
(-0.0143763 -0.0017283 0)
(-0.0146184 -0.00149795 0)
(-0.0147204 -0.000314083 0)
(-0.014476 0.00234322 0)
(-0.0135985 0.0068995 0)
(-0.0117502 0.0132929 0)
(-0.0087308 0.0202514 0)
(-0.00483345 0.0239985 0)
(-0.000812472 0.0163203 0)
(-0.000840221 -0.0125654 0)
(-0.00532924 -0.0144495 0)
(-0.0098142 -0.00955258 0)
(-0.0132184 -0.00471973 0)
(-0.015315 -0.00160445 0)
(-0.0164527 -4.49199e-05 0)
(-0.0170378 0.000491573 0)
(-0.0173563 0.000450281 0)
(-0.0175829 0.000111921 0)
(-0.0178211 -0.000356779 0)
(-0.0181218 -0.000833098 0)
(-0.0184836 -0.00118143 0)
(-0.0188374 -0.00121213 0)
(-0.019024 -0.000664121 0)
(-0.0187571 0.000781444 0)
(-0.0176252 0.0034349 0)
(-0.0151899 0.00731979 0)
(-0.0112171 0.011716 0)
(-0.00613677 0.014349 0)
(-0.00103428 0.010081 0)
(-0.00201503 -0.00430014 0)
(-0.00712908 -0.00374027 0)
(-0.0107681 -0.00171379 0)
(-0.0126666 -0.000292404 0)
(-0.0132769 0.000373907 0)
(-0.0132309 0.00056017 0)
(-0.0129478 0.000511811 0)
(-0.0126603 0.000371272 0)
(-0.0124864 0.000200902 0)
(-0.0124763 2.26104e-05 0)
(-0.0126437 -0.000153303 0)
(-0.0129723 -0.000313501 0)
(-0.0134047 -0.000431789 0)
(-0.0138165 -0.000458938 0)
(-0.013986 -0.00031103 0)
(-0.0135831 0.000143437 0)
(-0.0121713 0.00101185 0)
(-0.00940195 0.00224025 0)
(-0.005488 0.00331407 0)
(-0.00130036 0.00279195 0)
)
;

boundaryField
{
    leftWall
    {
        type            fixedValue;
        value           uniform (0 0 0);
    }
    rightWall
    {
        type            fixedValue;
        value           uniform (0 0 0);
    }
    topWall
    {
        type            fixedValue;
        value           uniform (0 0 0);
    }
    bottomWall
    {
        type            fixedValue;
        value           uniform (0 0 0);
    }
    frontAndBackPlanes
    {
        type            empty;
    }
}


// ************************************************************************* //
