/*--------------------------------*- C++ -*----------------------------------*\
| =========                 |                                                 |
| \\      /  F ield         | OpenFOAM: The Open Source CFD Toolbox           |
|  \\    /   O peration     | Version:  2506                                  |
|   \\  /    A nd           | Website:  www.openfoam.com                      |
|    \\/     M anipulation  |                                                 |
\*---------------------------------------------------------------------------*/
FoamFile
{
    version     2.0;
    format      ascii;
    arch        "LSB;label=32;scalar=64";
    class       surfaceScalarField;
    location    "129.4";
    object      phi;
}
// * * * * * * * * * * * * * * * * * * * * * * * * * * * * * * * * * * * * * //

dimensions      [1 0 -1 0 0 0 0];

oriented        oriented;

internalField   nonuniform List<scalar> 
370
(
0.000351535
-0.000382394
0.000910892
-0.000559302
0.00139098
-0.000480011
0.00171597
-0.000324895
0.00189729
-0.000181203
0.00197889
-8.14848e-05
0.00200856
-2.95375e-05
0.00202523
-1.65405e-05
0.00205666
-3.12846e-05
0.00212134
-6.45216e-05
0.00223039
-0.000108895
0.00238975
-0.00015919
0.00259951
-0.000209588
0.0028481
-0.000248418
0.00309873
-0.000250444
0.00326386
-0.00016495
0.00317622
8.78326e-05
0.00262497
0.000551438
0.00141782
0.00120732
0.0014179
0.000466809
-0.000849173
0.00124451
-0.00133693
0.00198013
-0.00121552
0.0025412
-0.000885832
0.00291556
-0.000555426
0.00314275
-0.000308539
0.00327569
-0.000162326
0.00336234
-0.00010304
0.00343823
-0.000107024
0.00352508
-0.000151205
0.00363283
-0.000216482
0.0037601
-0.000286294
0.00389164
-0.00034096
0.00399167
-0.000348272
0.00399301
-0.000251604
0.00379027
3.7969e-05
0.00324824
0.000630058
0.00224112
0.00155874
0.000901904
0.00254669
0.00231989
0.000440567
-0.0012897
0.00115391
-0.00205018
0.00182631
-0.00188778
0.00234448
-0.00140384
0.0027008
-0.00091158
0.00292978
-0.00053734
0.0030741
-0.000306471
0.00316975
-0.000198521
0.00324147
-0.000178564
0.00330285
-0.000212409
0.00335764
-0.000271094
0.00339974
-0.000328218
0.00341068
-0.000351715
0.00335465
-0.000292065
0.00317468
-7.14398e-05
0.00279951
0.000413327
0.00217864
0.00125112
0.00132632
0.00241125
0.000445754
0.00342742
0.00276571
0.000370108
-0.00165977
0.00092971
-0.00260967
0.00142084
-0.00237875
0.0017728
-0.00175562
0.00199979
-0.00113837
0.00213993
-0.000677291
0.00222768
-0.000394025
0.00228566
-0.000256306
0.00232558
-0.00021829
0.00235174
-0.000238383
0.00236353
-0.00028269
0.0023552
-0.000319692
0.00231302
-0.00030935
0.00221147
-0.00019032
0.00201309
0.000127146
0.00168292
0.000743697
0.0012077
0.00172653
0.000642815
0.00297633
0.000159598
0.00391079
0.00292538
0.000279214
-0.00193894
0.000637449
-0.00296778
0.000893982
-0.00263511
0.00103431
-0.00189574
0.00109824
-0.00120211
0.00112578
-0.000704623
0.00114039
-0.000408431
0.00115015
-0.000265867
0.00115509
-0.000223035
0.00115302
-0.000236124
0.00114177
-0.000271243
0.0011177
-0.000295428
0.00107215
-0.000263605
0.000988567
-0.000106539
0.00084486
0.000271053
0.000627091
0.000961669
0.000349986
0.00200384
8.50239e-05
0.00324148
-4.8017e-05
0.00404398
0.00287742
0.000165428
-0.00210431
0.000273016
-0.00307523
0.00025563
-0.00261754
0.000166219
-0.00180613
6.40906e-05
-0.00109977
-2.0246e-05
-0.000620087
-8.12247e-05
-0.000347257
-0.000124798
-0.000222101
-0.000158891
-0.000188749
-0.000188745
-0.000206079
-0.000217328
-0.00024247
-0.000248094
-0.000264472
-0.00028724
-0.000224267
-0.000342859
-5.07232e-05
-0.000416156
0.000344553
-0.000493693
0.00103941
-0.000532926
0.00204328
-0.000464108
0.00317285
-0.000243175
0.00382319
0.0026343
-9.66948e-06
-0.00209459
-0.00021981
-0.00286495
-0.000552058
-0.00228511
-0.000885199
-0.00147279
-0.00115585
-0.000828924
-0.0013537
-0.000422051
-0.00149343
-0.000207339
-0.001594
-0.000121346
-0.00166967
-0.000112892
-0.00172946
-0.000146108
-0.001779
-0.000192746
-0.00182199
-0.000221295
-0.0018586
-0.000187478
-0.00188021
-2.89221e-05
-0.00185803
0.000322567
-0.00174788
0.000929454
-0.00148958
0.00178517
-0.00103712
0.00272056
-0.000440092
0.00322629
0.00219426
-0.000278544
-0.00181598
-0.000916281
-0.00222706
-0.00160392
-0.00159728
-0.00217206
-0.000904471
-0.00258204
-0.000418751
-0.00285874
-0.000145173
-0.00304203
-2.38675e-05
-0.00316661
3.40657e-06
-0.00325793
-2.14001e-05
-0.00333231
-7.15565e-05
-0.00339813
-0.000126759
-0.00345466
-0.000164597
-0.00348815
-0.000153813
-0.00346482
-5.20909e-05
-0.00333048
0.000188403
-0.00301304
0.000612182
-0.00244447
0.00121676
-0.00160799
0.00188422
-0.000639843
0.00225825
0.00155446
-0.000702979
-0.00111294
-0.00183504
-0.00109485
-0.00279554
-0.000636605
-0.00343644
-0.000263385
-0.00380475
-5.02605e-05
-0.00399973
4.99789e-05
-0.00409922
7.57916e-05
-0.00415615
6.0502e-05
-0.00420389
2.64901e-05
-0.00426103
-1.42652e-05
-0.00433317
-5.4476e-05
-0.00441149
-8.61327e-05
-0.00446882
-9.63409e-05
-0.00445346
-6.73235e-05
-0.00429041
2.54848e-05
-0.003879
0.000200901
-0.00313489
0.000472773
-0.00204631
0.000795754
-0.00080022
0.00101224
0.000754277
-0.00111286
-0.00220756
-0.00284399
-0.0031072
-0.00315729
-0.00310715
-0.0030312
-0.00297055
-0.00294392
-0.00295805
-0.0030124
-0.00309841
-0.00319464
-0.00326186
-0.00323628
-0.00303529
-0.00256243
-0.0017666
-0.000754301
)
;

boundaryField
{
    leftWall
    {
        type            calculated;
        value           nonuniform List<scalar> 10(0 0 0 0 0 0 4.33681e-19 0 0 -8.67362e-19);
    }
    rightWall
    {
        type            calculated;
        value           nonuniform List<scalar> 10(0 0 0 0 4.33681e-19 0 0 -4.33681e-19 0 -2.1684e-19);
    }
    topWall
    {
        type            calculated;
        value           uniform 0;
    }
    bottomWall
    {
        type            calculated;
        value           uniform 0;
    }
    frontAndBackPlanes
    {
        type            empty;
    }
}


// ************************************************************************* //
