/*--------------------------------*- C++ -*----------------------------------*\
| =========                 |                                                 |
| \\      /  F ield         | OpenFOAM: The Open Source CFD Toolbox           |
|  \\    /   O peration     | Version:  2506                                  |
|   \\  /    A nd           | Website:  www.openfoam.com                      |
|    \\/     M anipulation  |                                                 |
\*---------------------------------------------------------------------------*/
FoamFile
{
    version     2.0;
    format      ascii;
    arch        "LSB;label=32;scalar=64";
    class       volVectorField;
    location    "129.4";
    object      U;
}
// * * * * * * * * * * * * * * * * * * * * * * * * * * * * * * * * * * * * * //

dimensions      [0 1 -1 0 0 0 0];

internalField   nonuniform List<vector> 
200
(
(0.000533141 -0.00130964 0)
(0.00263594 -0.0016613 0)
(0.0048446 -0.00121659 0)
(0.0065855 -0.000648205 0)
(0.00764193 -0.000212362 0)
(0.00815863 3.7239e-05 0)
(0.00835355 0.000124797 0)
(0.00841939 9.64821e-05 0)
(0.00849796 -4.9791e-06 0)
(0.00868466 -0.000150544 0)
(0.00903977 -0.000326951 0)
(0.00959917 -0.000531443 0)
(0.0103796 -0.000761229 0)
(0.0113676 -0.00099591 0)
(0.0124783 -0.00116681 0)
(0.01346 -0.00110309 0)
(0.0137621 -0.000455705 0)
(0.0125173 0.00127997 0)
(0.0088725 0.00415407 0)
(0.00265183 0.00563511 0)
(0.000558914 -0.00514381 0)
(0.0035547 -0.00791832 0)
(0.0068048 -0.00703605 0)
(0.00958052 -0.00496325 0)
(0.011542 -0.00294684 0)
(0.0127632 -0.00148518 0)
(0.0134677 -0.000668806 0)
(0.0138843 -0.000403002 0)
(0.0141938 -0.000537134 0)
(0.0145165 -0.000930219 0)
(0.014918 -0.0014733 0)
(0.0154166 -0.00207921 0)
(0.0159815 -0.00264495 0)
(0.0165137 -0.0029861 0)
(0.0168109 -0.00274306 0)
(0.0165152 -0.00127836 0)
(0.0150546 0.00231622 0)
(0.0118211 0.00866635 0)
(0.00681489 0.0162447 0)
(0.0011497 0.0162083 0)
(0.000522513 -0.00900316 0)
(0.00332326 -0.0143422 0)
(0.00629371 -0.0132207 0)
(0.00883867 -0.00981538 0)
(0.0106736 -0.00633061 0)
(0.0118681 -0.00367588 0)
(0.0126096 -0.00205028 0)
(0.0130782 -0.00132255 0)
(0.013406 -0.00125045 0)
(0.0136733 -0.00159077 0)
(0.0139158 -0.00213607 0)
(0.0141294 -0.0026992 0)
(0.014266 -0.00305558 0)
(0.0142174 -0.00285144 0)
(0.0137916 -0.00150142 0)
(0.0126832 0.00184432 0)
(0.0106211 0.008013 0)
(0.00747003 0.0170349 0)
(0.00366384 0.0256606 0)
(0.000413523 0.0217924 0)
(0.000453653 -0.0124335 0)
(0.00274475 -0.0197865 0)
(0.00498813 -0.0182424 0)
(0.00678176 -0.0136092 0)
(0.0079873 -0.00890362 0)
(0.00872756 -0.00532438 0)
(0.00917503 -0.00309726 0)
(0.00945908 -0.00201578 0)
(0.00965246 -0.00174347 0)
(0.00978661 -0.0019563 0)
(0.00986796 -0.00238195 0)
(0.00988421 -0.00276911 0)
(0.00979784 -0.0028078 0)
(0.00952975 -0.00202441 0)
(0.0089361 0.000296309 0)
(0.00785132 0.00501838 0)
(0.00615334 0.0128028 0)
(0.00388574 0.023079 0)
(0.00151697 0.0313511 0)
(4.75026e-05 0.0242375 0)
(0.000370529 -0.0151783 0)
(0.00199029 -0.0236949 0)
(0.00328538 -0.0214456 0)
(0.00411151 -0.0157227 0)
(0.00451814 -0.010149 0)
(0.00468408 -0.00603796 0)
(0.00475433 -0.00353125 0)
(0.00479732 -0.0023018 0)
(0.00482629 -0.00192754 0)
(0.00483315 -0.002042 0)
(0.00480785 -0.00235396 0)
(0.00473985 -0.00258844 0)
(0.00460625 -0.00238401 0)
(0.00435538 -0.00118521 0)
(0.00388877 0.00179524 0)
(0.00313271 0.00738009 0)
(0.00206704 0.0160215 0)
(0.000852929 0.0266153 0)
(-0.000106222 0.0339461 0)
(-0.00017936 0.024665 0)
(0.000270602 -0.0170894 0)
(0.00103702 -0.0257542 0)
(0.00118491 -0.0225494 0)
(0.000917876 -0.0159899 0)
(0.000483858 -0.00999766 0)
(7.54514e-05 -0.00578757 0)
(-0.000230443 -0.00332441 0)
(-0.000442877 -0.00215555 0)
(-0.000599598 -0.00180596 0)
(-0.000729363 -0.00191097 0)
(-0.000848475 -0.00219227 0)
(-0.000969148 -0.00236753 0)
(-0.00111156 -0.00203767 0)
(-0.0013075 -0.000597275 0)
(-0.00159223 0.00274945 0)
(-0.00193292 0.00872007 0)
(-0.00221134 0.0174873 0)
(-0.00218538 0.0275515 0)
(-0.00161116 0.033621 0)
(-0.000363782 0.0234524 0)
(0.000137828 -0.0178293 0)
(-0.000283974 -0.0254806 0)
(-0.00156812 -0.0211685 0)
(-0.00304321 -0.0142282 0)
(-0.00433546 -0.00841776 0)
(-0.00531415 -0.00458861 0)
(-0.00600613 -0.00247126 0)
(-0.00649325 -0.00153921 0)
(-0.00685013 -0.00133444 0)
(-0.00712605 -0.00152747 0)
(-0.00735105 -0.00186014 0)
(-0.00754588 -0.00204882 0)
(-0.00772315 -0.00169073 0)
(-0.00786996 -0.000213848 0)
(-0.00790892 0.00306722 0)
(-0.00767275 0.00870881 0)
(-0.00692055 0.0166877 0)
(-0.00541713 0.0254594 0)
(-0.00319111 0.0302544 0)
(-0.000576728 0.0206 0)
(-0.000205509 -0.0167494 0)
(-0.002387 -0.022024 0)
(-0.00532338 -0.0168662 0)
(-0.00803932 -0.0103286 0)
(-0.010097 -0.00540216 0)
(-0.0115057 -0.00243357 0)
(-0.0124325 -0.000968414 0)
(-0.0130478 -0.000474691 0)
(-0.0134798 -0.000548458 0)
(-0.0138158 -0.000913387 0)
(-0.0141078 -0.00135201 0)
(-0.0143751 -0.00162295 0)
(-0.0145938 -0.00139423 0)
(-0.014671 -0.000220757 0)
(-0.014402 0.0024057 0)
(-0.0135063 0.00689912 0)
(-0.011652 0.0131887 0)
(-0.0086443 0.0200116 0)
(-0.0047773 0.0236475 0)
(-0.000800993 0.0160402 0)
(-0.000854537 -0.0127286 0)
(-0.00539943 -0.0145362 0)
(-0.00991339 -0.00951861 0)
(-0.0133157 -0.00461628 0)
(-0.0153877 -0.00147962 0)
(-0.0164919 7.37466e-05 0)
(-0.0170428 0.000593858 0)
(-0.0173282 0.000535124 0)
(-0.017525 0.00018266 0)
(-0.0177362 -0.000295408 0)
(-0.0180112 -0.000776317 0)
(-0.0183481 -0.0011259 0)
(-0.0186773 -0.00115788 0)
(-0.0188402 -0.000616615 0)
(-0.0185538 0.000809823 0)
(-0.0174143 0.00342435 0)
(-0.0149913 0.0072434 0)
(-0.0110574 0.0115519 0)
(-0.00604098 0.0141117 0)
(-0.00101605 0.00989022 0)
(-0.00204353 -0.0043591 0)
(-0.00720921 -0.00375932 0)
(-0.0108513 -0.00169397 0)
(-0.0127219 -0.000257428 0)
(-0.0132935 0.000408413 0)
(-0.013208 0.000587106 0)
(-0.0128889 0.000531692 0)
(-0.0125728 0.000385654 0)
(-0.0123761 0.00021155 0)
(-0.0123473 3.13156e-05 0)
(-0.0124985 -0.000145197 0)
(-0.0128113 -0.000304793 0)
(-0.0132277 -0.000421791 0)
(-0.0136234 -0.000448018 0)
(-0.0137798 -0.000301289 0)
(-0.0133715 0.000147047 0)
(-0.0119701 0.00100026 0)
(-0.00923609 0.0022033 0)
(-0.00538358 0.00325065 0)
(-0.001273 0.00273271 0)
)
;

boundaryField
{
    leftWall
    {
        type            fixedValue;
        value           uniform (0 0 0);
    }
    rightWall
    {
        type            fixedValue;
        value           uniform (0 0 0);
    }
    topWall
    {
        type            fixedValue;
        value           uniform (0 0 0);
    }
    bottomWall
    {
        type            fixedValue;
        value           uniform (0 0 0);
    }
    frontAndBackPlanes
    {
        type            empty;
    }
}


// ************************************************************************* //
