/*--------------------------------*- C++ -*----------------------------------*\
| =========                 |                                                 |
| \\      /  F ield         | OpenFOAM: The Open Source CFD Toolbox           |
|  \\    /   O peration     | Version:  2506                                  |
|   \\  /    A nd           | Website:  www.openfoam.com                      |
|    \\/     M anipulation  |                                                 |
\*---------------------------------------------------------------------------*/
FoamFile
{
    version     2.0;
    format      ascii;
    arch        "LSB;label=32;scalar=64";
    class       volVectorField;
    location    "94";
    object      U;
}
// * * * * * * * * * * * * * * * * * * * * * * * * * * * * * * * * * * * * * //

dimensions      [0 1 -1 0 0 0 0];

internalField   nonuniform List<vector> 
200
(
(0.000296728 -0.000902338 0)
(0.00177869 -0.00118623 0)
(0.00347049 -0.000907926 0)
(0.00489155 -0.000534585 0)
(0.00583625 -0.000240071 0)
(0.00640097 -6.9075e-05 0)
(0.00673755 -1.31362e-05 0)
(0.0069882 -4.48631e-05 0)
(0.00726472 -0.00013728 0)
(0.00764781 -0.000272508 0)
(0.00819393 -0.000443288 0)
(0.00894254 -0.000649265 0)
(0.00991668 -0.000887654 0)
(0.0111087 -0.001136 0)
(0.0124363 -0.00132198 0)
(0.0136422 -0.00126979 0)
(0.0141411 -0.000614481 0)
(0.0130189 0.00120204 0)
(0.00934105 0.00427757 0)
(0.00282094 0.00598156 0)
(0.000422721 -0.00374007 0)
(0.00278958 -0.0060013 0)
(0.00546772 -0.0055877 0)
(0.00785232 -0.00421745 0)
(0.00964483 -0.00280901 0)
(0.0108799 -0.00176629 0)
(0.0117192 -0.00118987 0)
(0.0123371 -0.0010327 0)
(0.0128767 -0.00119729 0)
(0.0134378 -0.00158687 0)
(0.0140783 -0.00212239 0)
(0.014816 -0.00273241 0)
(0.015622 -0.00331707 0)
(0.0163979 -0.00368363 0)
(0.0169341 -0.00345277 0)
(0.0168553 -0.00195254 0)
(0.0155589 0.00179833 0)
(0.0123633 0.00853721 0)
(0.00721367 0.0167626 0)
(0.00123501 0.0171641 0)
(0.00044226 -0.00690607 0)
(0.00287796 -0.0114294 0)
(0.00554832 -0.0109948 0)
(0.0079179 -0.00864772 0)
(0.00971311 -0.00609377 0)
(0.0109697 -0.00409273 0)
(0.0118337 -0.00285364 0)
(0.0124533 -0.00231362 0)
(0.0129414 -0.00230756 0)
(0.0133696 -0.0026565 0)
(0.0137711 -0.00319734 0)
(0.0141426 -0.00376653 0)
(0.0144378 -0.00414338 0)
(0.0145477 -0.00395822 0)
(0.0142728 -0.00258623 0)
(0.0132868 0.000902179 0)
(0.0112567 0.00745057 0)
(0.00801929 0.0171511 0)
(0.00400145 0.0266814 0)
(0.000470775 0.0231749 0)
(0.000416764 -0.00999326 0)
(0.00259935 -0.0164839 0)
(0.0048316 -0.0158233 0)
(0.00669565 -0.0124609 0)
(0.00802098 -0.00883117 0)
(0.00889318 -0.00597697 0)
(0.00946003 -0.00415611 0)
(0.00984183 -0.00325572 0)
(0.010113 -0.00303452 0)
(0.010311 -0.00324266 0)
(0.0104485 -0.00365612 0)
(0.0105182 -0.00404769 0)
(0.0104856 -0.00410809 0)
(0.0102711 -0.00333656 0)
(0.00973025 -0.000952882 0)
(0.00864383 0.00404104 0)
(0.00687657 0.0123953 0)
(0.00444093 0.0235806 0)
(0.00181899 0.0329071 0)
(9.13968e-05 0.0259729 0)
(0.000370206 -0.0126922 0)
(0.00208953 -0.0205305 0)
(0.0036001 -0.019339 0)
(0.00467527 -0.0149566 0)
(0.00529991 -0.0104315 0)
(0.00562155 -0.00696406 0)
(0.00578138 -0.00477098 0)
(0.00586079 -0.00364659 0)
(0.0058914 -0.00327219 0)
(0.00588048 -0.00335231 0)
(0.00582825 -0.00363791 0)
(0.00573068 -0.00387338 0)
(0.00556868 -0.00369235 0)
(0.00528963 -0.00249743 0)
(0.00478506 0.000593322 0)
(0.00395401 0.00654828 0)
(0.00275846 0.0159128 0)
(0.00133838 0.0275842 0)
(0.00010989 0.036032 0)
(-0.000168788 0.0266948 0)
(0.000292822 -0.0147783 0)
(0.00130278 -0.0231062 0)
(0.00180604 -0.0210708 0)
(0.00186372 -0.0157793 0)
(0.00165347 -0.0106731 0)
(0.00136098 -0.00693303 0)
(0.00108501 -0.00464094 0)
(0.000847652 -0.00347829 0)
(0.000636922 -0.00307147 0)
(0.000438356 -0.00311439 0)
(0.000244441 -0.00336012 0)
(4.76988e-05 -0.00353835 0)
(-0.000171799 -0.00323584 0)
(-0.000450751 -0.0017884 0)
(-0.000838983 0.0017171 0)
(-0.00131371 0.00814645 0)
(-0.00175685 0.0177577 0)
(-0.00191841 0.0289908 0)
(-0.00152235 0.0361278 0)
(-0.000366581 0.0256573 0)
(0.000161676 -0.0158524 0)
(5.66574e-05 -0.0235489 0)
(-0.000830567 -0.0204325 0)
(-0.00201508 -0.0145513 0)
(-0.00315498 -0.00936718 0)
(-0.00409647 -0.00580105 0)
(-0.00482647 -0.0037245 0)
(-0.00539312 -0.00272906 0)
(-0.00584959 -0.00243323 0)
(-0.00623324 -0.0025504 0)
(-0.00656793 -0.00284305 0)
(-0.00687357 -0.00302836 0)
(-0.00716765 -0.00267735 0)
(-0.00744554 -0.00115112 0)
(-0.00763892 0.00234421 0)
(-0.00756145 0.00847905 0)
(-0.00694586 0.0172971 0)
(-0.00552652 0.027173 0)
(-0.00331016 0.0328973 0)
(-0.000611262 0.0227658 0)
(-0.000147531 -0.0151787 0)
(-0.00199164 -0.020807 0)
(-0.0046214 -0.016731 0)
(-0.00716527 -0.0109842 0)
(-0.00919393 -0.00643521 0)
(-0.0106728 -0.00355994 0)
(-0.0117246 -0.0020358 0)
(-0.0124905 -0.00142745 0)
(-0.0130815 -0.00138788 0)
(-0.0135753 -0.00167009 0)
(-0.0140218 -0.00206688 0)
(-0.0144423 -0.0023261 0)
(-0.014818 -0.00208269 0)
(-0.0150581 -0.000832136 0)
(-0.014948 0.00201272 0)
(-0.0141644 0.00693935 0)
(-0.0123377 0.0139297 0)
(-0.00923659 0.0216505 0)
(-0.00515557 0.0260063 0)
(-0.000877472 0.0179051 0)
(-0.000760097 -0.0116358 0)
(-0.00493486 -0.0139593 0)
(-0.00925808 -0.00976186 0)
(-0.0126786 -0.00532985 0)
(-0.0149205 -0.00233222 0)
(-0.0162554 -0.000730206 0)
(-0.0170404 -9.23514e-05 0)
(-0.0175486 -2.88672e-05 0)
(-0.0179474 -0.000283764 0)
(-0.0183421 -0.00069909 0)
(-0.0187907 -0.00115078 0)
(-0.0192952 -0.00149322 0)
(-0.0197894 -0.00151615 0)
(-0.0201081 -0.00092712 0)
(-0.0199478 0.000631642 0)
(-0.0188509 0.00351126 0)
(-0.0163354 0.00777224 0)
(-0.0121309 0.0126614 0)
(-0.00668074 0.0156986 0)
(-0.00113729 0.0111584 0)
(-0.00185264 -0.00396255 0)
(-0.00667196 -0.00363162 0)
(-0.0102958 -0.00183046 0)
(-0.0123607 -0.000495497 0)
(-0.0132002 0.000176458 0)
(-0.0133843 0.000408678 0)
(-0.0133067 0.000404408 0)
(-0.0131828 0.000296455 0)
(-0.0131371 0.000146842 0)
(-0.0132305 -2.1826e-05 0)
(-0.013487 -0.000196069 0)
(-0.0139032 -0.000361296 0)
(-0.0144261 -0.000488143 0)
(-0.0149276 -0.000521279 0)
(-0.0151686 -0.000366768 0)
(-0.0147924 0.000123367 0)
(-0.013317 0.00107912 0)
(-0.0103425 0.00245149 0)
(-0.00607795 0.00367392 0)
(-0.00145459 0.00312638 0)
)
;

boundaryField
{
    leftWall
    {
        type            fixedValue;
        value           uniform (0 0 0);
    }
    rightWall
    {
        type            fixedValue;
        value           uniform (0 0 0);
    }
    topWall
    {
        type            fixedValue;
        value           uniform (0 0 0);
    }
    bottomWall
    {
        type            fixedValue;
        value           uniform (0 0 0);
    }
    frontAndBackPlanes
    {
        type            empty;
    }
}


// ************************************************************************* //
