/*--------------------------------*- C++ -*----------------------------------*\
| =========                 |                                                 |
| \\      /  F ield         | OpenFOAM: The Open Source CFD Toolbox           |
|  \\    /   O peration     | Version:  2506                                  |
|   \\  /    A nd           | Website:  www.openfoam.com                      |
|    \\/     M anipulation  |                                                 |
\*---------------------------------------------------------------------------*/
FoamFile
{
    version     2.0;
    format      ascii;
    arch        "LSB;label=32;scalar=64";
    class       surfaceScalarField;
    location    "72.8";
    object      phi;
}
// * * * * * * * * * * * * * * * * * * * * * * * * * * * * * * * * * * * * * //

dimensions      [1 0 -1 0 0 0 0];

oriented        oriented;

internalField   nonuniform List<scalar> 
370
(
0.0001247
-0.000187105
0.000433065
-0.000308286
0.00073421
-0.00030103
0.000978332
-0.000243982
0.00115895
-0.000180467
0.00129148
-0.000132361
0.00139852
-0.000106873
0.00150211
-0.000103406
0.00162079
-0.000118499
0.00176944
-0.000148462
0.00195986
-0.000190225
0.00220058
-0.000240527
0.00249407
-0.000293278
0.00282939
-0.000335107
0.0031676
-0.000338001
0.00341606
-0.000248233
0.00338139
3.48892e-05
0.00284326
0.000538353
0.00156617
0.00127729
0.00156628
0.000277429
-0.00046449
0.000782785
-0.000813518
0.00130788
-0.000825943
0.00175837
-0.000694263
0.0021128
-0.000534675
0.00238522
-0.00040455
0.0026026
-0.000324016
0.00279265
-0.000293217
0.00297817
-0.000303786
0.00317508
-0.000345126
0.00339155
-0.000406446
0.00362633
-0.00047506
0.00386435
-0.000531033
0.0040677
-0.000538196
0.00416252
-0.000432558
0.00402849
-0.000113932
0.00352066
0.000542988
0.00247091
0.00158837
0.0010127
0.00273574
0.0025791
0.000323553
-0.000787977
0.000880197
-0.00136998
0.00144425
-0.00138974
0.00192075
-0.00117047
0.00229069
-0.000904298
0.00256968
-0.000683221
0.00278376
-0.000537777
0.00295743
-0.000466573
0.00310894
-0.000454978
0.00324909
-0.000484959
0.003381
-0.000538036
0.00349877
-0.000592498
0.00358355
-0.000615485
0.00359686
-0.000551183
0.00347412
-0.000309476
0.00312712
0.000233399
0.00248377
0.00118666
0.0015479
0.00252455
0.000539034
0.00374486
0.00311826
0.000321784
-0.00110968
0.000845905
-0.00189388
0.00134562
-0.00188914
0.00174115
-0.00156563
0.00202779
-0.00119055
0.00222867
-0.000883709
0.00237051
-0.000679225
0.00247407
-0.000569754
0.00255244
-0.000532964
0.00261224
-0.000544384
0.00265496
-0.000580378
0.00267636
-0.000613516
0.00266311
-0.000601851
0.00258728
-0.000474962
0.00240334
-0.000125153
0.00205785
0.000579281
0.0015245
0.00172039
0.000853681
0.00319571
0.00023962
0.0043592
0.003358
0.000288633
-0.00139822
0.000711971
-0.00231696
0.00106943
-0.00224623
0.00131337
-0.00180916
0.00146124
-0.00133798
0.00154478
-0.000966813
0.00158946
-0.000723482
0.00161043
-0.000590304
0.00161513
-0.000537246
0.001607
-0.000535835
0.0015874
-0.000560365
0.00155475
-0.00058045
0.00150116
-0.000547843
0.00140827
-0.00038165
0.00124434
3.9214e-05
0.00098414
0.000839904
0.000631313
0.00207363
0.000258473
0.00356892
1.36471e-05
0.00460432
0.00337177
0.000215686
-0.0016138
0.000458798
-0.00255978
0.000593003
-0.00238003
0.000624408
-0.00184012
0.000595704
-0.00130882
0.000541674
-0.000912334
0.000480254
-0.000661621
0.000417544
-0.000527162
0.000354788
-0.000474064
0.000292514
-0.000473136
0.000230912
-0.000498338
0.000167571
-0.000516681
9.48707e-05
-0.000474709
7.423e-07
-0.000287078
-0.000121061
0.000161472
-0.000259753
0.000979053
-0.000373279
0.00218759
-0.00038406
0.00358009
-0.000227171
0.00444772
0.00314472
7.33764e-05
-0.00168706
2.01207e-05
-0.00250621
-0.000161826
-0.00219766
-0.000398774
-0.00160271
-0.000631885
-0.00107526
-0.000835993
-0.000707783
-0.00100838
-0.000488801
-0.00115493
-0.00038019
-0.00128201
-0.000346561
-0.00139423
-0.000360495
-0.00149546
-0.000396695
-0.00159002
-0.000421703
-0.00168091
-0.000383386
-0.00176261
-0.000204939
-0.00180741
0.000206718
-0.0017584
0.000930486
-0.00154232
0.00197193
-0.00110116
0.0031393
-0.000479285
0.00382612
0.00266554
-0.000184211
-0.00150271
-0.000669585
-0.0020205
-0.00124947
-0.00161735
-0.00177878
-0.00107295
-0.00220684
-0.00064676
-0.00253659
-0.0003776
-0.00279039
-0.000234584
-0.0029922
-0.000177969
-0.00316126
-0.000177105
-0.00331114
-0.000210215
-0.00345008
-0.000257356
-0.00357878
-0.000292615
-0.00368434
-0.000277437
-0.00373096
-0.000157923
-0.00365295
0.000129108
-0.00336065
0.000638577
-0.00276758
0.00137923
-0.00184586
0.00221791
-0.000745138
0.00272564
0.00192051
-0.000579149
-0.000923409
-0.001577
-0.0010223
-0.00250131
-0.000692613
-0.00319273
-0.00038108
-0.00366259
-0.000176474
-0.00397177
-6.80124e-05
-0.00418167
-2.42967e-05
-0.00434056
-1.86969e-05
-0.00448136
-3.59486e-05
-0.0046239
-6.73272e-05
-0.00477671
-0.000104199
-0.00493326
-0.000135729
-0.00506442
-0.000145956
-0.00511007
-0.00011195
-0.00498271
2.06136e-06
-0.00455403
0.000210201
-0.00371923
0.000544723
-0.00245378
0.000952729
-0.000970782
0.00124283
0.000949809
-0.000923246
-0.00194519
-0.00263738
-0.00301803
-0.00319409
-0.00326172
-0.00328564
-0.00330399
-0.00333961
-0.00340663
-0.00351054
-0.00364599
-0.00379169
-0.00390339
-0.0039011
-0.00369068
-0.00314575
-0.00219284
-0.000949869
)
;

boundaryField
{
    leftWall
    {
        type            calculated;
        value           nonuniform List<scalar> 10(0 0 0 -5.42101e-20 1.0842e-19 0 0 -4.33681e-19 4.33681e-19 0);
    }
    rightWall
    {
        type            calculated;
        value           nonuniform List<scalar> 10(0 0 0 4.33681e-19 0 0 0 0 0 0);
    }
    topWall
    {
        type            calculated;
        value           uniform 0;
    }
    bottomWall
    {
        type            calculated;
        value           uniform 0;
    }
    frontAndBackPlanes
    {
        type            empty;
    }
}


// ************************************************************************* //
