/*--------------------------------*- C++ -*----------------------------------*\
| =========                 |                                                 |
| \\      /  F ield         | OpenFOAM: The Open Source CFD Toolbox           |
|  \\    /   O peration     | Version:  2506                                  |
|   \\  /    A nd           | Website:  www.openfoam.com                      |
|    \\/     M anipulation  |                                                 |
\*---------------------------------------------------------------------------*/
FoamFile
{
    version     2.0;
    format      ascii;
    arch        "LSB;label=32;scalar=64";
    class       volVectorField;
    location    "48.2";
    object      U;
}
// * * * * * * * * * * * * * * * * * * * * * * * * * * * * * * * * * * * * * //

dimensions      [0 1 -1 0 0 0 0];

internalField   nonuniform List<vector> 
200
(
(-0.000144794 -0.000260667 0)
(0.000275734 -0.000415831 0)
(0.00116091 -0.000426083 0)
(0.00211371 -0.000400036 0)
(0.00298129 -0.000349591 0)
(0.00376145 -0.000302281 0)
(0.00446813 -0.000281991 0)
(0.00514116 -0.000300987 0)
(0.005836 -0.000364959 0)
(0.00661322 -0.000477216 0)
(0.00753158 -0.000639843 0)
(0.00864105 -0.000851476 0)
(0.00997057 -0.00110052 0)
(0.0115047 -0.00135146 0)
(0.0131385 -0.00152089 0)
(0.0145819 -0.00143097 0)
(0.0152069 -0.000718243 0)
(0.0140612 0.00121733 0)
(0.0101463 0.00453341 0)
(0.00307432 0.00648771 0)
(0.000142104 -0.00131662 0)
(0.00128332 -0.00271202 0)
(0.00293145 -0.0032615 0)
(0.00471229 -0.00328387 0)
(0.00638703 -0.00303855 0)
(0.00787868 -0.00274153 0)
(0.0091984 -0.00253159 0)
(0.0103986 -0.00248155 0)
(0.0115459 -0.00261904 0)
(0.0127038 -0.00294166 0)
(0.013919 -0.00342086 0)
(0.0152068 -0.00399162 0)
(0.0165297 -0.00452507 0)
(0.017765 -0.00478084 0)
(0.0186602 -0.00433769 0)
(0.0187851 -0.00250786 0)
(0.0174827 0.00170488 0)
(0.013993 0.00909558 0)
(0.00824406 0.018145 0)
(0.0014389 0.0188652 0)
(0.000242294 -0.00297217 0)
(0.00182074 -0.0061166 0)
(0.00386399 -0.007265 0)
(0.00596256 -0.0071951 0)
(0.00783956 -0.00656181 0)
(0.00942485 -0.00581886 0)
(0.0107512 -0.00522957 0)
(0.0118854 -0.0049155 0)
(0.0128957 -0.0049049 0)
(0.0138356 -0.00516432 0)
(0.0147339 -0.00560694 0)
(0.0155835 -0.00607514 0)
(0.0163237 -0.00629641 0)
(0.016814 -0.00581778 0)
(0.0168031 -0.00393718 0)
(0.0158984 0.000315271 0)
(0.0136668 0.00791685 0)
(0.00990617 0.0189037 0)
(0.00509259 0.029703 0)
(0.000656386 0.0261287 0)
(0.000292069 -0.00510828 0)
(0.00206478 -0.0101343 0)
(0.0041731 -0.0116503 0)
(0.0061783 -0.0111905 0)
(0.00782218 -0.00990927 0)
(0.00908214 -0.00853069 0)
(0.0100341 -0.00743091 0)
(0.0107705 -0.00675282 0)
(0.0113676 -0.00650019 0)
(0.0118768 -0.00659399 0)
(0.0123228 -0.00688752 0)
(0.0126999 -0.00714109 0)
(0.0129602 -0.00696138 0)
(0.012993 -0.00572408 0)
(0.0126028 -0.00252795 0)
(0.0114805 0.00371408 0)
(0.0094001 0.0137339 0)
(0.00633845 0.0268225 0)
(0.00286228 0.0377472 0)
(0.000257236 0.0301497 0)
(0.000320526 -0.00741354 0)
(0.00205019 -0.0141247 0)
(0.00388067 -0.015641 0)
(0.00542177 -0.0144669 0)
(0.00649748 -0.0123356 0)
(0.00716374 -0.0102374 0)
(0.00754752 -0.00862042 0)
(0.00776248 -0.00760588 0)
(0.00788621 -0.00714481 0)
(0.00796366 -0.00710413 0)
(0.00801536 -0.00728612 0)
(0.00803949 -0.00739028 0)
(0.00800436 -0.00693276 0)
(0.00783417 -0.00515727 0)
(0.00739379 -0.00101412 0)
(0.00646157 0.0066251 0)
(0.00494318 0.0182195 0)
(0.00293167 0.0323397 0)
(0.000944364 0.0426032 0)
(-4.45599e-05 0.0319157 0)
(0.00030861 -0.00959601 0)
(0.0016735 -0.0174574 0)
(0.00280997 -0.0185063 0)
(0.00349215 -0.0163655 0)
(0.00370187 -0.0133406 0)
(0.00358879 -0.0106165 0)
(0.00331236 -0.00863464 0)
(0.00297996 -0.00744132 0)
(0.00264789 -0.00691302 0)
(0.0023405 -0.00686372 0)
(0.00206399 -0.00705664 0)
(0.00180848 -0.00714616 0)
(0.00154309 -0.00657984 0)
(0.00121402 -0.00450833 0)
(0.000748512 0.000201714 0)
(0.00010986 0.00863293 0)
(-0.000595303 0.0209348 0)
(-0.00113269 0.0350155 0)
(-0.00116824 0.0440068 0)
(-0.000337071 0.0315378 0)
(0.000219925 -0.0111777 0)
(0.000718239 -0.0192083 0)
(0.000610452 -0.0193099 0)
(-9.21997e-06 -0.0161556 0)
(-0.000927112 -0.0124502 0)
(-0.00193053 -0.00941887 0)
(-0.00289488 -0.00738055 0)
(-0.0037687 -0.00625709 0)
(-0.00454455 -0.00584561 0)
(-0.00523346 -0.00591801 0)
(-0.00585363 -0.00620806 0)
(-0.00642797 -0.00633709 0)
(-0.00697846 -0.00572259 0)
(-0.007503 -0.00352624 0)
(-0.00793206 0.00126256 0)
(-0.00802911 0.00944378 0)
(-0.00747882 0.0209247 0)
(-0.00600502 0.0335884 0)
(-0.00363932 0.0410228 0)
(-0.000693312 0.02865 0)
(-1.8899e-05 -0.0113123 0)
(-0.00110556 -0.0180204 0)
(-0.00306146 -0.0168585 0)
(-0.00530318 -0.0131076 0)
(-0.00741482 -0.0093745 0)
(-0.00923527 -0.00660196 0)
(-0.0107591 -0.00490609 0)
(-0.0120438 -0.00410188 0)
(-0.0131605 -0.00394746 0)
(-0.0141727 -0.00420847 0)
(-0.0151272 -0.00462699 0)
(-0.0160427 -0.00485367 0)
(-0.0168871 -0.00438527 0)
(-0.0175361 -0.00255064 0)
(-0.0177118 0.00139766 0)
(-0.0169647 0.00802109 0)
(-0.0148612 0.0172243 0)
(-0.0111577 0.0272807 0)
(-0.00625192 0.0330531 0)
(-0.00108113 0.0229657 0)
(-0.000528836 -0.00888867 0)
(-0.00381238 -0.0126689 0)
(-0.00772381 -0.0106529 0)
(-0.0112791 -0.00734344 0)
(-0.0140285 -0.00454943 0)
(-0.0160283 -0.0027246 0)
(-0.017498 -0.00177998 0)
(-0.0186566 -0.00148742 0)
(-0.0196773 -0.00163298 0)
(-0.0206817 -0.00204 0)
(-0.0217376 -0.00253535 0)
(-0.0228461 -0.00290029 0)
(-0.0239114 -0.00283204 0)
(-0.0247032 -0.00193494 0)
(-0.0248154 0.000245106 0)
(-0.0236314 0.00412648 0)
(-0.0205719 0.0097814 0)
(-0.0153254 0.0162275 0)
(-0.00847688 0.0202924 0)
(-0.00146031 0.0145571 0)
(-0.00135758 -0.00295114 0)
(-0.00532272 -0.00335364 0)
(-0.00899418 -0.00225067 0)
(-0.0116493 -0.0011385 0)
(-0.0132251 -0.00040367 0)
(-0.0140665 -2.27018e-05 0)
(-0.0145191 0.000111283 0)
(-0.0148299 9.0839e-05 0)
(-0.0151604 -2.33533e-05 0)
(-0.0156137 -0.000195742 0)
(-0.0162469 -0.000401643 0)
(-0.0170648 -0.000610898 0)
(-0.0180004 -0.000773587 0)
(-0.0188818 -0.000809095 0)
(-0.01939 -0.000592774 0)
(-0.0190538 6.43427e-05 0)
(-0.0172473 0.00135578 0)
(-0.0134579 0.00321067 0)
(-0.00795716 0.00486473 0)
(-0.00192842 0.00416253 0)
)
;

boundaryField
{
    leftWall
    {
        type            fixedValue;
        value           uniform (0 0 0);
    }
    rightWall
    {
        type            fixedValue;
        value           uniform (0 0 0);
    }
    topWall
    {
        type            fixedValue;
        value           uniform (0 0 0);
    }
    bottomWall
    {
        type            fixedValue;
        value           uniform (0 0 0);
    }
    frontAndBackPlanes
    {
        type            empty;
    }
}


// ************************************************************************* //
