/*--------------------------------*- C++ -*----------------------------------*\
| =========                 |                                                 |
| \\      /  F ield         | OpenFOAM: The Open Source CFD Toolbox           |
|  \\    /   O peration     | Version:  2506                                  |
|   \\  /    A nd           | Website:  www.openfoam.com                      |
|    \\/     M anipulation  |                                                 |
\*---------------------------------------------------------------------------*/
FoamFile
{
    version     2.0;
    format      ascii;
    arch        "LSB;label=32;scalar=64";
    class       surfaceScalarField;
    location    "96.4";
    object      phi;
}
// * * * * * * * * * * * * * * * * * * * * * * * * * * * * * * * * * * * * * //

dimensions      [1 0 -1 0 0 0 0];

oriented        oriented;

internalField   nonuniform List<scalar> 
370
(
0.000233869
-0.000280528
0.000662506
-0.00042856
0.0010478
-0.000385182
0.00132715
-0.000279213
0.00150339
-0.000176084
0.00160659
-0.000103028
0.00167215
-6.53884e-05
0.00173075
-5.84132e-05
0.00180553
-7.45807e-05
0.00191276
-0.000107027
0.00206362
-0.000150657
0.00226519
-0.000201352
0.00251886
-0.00025346
0.00281388
-0.000294796
0.00311309
-0.000298975
0.00332709
-0.000213765
0.00327381
5.35138e-05
0.00273626
0.00053778
0.00149636
0.00124011
0.00149647
0.000372013
-0.000652501
0.00101205
-0.00106848
0.00163943
-0.00101241
0.00214077
-0.000780365
0.00249972
-0.00053484
0.00274381
-0.000346917
0.00291369
-0.000235052
0.00304751
-0.000192022
0.0031745
-0.000201355
0.00331357
-0.000245876
0.00347372
-0.000310586
0.0036537
-0.000381102
0.00383861
-0.000438131
0.00399216
-0.000448108
0.00404439
-0.000350959
0.00388249
-5.16177e-05
0.00336625
0.000570003
0.00234628
0.001558
0.000953955
0.00263265
0.00245053
0.00038468
-0.00103713
0.00102262
-0.00170628
0.00164211
-0.0016317
0.0021385
-0.00127651
0.00249869
-0.000894789
0.00274836
-0.000596329
0.00292252
-0.000408956
0.00305196
-0.000321209
0.00315855
-0.000307685
0.00325471
-0.000341781
0.00334402
-0.000399637
0.00342065
-0.000457463
0.0034662
-0.000483424
0.00344406
-0.000425696
0.00329438
-0.000201012
0.00293664
0.000306397
0.00231025
0.00119667
0.00142357
0.00244494
0.000486714
0.00356973
0.00293735
0.00034957
-0.00138664
0.000896204
-0.00225274
0.00139471
-0.00212997
0.00176924
-0.00165076
0.00202483
-0.00115009
0.00219268
-0.000763886
0.00230393
-0.000519915
0.00238075
-0.000397741
0.00243586
-0.00036251
0.00247493
-0.000380558
0.0024985
-0.00042292
0.00250174
-0.000460422
0.00247133
-0.000452718
0.00238054
-0.000334613
0.00218834
-8.51518e-06
0.00185062
0.000644409
0.00134916
0.00169842
0.000736552
0.00305783
0.000194441
0.00411207
0.00313189
0.000287367
-0.00167393
0.000682579
-0.00264776
0.000991968
-0.0024391
0.00118453
-0.00184302
0.00128966
-0.00125491
0.00134383
-0.000817747
0.00137181
-0.000547592
0.00138543
-0.000411057
0.00138844
-0.000365213
0.00138137
-0.00037319
0.00136378
-0.000405037
0.00133317
-0.000429512
0.00128129
-0.000400533
0.00119045
-0.000243467
0.00103362
0.000148629
0.00079385
0.000884496
0.000479737
0.00201284
0.00016363
0.00337422
-2.06403e-05
0.00429656
0.00311134
0.000193032
-0.00186689
0.000370964
-0.00282549
0.000429775
-0.00249763
0.00040007
-0.001813
0.000334065
-0.00118858
0.000265059
-0.000748427
0.000204783
-0.000487009
0.000152779
-0.000358752
0.000105295
-0.00031743
5.97103e-05
-0.000327308
1.45487e-05
-0.000359578
-3.30754e-05
-0.00038159
-8.98834e-05
-0.000343423
-0.000165596
-0.000167444
-0.000264953
0.000248306
-0.000375225
0.000995091
-0.000453639
0.00209157
-0.000425816
0.00334669
-0.000236622
0.00410759
0.0028748
3.32997e-05
-0.0019001
-9.86663e-05
-0.00269329
-0.000357131
-0.00223887
-0.000642697
-0.00152713
-0.000893452
-0.000937521
-0.00109183
-0.000549744
-0.00124445
-0.000334096
-0.00136442
-0.000238488
-0.00146265
-0.000218912
-0.00154615
-0.000243516
-0.00161971
-0.00028573
-0.00168739
-0.000313622
-0.00175088
-0.000279632
-0.00180298
-0.000115049
-0.00181535
0.000260981
-0.00173855
0.000918603
-0.00150585
0.00185916
-0.00106405
0.00290516
-0.000458389
0.00350212
0.00241649
-0.000232369
-0.00166764
-0.000796391
-0.00212904
-0.0014309
-0.00160407
-0.00197816
-0.000979565
-0.00239364
-0.000521736
-0.00269168
-0.000251412
-0.00290502
-0.000120473
-0.00306338
-7.98473e-05
-0.00318913
-9.28941e-05
-0.00329752
-0.00013485
-0.00339673
-0.000186258
-0.00348681
-0.000223266
-0.00355474
-0.000211442
-0.00356631
-0.000103204
-0.00346177
0.000156707
-0.0031612
0.000618298
-0.00258722
0.00128544
-0.00171626
0.00203444
-0.000689043
0.00247507
0.00172752
-0.000643927
-0.00102361
-0.00171197
-0.00106076
-0.00265419
-0.00066156
-0.00331707
-0.000316382
-0.00373237
-0.000106149
-0.00397496
-8.54307e-06
-0.00412478
2.96161e-05
-0.00422835
2.39786e-05
-0.00431733
-3.66805e-06
-0.00441359
-3.83555e-05
-0.00452253
-7.70863e-05
-0.00463685
-0.00010872
-0.0047289
-0.00011917
-0.00474354
-8.83457e-05
-0.00459969
1.30708e-05
-0.0041846
0.00020341
-0.00340302
0.000504066
-0.00223576
0.00086735
-0.000880529
0.00111997
0.00084705
-0.00102349
-0.002084
-0.00274527
-0.00306137
-0.00316724
-0.00317551
-0.00314565
-0.00312143
-0.00312488
-0.00316302
-0.00323991
-0.00334844
-0.00346744
-0.00355562
-0.00354239
-0.00333883
-0.00283463
-0.00196716
-0.00084709
)
;

boundaryField
{
    leftWall
    {
        type            calculated;
        value           nonuniform List<scalar> 10(0 0 0 0 0 -2.1684e-19 0 0 0 0);
    }
    rightWall
    {
        type            calculated;
        value           uniform 0;
    }
    topWall
    {
        type            calculated;
        value           uniform 0;
    }
    bottomWall
    {
        type            calculated;
        value           uniform 0;
    }
    frontAndBackPlanes
    {
        type            empty;
    }
}


// ************************************************************************* //
