/*--------------------------------*- C++ -*----------------------------------*\
| =========                 |                                                 |
| \\      /  F ield         | OpenFOAM: The Open Source CFD Toolbox           |
|  \\    /   O peration     | Version:  2506                                  |
|   \\  /    A nd           | Website:  www.openfoam.com                      |
|    \\/     M anipulation  |                                                 |
\*---------------------------------------------------------------------------*/
FoamFile
{
    version     2.0;
    format      ascii;
    arch        "LSB;label=32;scalar=64";
    class       surfaceScalarField;
    location    "7.2";
    object      phi;
}
// * * * * * * * * * * * * * * * * * * * * * * * * * * * * * * * * * * * * * //

dimensions      [1 0 -1 0 0 0 0];

oriented        oriented;

internalField   nonuniform List<scalar> 
370
(
-0.000105081
-3.34279e-05
-5.20884e-05
-5.30057e-05
1.33922e-05
-6.55007e-05
9.59857e-05
-8.26183e-05
0.000194296
-9.83374e-05
0.000308724
-0.000114456
0.000441674
-0.000132979
0.000597009
-0.000155364
0.000779788
-0.000182809
0.000996017
-0.00021626
0.00125204
-0.000256055
0.00155313
-0.00030112
0.00190056
-0.000347457
0.00228548
-0.000384944
0.00267708
-0.00039159
0.0030009
-0.000323714
0.00309416
-9.28647e-05
0.00271426
0.000380848
0.00157746
0.00113841
0.00157877
-1.03863e-05
-2.30297e-05
2.17559e-05
-8.51304e-05
9.93288e-05
-0.000143066
0.00021223
-0.000195523
0.000356647
-0.000242764
0.000530589
-0.00028841
0.000734083
-0.000336486
0.000968753
-0.000390048
0.00123692
-0.000450986
0.00154035
-0.000519708
0.00187842
-0.000594138
0.002245
-0.000667719
0.00262343
-0.000725897
0.00297877
-0.00074029
0.00324672
-0.000659516
0.00332001
-0.000396866
0.00305312
0.000174438
0.00226234
0.00117265
0.000981633
0.00242085
0.00256178
1.19751e-06
-2.41975e-05
3.25465e-05
-0.000116431
0.000103321
-0.000213809
0.000208698
-0.000300887
0.000343851
-0.000377916
0.000505968
-0.00045053
0.00069379
-0.000524314
0.000906859
-0.000603123
0.00114449
-0.000688627
0.00140443
-0.000779648
0.00168089
-0.000870608
0.00196183
-0.00094867
0.00222505
-0.000989122
0.00243328
-0.000948506
0.0025293
-0.000755494
0.00243519
-0.000302567
0.00206532
0.00054488
0.00138412
0.00185522
0.000531147
0.00327606
0.00309463
-3.56965e-06
-2.05815e-05
1.49289e-05
-0.000134851
6.23756e-05
-0.000261202
0.000136427
-0.000374915
0.000233058
-0.000474541
0.000349345
-0.000566817
0.000483644
-0.000658615
0.000634952
-0.000754434
0.000802012
-0.000855691
0.000982188
-0.000959827
0.00116996
-0.00105838
0.00135489
-0.00113361
0.00151912
-0.00115335
0.00163461
-0.00106399
0.00166176
-0.000782572
0.00155253
-0.00019309
0.00126556
0.00083262
0.000802914
0.00231967
0.000282594
0.00379925
0.00337932
-1.30273e-05
-7.49186e-06
-1.75733e-05
-0.0001302
-3.99199e-06
-0.00027471
2.67555e-05
-0.00040563
7.13499e-05
-0.000519124
0.000127224
-0.000622688
0.000193211
-0.000724601
0.000269178
-0.000830401
0.000355376
-0.00094189
0.000451617
-0.00105607
0.000556173
-0.00116294
0.000664242
-0.00124168
0.000765934
-0.00125504
0.000844045
-0.00114208
0.000872649
-0.00081109
0.000820886
-0.000141009
0.000664277
0.000990192
0.00040953
0.00257664
0.000133861
0.0040784
0.00351565
-2.37446e-05
1.63302e-05
-5.42666e-05
-9.95473e-05
-7.84045e-05
-0.000250482
-9.61451e-05
-0.000387847
-0.000110423
-0.00050483
-0.000123199
-0.000609906
-0.000134643
-0.000713154
-0.000143259
-0.000821781
-0.000146229
-0.000938917
-0.000139829
-0.00106247
-0.000120108
-0.00118265
-8.41148e-05
-0.00127767
-3.19999e-05
-0.00130714
3.011e-05
-0.00120416
8.79825e-05
-0.000868839
0.000120181
-0.000172795
0.0001084
0.00100316
5.80485e-05
0.00262967
8.29339e-06
0.00413225
0.00352675
-3.16066e-05
4.80288e-05
-8.26412e-05
-4.8357e-05
-0.000140619
-0.000192396
-0.000206087
-0.000322328
-0.000281791
-0.000429106
-0.000368992
-0.000522696
-0.000466892
-0.000615248
-0.000572724
-0.000715943
-0.000681677
-0.000829958
-0.000786605
-0.00095753
-0.000877821
-0.00109143
-0.00094345
-0.00121203
-0.000971031
-0.00127954
-0.000950817
-0.00122429
-0.000880029
-0.000939359
-0.000764367
-0.000287737
-0.000609397
0.000849906
-0.000409352
0.00243296
-0.00017026
0.00389785
0.00335956
-2.74817e-05
7.56175e-05
-8.03449e-05
4.6879e-06
-0.000157977
-0.000114637
-0.000262279
-0.000217966
-0.000394774
-0.000296585
-0.00055504
-0.000362418
-0.00074177
-0.000428508
-0.000952986
-0.000504716
-0.0011853
-0.000597634
-0.00143245
-0.000710362
-0.00168338
-0.000840482
-0.00192019
-0.000975191
-0.00211677
-0.00108287
-0.00223921
-0.0011016
-0.0022484
-0.000929509
-0.00210371
-0.000430949
-0.00176516
0.000514153
-0.00120341
0.00187565
-0.000492557
0.00319239
0.00287029
6.05826e-06
6.96849e-05
-1.48135e-05
2.57727e-05
-8.54029e-05
-4.38963e-05
-0.00020756
-9.57331e-05
-0.000374378
-0.000129733
-0.000580509
-0.000156266
-0.000824879
-0.00018412
-0.00111003
-0.000219542
-0.00144043
-0.00026722
-0.00182003
-0.000330735
-0.00224868
-0.000411793
-0.00271684
-0.00050696
-0.00319752
-0.000601985
-0.00363569
-0.000662847
-0.0039371
-0.000626621
-0.00396389
-0.000401188
-0.00355645
0.000111434
-0.00254909
0.000874405
-0.00108666
0.00173624
0.00178724
6.98308e-05
9.58592e-05
5.21564e-05
-4.34704e-05
-0.000173145
-0.000329372
-0.000513457
-0.000732964
-0.00100015
-0.00133084
-0.00174258
-0.00224945
-0.00285115
-0.00351316
-0.00413764
-0.00453458
-0.00441665
-0.00353454
-0.00179121
)
;

boundaryField
{
    leftWall
    {
        type            calculated;
        value           nonuniform List<scalar> 10(-5.29396e-23 0 0 0 0 0 0 0 0 0);
    }
    rightWall
    {
        type            calculated;
        value           nonuniform List<scalar> 10(0 0 0 0 8.67362e-19 -8.67362e-19 -8.67362e-19 0 0 0);
    }
    topWall
    {
        type            calculated;
        value           uniform 0;
    }
    bottomWall
    {
        type            calculated;
        value           uniform 0;
    }
    frontAndBackPlanes
    {
        type            empty;
    }
}


// ************************************************************************* //
