/*--------------------------------*- C++ -*----------------------------------*\
| =========                 |                                                 |
| \\      /  F ield         | OpenFOAM: The Open Source CFD Toolbox           |
|  \\    /   O peration     | Version:  2506                                  |
|   \\  /    A nd           | Website:  www.openfoam.com                      |
|    \\/     M anipulation  |                                                 |
\*---------------------------------------------------------------------------*/
FoamFile
{
    version     2.0;
    format      ascii;
    arch        "LSB;label=32;scalar=64";
    class       surfaceScalarField;
    location    "129.6";
    object      phi;
}
// * * * * * * * * * * * * * * * * * * * * * * * * * * * * * * * * * * * * * //

dimensions      [1 0 -1 0 0 0 0];

oriented        oriented;

internalField   nonuniform List<scalar> 
370
(
0.00035212
-0.0003829
0.000912127
-0.000559953
0.0013927
-0.000480489
0.00171793
-0.000325137
0.00189929
-0.000181248
0.0019808
-8.13994e-05
0.00201031
-2.93809e-05
0.0020268
-1.63518e-05
0.00205803
-3.10819e-05
0.0021225
-6.43182e-05
0.00223135
-0.000108691
0.0023905
-0.00015898
0.00260003
-0.000209367
0.00284839
-0.000248179
0.00309876
-0.000250186
0.00326362
-0.000164677
0.00317577
8.80373e-05
0.00262442
0.000551537
0.00141742
0.00120717
0.0014175
0.000467275
-0.000850146
0.00124566
-0.00133826
0.00198182
-0.00121654
0.00254318
-0.000886379
0.00291764
-0.000555564
0.00314477
-0.00030839
0.00327754
-0.000162007
0.00336397
-0.000102635
0.00343963
-0.000106585
0.00352623
-0.000150757
0.00363373
-0.00021603
0.00376075
-0.000285831
0.00389203
-0.000340478
0.00399179
-0.000347766
0.00399287
-0.000251087
0.00378991
3.84704e-05
0.00324772
0.000630412
0.00224064
0.00155881
0.00090166
0.00254631
0.00231924
0.000440837
-0.00129095
0.00115455
-0.00205187
0.0018272
-0.00188905
0.00234548
-0.0014045
0.00270178
-0.000911703
0.00293066
-0.000537096
0.00307485
-0.000306014
0.00317035
-0.000197961
0.0032419
-0.000177964
0.00330312
-0.0002118
0.00335775
-0.000270481
0.00339969
-0.000327594
0.00341046
-0.00035107
0.00335428
-0.000291397
0.00317415
-7.07737e-05
0.00279891
0.000413903
0.00217805
0.00125146
0.00132588
0.00241116
0.000445571
0.00342677
0.00276489
0.0003702
-0.0016611
0.000929856
-0.00261141
0.00142094
-0.00237998
0.00177279
-0.00175615
0.00199963
-0.00113835
0.00213964
-0.000676913
0.00222728
-0.000393458
0.00228517
-0.000255657
0.00232502
-0.000217621
0.00235113
-0.000237716
0.00236286
-0.000282025
0.00235448
-0.000319019
0.00231225
-0.000308656
0.00221066
-0.000189608
0.00201225
0.00012783
0.00168213
0.00074423
0.00120704
0.00172674
0.00064238
0.00297601
0.000159439
0.00390987
0.00292439
0.000279163
-0.00194022
0.000637207
-0.00296933
0.000893476
-0.00263607
0.00103354
-0.00189602
0.00109728
-0.00120189
0.00112469
-0.000704119
0.00113923
-0.000407798
0.00114897
-0.0002652
0.00115392
-0.000222375
0.00115188
-0.000235481
0.00114066
-0.000270611
0.00111662
-0.00029479
0.00107111
-0.000262947
0.000987566
-0.000105872
0.000843932
0.000271665
0.00062628
0.000962086
0.000349362
0.00200386
8.46535e-05
0.00324091
-4.81402e-05
0.00404281
0.00287631
0.000165269
-0.00210544
0.000272517
-0.00307644
0.000254762
-0.00261814
0.000165063
-0.00180612
6.27592e-05
-0.00109938
-2.16614e-05
-0.000619499
-8.26416e-05
-0.000346623
-0.000126177
-0.000221472
-0.00016021
-0.00018815
-0.000189991
-0.00020551
-0.000218496
-0.000241916
-0.00024918
-0.000263915
-0.000288238
-0.000223697
-0.000343759
-5.01547e-05
-0.000416925
0.000345033
-0.000494294
0.00103966
-0.000533325
0.0020431
-0.000464298
0.00317207
-0.000243206
0.00382186
0.00263316
-9.85846e-06
-0.00209552
-0.000220399
-0.00286576
-0.000553011
-0.00228534
-0.000886381
-0.00147256
-0.00115713
-0.000828434
-0.00135497
-0.000421467
-0.00149466
-0.000206754
-0.00159514
-0.000120799
-0.00167072
-0.000112394
-0.0017304
-0.000145648
-0.00177982
-0.000192306
-0.0018227
-0.000220856
-0.00185917
-0.000187038
-0.00188064
-2.84997e-05
-0.00185829
0.000322875
-0.00174797
0.000929532
-0.00148953
0.00178485
-0.001037
0.00271971
-0.000440006
0.00322499
0.00219321
-0.000278778
-0.00181669
-0.000916865
-0.00222753
-0.00160476
-0.00159726
-0.002173
-0.000904132
-0.00258297
-0.00041828
-0.00285957
-0.000144681
-0.00304274
-2.3413e-05
-0.00316715
3.79451e-06
-0.00325831
-2.10621e-05
-0.00333253
-7.12558e-05
-0.0033982
-0.000126475
-0.00345457
-0.000164317
-0.0034879
-0.000153537
-0.00346439
-5.18423e-05
-0.00332991
0.000188564
-0.00301238
0.000612168
-0.00244382
0.00121645
-0.00160749
0.00188352
-0.000639611
0.00225722
0.00155364
-0.000703262
-0.00111336
-0.00183563
-0.00109501
-0.00279622
-0.000636493
-0.00343702
-0.000263142
-0.00380512
-5.00076e-05
-0.00399987
5.02506e-05
-0.00409913
7.60081e-05
-0.00415585
6.06741e-05
-0.00420339
2.66345e-05
-0.00426035
-1.41471e-05
-0.00433232
-5.4365e-05
-0.00441047
-8.60229e-05
-0.00446764
-9.62305e-05
-0.00445212
-6.72215e-05
-0.00428898
2.55479e-05
-0.00387757
0.000200893
-0.00313363
0.000472629
-0.00204542
0.000795419
-0.000799839
0.00101173
0.000753835
-0.00111328
-0.00220815
-0.00284446
-0.00310743
-0.00315726
-0.00310685
-0.00303069
-0.00296987
-0.00294309
-0.00295711
-0.00301134
-0.00309725
-0.00319337
-0.00326049
-0.00323484
-0.00303385
-0.00256114
-0.00176565
-0.000753859
)
;

boundaryField
{
    leftWall
    {
        type            calculated;
        value           nonuniform List<scalar> 10(0 -2.71051e-20 0 1.0842e-19 0 0 0 0 0 0);
    }
    rightWall
    {
        type            calculated;
        value           nonuniform List<scalar> 10(0 0 0 0 4.33681e-19 4.33681e-19 0 0 0 0);
    }
    topWall
    {
        type            calculated;
        value           uniform 0;
    }
    bottomWall
    {
        type            calculated;
        value           uniform 0;
    }
    frontAndBackPlanes
    {
        type            empty;
    }
}


// ************************************************************************* //
