/*--------------------------------*- C++ -*----------------------------------*\
| =========                 |                                                 |
| \\      /  F ield         | OpenFOAM: The Open Source CFD Toolbox           |
|  \\    /   O peration     | Version:  2506                                  |
|   \\  /    A nd           | Website:  www.openfoam.com                      |
|    \\/     M anipulation  |                                                 |
\*---------------------------------------------------------------------------*/
FoamFile
{
    version     2.0;
    format      ascii;
    arch        "LSB;label=32;scalar=64";
    class       volVectorField;
    location    "135.6";
    object      U;
}
// * * * * * * * * * * * * * * * * * * * * * * * * * * * * * * * * * * * * * //

dimensions      [0 1 -1 0 0 0 0];

internalField   nonuniform List<vector> 
200
(
(0.0005652 -0.00136543 0)
(0.00275265 -0.00172676 0)
(0.00503274 -0.00125999 0)
(0.00681903 -0.000665567 0)
(0.00789337 -0.000210736 0)
(0.00840668 4.96395e-05 0)
(0.00858558 0.000141881 0)
(0.00862934 0.000114525 0)
(0.00868334 1.22337e-05 0)
(0.00884477 -0.000134338 0)
(0.00917467 -0.000311126 0)
(0.00970856 -0.000515076 0)
(0.0104623 -0.000743337 0)
(0.0114217 -0.000975628 0)
(0.0125009 -0.00114353 0)
(0.0134484 -0.00107675 0)
(0.0137186 -0.000429539 0)
(0.0124517 0.00129464 0)
(0.0088078 0.00413859 0)
(0.00262781 0.0055857 0)
(0.000577318 -0.00533504 0)
(0.0036579 -0.00818046 0)
(0.00698557 -0.00723723 0)
(0.00981536 -0.00507207 0)
(0.0118018 -0.00297524 0)
(0.013024 -0.00145739 0)
(0.0137131 -0.000607765 0)
(0.014105 -0.00032562 0)
(0.0143857 -0.000453644 0)
(0.0146783 -0.000845166 0)
(0.0150491 -0.00138738 0)
(0.0155166 -0.00199097 0)
(0.0160495 -0.0025522 0)
(0.0165488 -0.00288727 0)
(0.0168127 -0.00263878 0)
(0.0164847 -0.00117395 0)
(0.0149984 0.00240242 0)
(0.0117555 0.00869885 0)
(0.00676452 0.0161822 0)
(0.00113877 0.0160766 0)
(0.000533171 -0.00928715 0)
(0.00338202 -0.0147375 0)
(0.00639204 -0.0135263 0)
(0.00896036 -0.00998208 0)
(0.010801 -0.00637479 0)
(0.0119881 -0.00363332 0)
(0.0127144 -0.00195534 0)
(0.0131641 -0.00120076 0)
(0.0134717 -0.00111747 0)
(0.0137188 -0.00145419 0)
(0.0139412 -0.00199775 0)
(0.0141348 -0.00255773 0)
(0.0142512 -0.00290858 0)
(0.0141821 -0.00269803 0)
(0.0137364 -0.00134576 0)
(0.0126124 0.00198616 0)
(0.0105453 0.00810938 0)
(0.00740375 0.0170407 0)
(0.00362295 0.0255373 0)
(0.000406733 0.0216084 0)
(0.000458244 -0.0127616 0)
(0.00276208 -0.0202314 0)
(0.00500554 -0.0185716 0)
(0.0067888 -0.0137718 0)
(0.00797785 -0.00892533 0)
(0.00870046 -0.00525079 0)
(0.00913228 -0.00296926 0)
(0.00940377 -0.00186215 0)
(0.00958728 -0.0015809 0)
(0.00971347 -0.00179211 0)
(0.009788 -0.00221725 0)
(0.00979794 -0.00260159 0)
(0.00970538 -0.00263454 0)
(0.00943137 -0.00184534 0)
(0.00883182 0.000473032 0)
(0.00774888 0.00516554 0)
(0.00606079 0.0128803 0)
(0.00381542 0.0230368 0)
(0.00147932 0.0311611 0)
(4.21378e-05 0.0240108 0)
(0.000370036 -0.0155095 0)
(0.00197429 -0.0241178 0)
(0.00323941 -0.0217304 0)
(0.00403161 -0.0158327 0)
(0.00440875 -0.0101226 0)
(0.00455389 -0.00592827 0)
(0.00461235 -0.00337943 0)
(0.00465045 -0.00213433 0)
(0.00467907 -0.00175802 0)
(0.00468817 -0.00187508 0)
(0.00466645 -0.00218881 0)
(0.00460259 -0.00242143 0)
(0.00447327 -0.00221172 0)
(0.00422705 -0.00100909 0)
(0.00376712 0.00196171 0)
(0.00302249 0.00750471 0)
(0.00197559 0.0160573 0)
(0.000789645 0.0265103 0)
(-0.000134343 0.0336872 0)
(-0.000181127 0.0244021 0)
(0.000266207 -0.0173924 0)
(0.000998146 -0.0261062 0)
(0.00109912 -0.0227498 0)
(0.000788961 -0.0160259 0)
(0.000324526 -0.00991871 0)
(-9.83662e-05 -0.00564651 0)
(-0.000407442 -0.00316285 0)
(-0.000618523 -0.0019911 0)
(-0.000769271 -0.00164653 0)
(-0.000890592 -0.00175775 0)
(-0.00100016 -0.00204228 0)
(-0.00111083 -0.0022159 0)
(-0.00124289 -0.00188097 0)
(-0.00142763 -0.000439107 0)
(-0.00169813 0.00289073 0)
(-0.00201994 0.00880728 0)
(-0.00227474 0.0174694 0)
(-0.002222 0.0273816 0)
(-0.00162307 0.0333059 0)
(-0.000363471 0.0231679 0)
(0.000128294 -0.0180871 0)
(-0.000336991 -0.0257341 0)
(-0.00166728 -0.0212698 0)
(-0.00318017 -0.0141946 0)
(-0.00449294 -0.0083038 0)
(-0.00547688 -0.00443928 0)
(-0.00616495 -0.00231483 0)
(-0.00664365 -0.00138844 0)
(-0.00698901 -0.00119435 0)
(-0.00725167 -0.00139656 0)
(-0.00746272 -0.00173392 0)
(-0.00764319 -0.00192242 0)
(-0.00780512 -0.00156247 0)
(-0.00793477 -9.02593e-05 0)
(-0.00795323 0.00316618 0)
(-0.00769511 0.00874785 0)
(-0.00692292 0.016621 0)
(-0.00540586 0.0252489 0)
(-0.00317645 0.0299187 0)
(-0.000572257 0.0203202 0)
(-0.000214147 -0.0169537 0)
(-0.0024406 -0.0221821 0)
(-0.0054166 -0.0168879 0)
(-0.00815559 -0.0102506 0)
(-0.0102182 -0.00527547 0)
(-0.011619 -0.00229308 0)
(-0.0125311 -0.000833348 0)
(-0.0131283 -0.000352262 0)
(-0.0135396 -0.000440447 0)
(-0.0138557 -0.000815996 0)
(-0.0141283 -0.00125993 0)
(-0.0143762 -0.00153215 0)
(-0.0145747 -0.00130474 0)
(-0.0146302 -0.000140054 0)
(-0.0143396 0.0024602 0)
(-0.0134282 0.0068998 0)
(-0.0115682 0.0131 0)
(-0.00857019 0.0198059 0)
(-0.00472902 0.0233454 0)
(-0.000791101 0.0157989 0)
(-0.000866911 -0.0128687 0)
(-0.00546009 -0.0146105 0)
(-0.00999927 -0.00948981 0)
(-0.0134003 -0.00452804 0)
(-0.0154515 -0.00137289 0)
(-0.0165269 0.000175381 0)
(-0.0170483 0.00068154 0)
(-0.0173044 0.000607913 0)
(-0.0174759 0.000243963 0)
(-0.0176638 -0.000241966 0)
(-0.0179168 -0.000726881 0)
(-0.0182324 -0.00107763 0)
(-0.0185404 -0.00111077 0)
(-0.0186829 -0.000575263 0)
(-0.0183796 0.000834712 0)
(-0.0172334 0.00341574 0)
(-0.0148205 0.00717804 0)
(-0.0109199 0.0114109 0)
(-0.00595845 0.0139073 0)
(-0.00100034 0.00972576 0)
(-0.002068 -0.00440962 0)
(-0.00727793 -0.00377549 0)
(-0.0109226 -0.00167687 0)
(-0.0127693 -0.000227264 0)
(-0.013308 0.000438321 0)
(-0.013189 0.000610522 0)
(-0.0128393 0.000548855 0)
(-0.0124987 0.000397969 0)
(-0.0122825 0.000221128 0)
(-0.0122374 3.93052e-05 0)
(-0.0123744 -0.000137845 0)
(-0.0126734 -0.000297059 0)
(-0.0130756 -0.000413051 0)
(-0.0134574 -0.000438555 0)
(-0.0136024 -0.00029289 0)
(-0.0131893 0.000150153 0)
(-0.0117967 0.000990285 0)
(-0.00909313 0.00217148 0)
(-0.00529354 0.003196 0)
(-0.00124939 0.00268165 0)
)
;

boundaryField
{
    leftWall
    {
        type            fixedValue;
        value           uniform (0 0 0);
    }
    rightWall
    {
        type            fixedValue;
        value           uniform (0 0 0);
    }
    topWall
    {
        type            fixedValue;
        value           uniform (0 0 0);
    }
    bottomWall
    {
        type            fixedValue;
        value           uniform (0 0 0);
    }
    frontAndBackPlanes
    {
        type            empty;
    }
}


// ************************************************************************* //
