/*--------------------------------*- C++ -*----------------------------------*\
| =========                 |                                                 |
| \\      /  F ield         | OpenFOAM: The Open Source CFD Toolbox           |
|  \\    /   O peration     | Version:  2506                                  |
|   \\  /    A nd           | Website:  www.openfoam.com                      |
|    \\/     M anipulation  |                                                 |
\*---------------------------------------------------------------------------*/
FoamFile
{
    version     2.0;
    format      ascii;
    arch        "LSB;label=32;scalar=64";
    class       volVectorField;
    location    "77.2";
    object      U;
}
// * * * * * * * * * * * * * * * * * * * * * * * * * * * * * * * * * * * * * //

dimensions      [0 1 -1 0 0 0 0];

internalField   nonuniform List<vector> 
200
(
(0.000151301 -0.000661167 0)
(0.00125709 -0.000907226 0)
(0.00264551 -0.000733759 0)
(0.00388878 -0.00048181 0)
(0.00478825 -0.000273101 0)
(0.00540712 -0.000146877 0)
(0.00585287 -0.000105357 0)
(0.00623404 -0.000134149 0)
(0.00664278 -0.000217027 0)
(0.00715148 -0.000343318 0)
(0.00781616 -0.000509512 0)
(0.00867998 -0.000716216 0)
(0.00977023 -0.000959494 0)
(0.0110812 -0.00121403 0)
(0.0125286 -0.00140391 0)
(0.0138475 -0.00135036 0)
(0.0144325 -0.00068324 0)
(0.0133479 0.00118004 0)
(0.00962236 0.00436026 0)
(0.00291685 0.00617602 0)
(0.000334522 -0.00288312 0)
(0.00229881 -0.00484055 0)
(0.004619 -0.00473984 0)
(0.00677111 -0.00382709 0)
(0.0084814 -0.00280686 0)
(0.00975517 -0.00202157 0)
(0.0107102 -0.00158094 0)
(0.0114834 -0.00147296 0)
(0.0121925 -0.0016383 0)
(0.0129241 -0.00201087 0)
(0.0137311 -0.00253104 0)
(0.0146311 -0.0031352 0)
(0.0155957 -0.00372103 0)
(0.0165247 -0.00408509 0)
(0.0172005 -0.00383238 0)
(0.0172333 -0.00227341 0)
(0.0160029 0.00160071 0)
(0.0127856 0.00857502 0)
(0.00750258 0.0171481 0)
(0.00129501 0.0177458 0)
(0.000386327 -0.00558694 0)
(0.00256842 -0.00961261 0)
(0.00503356 -0.00964731 0)
(0.00728918 -0.00800797 0)
(0.00906907 -0.00606878 0)
(0.0103845 -0.00448862 0)
(0.0113516 -0.00348493 0)
(0.0120949 -0.0030443 0)
(0.0127128 -0.00305727 0)
(0.0132696 -0.00339052 0)
(0.0137961 -0.00391045 0)
(0.014289 -0.00446587 0)
(0.0147017 -0.0048323 0)
(0.0149225 -0.00462202 0)
(0.0147435 -0.00318077 0)
(0.0138242 0.000457821 0)
(0.0117915 0.00729335 0)
(0.00846414 0.0174282 0)
(0.00426944 0.0274692 0)
(0.000516902 0.0240841 0)
(0.000387364 -0.0084194 0)
(0.00247364 -0.0143704 0)
(0.0046778 -0.0143211 0)
(0.00657702 -0.0118264 0)
(0.00798053 -0.00892679 0)
(0.00894754 -0.00655631 0)
(0.00960703 -0.00499453 0)
(0.0100708 -0.00419475 0)
(0.0104125 -0.00398432 0)
(0.0106721 -0.0041667 0)
(0.0108654 -0.00455062 0)
(0.0109877 -0.00492129 0)
(0.0110057 -0.00496284 0)
(0.0108391 -0.00414905 0)
(0.0103369 -0.0016533 0)
(0.00925831 0.00359202 0)
(0.00743913 0.0123815 0)
(0.0048744 0.0241728 0)
(0.00205835 0.0341178 0)
(0.000127598 0.0271677 0)
(0.000364324 -0.0110514 0)
(0.00212345 -0.0184557 0)
(0.00375534 -0.0180049 0)
(0.0049836 -0.0145571 0)
(0.00574959 -0.0107621 0)
(0.00617686 -0.00773827 0)
(0.0064018 -0.00575216 0)
(0.00651294 -0.00468284 0)
(0.00655325 -0.00428752 0)
(0.00654025 -0.00432356 0)
(0.00648118 -0.00457088 0)
(0.0063758 -0.00478221 0)
(0.00620671 -0.00458093 0)
(0.00592142 -0.00333806 0)
(0.00541184 -0.000107118 0)
(0.00453969 0.00618341 0)
(0.00326285 0.0161073 0)
(0.00170109 0.0285174 0)
(0.000279635 0.0376412 0)
(-0.000157133 0.0281266 0)
(0.000304715 -0.0132201 0)
(0.0014573 -0.0213309 0)
(0.00218069 -0.0201255 0)
(0.00244691 -0.015738 0)
(0.00238381 -0.0112635 0)
(0.00216627 -0.0078541 0)
(0.00190674 -0.00567484 0)
(0.00164821 -0.00450368 0)
(0.0013966 -0.00404072 0)
(0.00114943 -0.00402475 0)
(0.000905881 -0.00422977 0)
(0.000661349 -0.00438789 0)
(0.000396444 -0.00407081 0)
(7.22524e-05 -0.00257306 0)
(-0.000374759 0.00110551 0)
(-0.00092885 0.00793241 0)
(-0.00146675 0.0181914 0)
(-0.00173952 0.0302382 0)
(-0.00145655 0.038037 0)
(-0.000366901 0.0272289 0)
(0.000178551 -0.0144893 0)
(0.000282467 -0.0222205 0)
(-0.000347141 -0.0199724 0)
(-0.00134906 -0.0148662 0)
(-0.00239271 -0.0101375 0)
(-0.00331935 -0.00675478 0)
(-0.00408985 -0.00469598 0)
(-0.00472653 -0.00364211 0)
(-0.00526516 -0.00327041 0)
(-0.00573329 -0.0033262 0)
(-0.00615023 -0.0035831 0)
(-0.00653524 -0.00375226 0)
(-0.00690853 -0.00337961 0)
(-0.00727099 -0.00177824 0)
(-0.00756019 0.00192044 0)
(-0.00757447 0.00846383 0)
(-0.00702652 0.0179162 0)
(-0.00563499 0.0285641 0)
(-0.00340167 0.0348751 0)
(-0.000635492 0.0243115 0)
(-0.000109157 -0.0140745 0)
(-0.00172484 -0.0199551 0)
(-0.00414672 -0.0166751 0)
(-0.0065813 -0.0115105 0)
(-0.00860428 -0.00723226 0)
(-0.0101514 -0.00441247 0)
(-0.0113109 -0.00283651 0)
(-0.0121996 -0.00213861 0)
(-0.0129167 -0.00201441 0)
(-0.0135335 -0.00223844 0)
(-0.0140977 -0.00260513 0)
(-0.0146324 -0.00284998 0)
(-0.0151207 -0.00258035 0)
(-0.0154712 -0.00124785 0)
(-0.0154607 0.00178934 0)
(-0.0147336 0.00706302 0)
(-0.0128945 0.0145758 0)
(-0.0096929 0.022925 0)
(-0.0054338 0.0277432 0)
(-0.000931775 0.0192314 0)
(-0.000694421 -0.0108592 0)
(-0.00461026 -0.0135511 0)
(-0.00880272 -0.00995688 0)
(-0.0122439 -0.00587337 0)
(-0.014616 -0.00297655 0)
(-0.0161336 -0.00133508 0)
(-0.017105 -0.000603102 0)
(-0.0177799 -0.000445254 0)
(-0.0183314 -0.00062849 0)
(-0.0188674 -0.000999733 0)
(-0.0194468 -0.00143237 0)
(-0.0200771 -0.00176929 0)
(-0.0206926 -0.00178023 0)
(-0.0211206 -0.00114524 0)
(-0.021041 0.000525333 0)
(-0.019955 0.00361361 0)
(-0.0173461 0.00820201 0)
(-0.0129203 0.0134994 0)
(-0.00714116 0.0168508 0)
(-0.00122295 0.0120554 0)
(-0.00171559 -0.00367927 0)
(-0.00628714 -0.00353972 0)
(-0.00990286 -0.00193357 0)
(-0.0121184 -0.000675965 0)
(-0.0131641 -3.56633e-06 0)
(-0.0135424 0.000262669 0)
(-0.0136315 0.000302713 0)
(-0.0136486 0.000227488 0)
(-0.0137114 9.63754e-05 0)
(-0.0138908 -6.22061e-05 0)
(-0.0142264 -0.000234861 0)
(-0.0147208 -0.000405303 0)
(-0.0153239 -0.000540118 0)
(-0.0159027 -0.00057818 0)
(-0.0162008 -0.000416517 0)
(-0.0158388 0.000107651 0)
(-0.0142979 0.00114092 0)
(-0.0111379 0.0026352 0)
(-0.00657041 0.0039781 0)
(-0.0015819 0.00340336 0)
)
;

boundaryField
{
    leftWall
    {
        type            fixedValue;
        value           uniform (0 0 0);
    }
    rightWall
    {
        type            fixedValue;
        value           uniform (0 0 0);
    }
    topWall
    {
        type            fixedValue;
        value           uniform (0 0 0);
    }
    bottomWall
    {
        type            fixedValue;
        value           uniform (0 0 0);
    }
    frontAndBackPlanes
    {
        type            empty;
    }
}


// ************************************************************************* //
