/*--------------------------------*- C++ -*----------------------------------*\
| =========                 |                                                 |
| \\      /  F ield         | OpenFOAM: The Open Source CFD Toolbox           |
|  \\    /   O peration     | Version:  2506                                  |
|   \\  /    A nd           | Website:  www.openfoam.com                      |
|    \\/     M anipulation  |                                                 |
\*---------------------------------------------------------------------------*/
FoamFile
{
    version     2.0;
    format      ascii;
    arch        "LSB;label=32;scalar=64";
    class       volVectorField;
    location    "25.8";
    object      U;
}
// * * * * * * * * * * * * * * * * * * * * * * * * * * * * * * * * * * * * * //

dimensions      [0 1 -1 0 0 0 0];

internalField   nonuniform List<vector> 
200
(
(-0.000251192 -8.26105e-05 0)
(-0.000168028 -0.000205815 0)
(0.000459808 -0.000322196 0)
(0.00143935 -0.000470992 0)
(0.00263804 -0.000590904 0)
(0.00400849 -0.000661919 0)
(0.00546295 -0.000689309 0)
(0.00692305 -0.000687322 0)
(0.00833537 -0.000675196 0)
(0.00967463 -0.000673773 0)
(0.010941 -0.000701978 0)
(0.0121531 -0.000773524 0)
(0.0133338 -0.000892306 0)
(0.0144877 -0.00104171 0)
(0.0155554 -0.00115997 0)
(0.0163191 -0.00108211 0)
(0.0163017 -0.000436837 0)
(0.0146431 0.00137032 0)
(0.0103822 0.00457555 0)
(0.00310043 0.00652135 0)
(2.46909e-05 -0.000532627 0)
(0.000675667 -0.00172888 0)
(0.00205389 -0.00291922 0)
(0.00400664 -0.00396346 0)
(0.00636178 -0.00472291 0)
(0.00894888 -0.00515735 0)
(0.0116049 -0.00528958 0)
(0.0141907 -0.00518395 0)
(0.0166021 -0.00492552 0)
(0.0187692 -0.00459878 0)
(0.0206472 -0.00426787 0)
(0.0221976 -0.00395728 0)
(0.0233648 -0.00362816 0)
(0.024045 -0.00313867 0)
(0.0240464 -0.0021721 0)
(0.0230407 -0.000121613 0)
(0.0204918 0.00394432 0)
(0.0158153 0.0108513 0)
(0.00908684 0.0193225 0)
(0.00155964 0.0194998 0)
(0.000106982 -0.00144863 0)
(0.00118361 -0.00434184 0)
(0.00308528 -0.00694585 0)
(0.00560646 -0.00900437 0)
(0.00848539 -0.0103759 0)
(0.0114931 -0.0110336 0)
(0.0144355 -0.0110483 0)
(0.0171609 -0.0105561 0)
(0.0195646 -0.0097175 0)
(0.0215818 -0.00867424 0)
(0.0231701 -0.00751254 0)
(0.0242844 -0.00623045 0)
(0.0248491 -0.00470362 0)
(0.0247306 -0.00264012 0)
(0.0236971 0.000483621 0)
(0.0214575 0.00541118 0)
(0.0177414 0.0129469 0)
(0.0124759 0.0232512 0)
(0.0063146 0.0330174 0)
(0.000830173 0.0279607 0)
(0.000144099 -0.0028205 0)
(0.00146054 -0.0077789 0)
(0.00362209 -0.0118307 0)
(0.00633747 -0.0147722 0)
(0.00927752 -0.0165047 0)
(0.0121766 -0.0170655 0)
(0.0148317 -0.0166222 0)
(0.0171083 -0.0154262 0)
(0.0189399 -0.0137429 0)
(0.0203118 -0.0117842 0)
(0.0212336 -0.00965382 0)
(0.0217052 -0.00730713 0)
(0.0216866 -0.00451745 0)
(0.0210683 -0.000848993 0)
(0.0196292 0.00432886 0)
(0.0172068 0.0117124 0)
(0.0136492 0.0218709 0)
(0.00905674 0.0341966 0)
(0.00416203 0.0436684 0)
(0.000435721 0.0334238 0)
(0.000172499 -0.00439897 0)
(0.00153246 -0.011486 0)
(0.0036132 -0.0168334 0)
(0.00607883 -0.0203735 0)
(0.00857895 -0.0221069 0)
(0.0108473 -0.0221881 0)
(0.012705 -0.0209415 0)
(0.0140697 -0.0187887 0)
(0.0149496 -0.0161382 0)
(0.0154136 -0.0132847 0)
(0.0155497 -0.0103399 0)
(0.015423 -0.0071915 0)
(0.0150397 -0.00348171 0)
(0.0142833 0.00137888 0)
(0.0130278 0.00806522 0)
(0.0111218 0.0172345 0)
(0.00847954 0.0291637 0)
(0.00525064 0.0425311 0)
(0.00206497 0.0510347 0)
(0.000105516 0.0365449 0)
(0.00016987 -0.00592856 0)
(0.00125117 -0.0148108 0)
(0.0027384 -0.0210311 0)
(0.00433218 -0.0247389 0)
(0.00574221 -0.0260678 0)
(0.00676019 -0.0253289 0)
(0.00728067 -0.0230583 0)
(0.00731572 -0.0198966 0)
(0.00697574 -0.0164186 0)
(0.00642176 -0.012993 0)
(0.00580766 -0.00970374 0)
(0.0052333 -0.00632049 0)
(0.00471686 -0.00230924 0)
(0.0041472 0.00308567 0)
(0.00345136 0.0106047 0)
(0.0025305 0.0208152 0)
(0.00139468 0.0336744 0)
(0.000235153 0.0472389 0)
(-0.000519718 0.0544009 0)
(-0.000267853 0.037165 0)
(9.66645e-05 -0.0069133 0)
(0.000389001 -0.0166497 0)
(0.000565951 -0.0230127 0)
(0.000481459 -0.0263574 0)
(1.96102e-05 -0.0269315 0)
(-0.000883156 -0.0252052 0)
(-0.00218538 -0.0219617 0)
(-0.00374689 -0.0180804 0)
(-0.00537411 -0.0142715 0)
(-0.00687289 -0.0108992 0)
(-0.00810009 -0.0079276 0)
(-0.00898651 -0.0049489 0)
(-0.0095247 -0.00126416 0)
(-0.00973709 0.00395762 0)
(-0.00959048 0.0114211 0)
(-0.00904857 0.0215358 0)
(-0.00797795 0.03396 0)
(-0.00620291 0.0464437 0)
(-0.00372574 0.0521246 0)
(-0.000726766 0.0346512 0)
(-9.89773e-05 -0.00659612 0)
(-0.00119228 -0.0155204 0)
(-0.00308593 -0.0210027 0)
(-0.00561936 -0.0234297 0)
(-0.00857926 -0.0231177 0)
(-0.0117673 -0.0206967 0)
(-0.0149707 -0.0171075 0)
(-0.0179798 -0.0133127 0)
(-0.020625 -0.00998922 0)
(-0.0227989 -0.00738291 0)
(-0.0244516 -0.00532059 0)
(-0.0255588 -0.00330531 0)
(-0.0260716 -0.000637903 0)
(-0.0258302 0.00343708 0)
(-0.0246645 0.00954971 0)
(-0.0223459 0.0180059 0)
(-0.0186292 0.0283904 0)
(-0.0134464 0.0386538 0)
(-0.00732309 0.0430535 0)
(-0.00125227 0.0283859 0)
(-0.000348747 -0.00442194 0)
(-0.00290926 -0.0104484 0)
(-0.00696711 -0.014056 0)
(-0.0119267 -0.0153683 0)
(-0.0171442 -0.0146133 0)
(-0.0221158 -0.0123786 0)
(-0.0264938 -0.00950279 0)
(-0.030108 -0.00676989 0)
(-0.0329518 -0.0046645 0)
(-0.0351205 -0.0033001 0)
(-0.0367259 -0.00247838 0)
(-0.0378132 -0.00179401 0)
(-0.038299 -0.000728584 0)
(-0.0379201 0.00128316 0)
(-0.0362922 0.00477519 0)
(-0.0329449 0.0100273 0)
(-0.0274317 0.0167891 0)
(-0.019668 0.0237111 0)
(-0.010536 0.0270765 0)
(-0.00177097 0.0183102 0)
(-0.000385824 -0.00102613 0)
(-0.00265853 -0.00236773 0)
(-0.00650397 -0.00314896 0)
(-0.0111537 -0.00335332 0)
(-0.0158231 -0.00301363 0)
(-0.0199121 -0.00230551 0)
(-0.0230936 -0.00149172 0)
(-0.025331 -0.000804079 0)
(-0.026802 -0.000371493 0)
(-0.0277743 -0.000215245 0)
(-0.0284926 -0.000278229 0)
(-0.0291006 -0.000455834 0)
(-0.0295926 -0.000613174 0)
(-0.0297773 -0.000580309 0)
(-0.0292785 -0.000128567 0)
(-0.0275207 0.000942542 0)
(-0.0238496 0.00271552 0)
(-0.0178758 0.00495873 0)
(-0.0101919 0.00666396 0)
(-0.00240704 0.0052796 0)
)
;

boundaryField
{
    leftWall
    {
        type            fixedValue;
        value           uniform (0 0 0);
    }
    rightWall
    {
        type            fixedValue;
        value           uniform (0 0 0);
    }
    topWall
    {
        type            fixedValue;
        value           uniform (0 0 0);
    }
    bottomWall
    {
        type            fixedValue;
        value           uniform (0 0 0);
    }
    frontAndBackPlanes
    {
        type            empty;
    }
}


// ************************************************************************* //
