/*--------------------------------*- C++ -*----------------------------------*\
| =========                 |                                                 |
| \\      /  F ield         | OpenFOAM: The Open Source CFD Toolbox           |
|  \\    /   O peration     | Version:  2506                                  |
|   \\  /    A nd           | Website:  www.openfoam.com                      |
|    \\/     M anipulation  |                                                 |
\*---------------------------------------------------------------------------*/
FoamFile
{
    version     2.0;
    format      ascii;
    arch        "LSB;label=32;scalar=64";
    class       surfaceScalarField;
    location    "119.2";
    object      phi;
}
// * * * * * * * * * * * * * * * * * * * * * * * * * * * * * * * * * * * * * //

dimensions      [1 0 -1 0 0 0 0];

oriented        oriented;

internalField   nonuniform List<scalar> 
370
(
0.000319762
-0.000354854
0.000843745
-0.000523921
0.00129791
-0.000454074
0.00160996
-0.00031194
0.00178909
-0.000179004
0.00187564
-8.64184e-05
0.00191415
-3.83582e-05
0.00194141
-2.71142e-05
0.00198408
-4.25055e-05
0.00205998
-7.5725e-05
0.00218021
-0.000120057
0.00235099
-0.000170589
0.00257275
-0.000221579
0.00283422
-0.000261271
0.00309863
-0.000264209
0.00327819
-0.000179361
0.00320118
7.72206e-05
0.00265486
0.000546522
0.00143943
0.00121562
0.00143952
0.00044146
-0.000796281
0.00118229
-0.00126466
0.00188874
-0.0011604
0.00243337
-0.000856429
0.00280295
-0.000548426
0.00303389
-0.000317198
0.00317595
-0.000180254
0.00327455
-0.000125547
0.0033635
-0.000131274
0.00346381
-0.000175859
0.0035852
-0.000241265
0.00372632
-0.000311524
0.00387205
-0.000367114
0.00398651
-0.000375536
0.00400173
-0.000279226
0.00381169
1.08804e-05
0.00327739
0.000611735
0.0022679
0.00155622
0.000915343
0.00256835
0.00235495
0.000425876
-0.00122212
0.00111941
-0.00195809
0.00177792
-0.00181876
0.00229034
-0.00136867
0.00264757
-0.000905458
0.00288176
-0.000551201
0.00303364
-0.000331935
0.00313786
-0.000229568
0.00321842
-0.00021163
0.00328863
-0.000245871
0.00335221
-0.000304644
0.00340315
-0.000362263
0.00342303
-0.000386793
0.00337591
-0.000328205
0.00320419
-0.000107296
0.00283268
0.000382607
0.00221104
0.00123359
0.00135044
0.00241703
0.000455868
0.00346309
0.0028109
0.000365028
-0.0015871
0.000921713
-0.00251464
0.00141525
-0.00231212
0.0017735
-0.0017267
0.0020082
-0.00113994
0.00215567
-0.000698445
0.0022495
-0.000425546
0.00231225
-0.000292099
0.00235596
-0.000255118
0.00238528
-0.000274981
0.00239991
-0.000319057
0.00239433
-0.000356468
0.00235493
-0.000347167
0.00225585
-0.000228905
0.00205858
9.02e-05
0.00172615
0.000715263
0.00124398
0.00171598
0.00066671
0.00299451
0.000168367
0.00396161
0.00297935
0.00028185
-0.00186889
0.000650463
-0.00288311
0.000921377
-0.00258283
0.00107575
-0.00188085
0.00115071
-0.00121467
0.00118534
-0.000732843
0.00120338
-0.000443352
0.00121411
-0.000302608
0.00121851
-0.00025929
0.00121507
-0.000271327
0.00120207
-0.000305832
0.00117613
-0.000330306
0.00112866
-0.000299475
0.00104277
-0.000142794
0.000895198
0.000238004
0.00067118
0.000939513
0.000383965
0.00200343
0.000105294
0.0032734
-4.12078e-05
0.00410828
0.00293821
0.000173572
-0.00204241
0.000299885
-0.00300927
0.000302708
-0.00258544
0.000229025
-0.00180694
0.000136375
-0.00112179
5.61594e-05
-0.000652398
-4.33758e-06
-0.000382631
-5.00047e-05
-0.000256721
-8.7481e-05
-0.000221595
-0.000121358
-0.000237231
-0.000154248
-0.000272725
-0.00018946
-0.000294876
-0.000233335
-0.00025538
-0.000294331
-8.15714e-05
-0.000374719
0.000318624
-0.00046129
0.00102632
-0.000511383
0.00205375
-0.00045385
0.00321608
-0.000241465
0.00389606
0.00269681
1.22694e-06
-0.00204357
-0.000187607
-0.00282027
-0.00050028
-0.00227256
-0.000820941
-0.00148605
-0.00108629
-0.000856216
-0.00128407
-0.000454405
-0.00142686
-0.00023962
-0.00153205
-0.000151323
-0.00161329
-0.000140137
-0.00167908
-0.000171236
-0.00173479
-0.000216802
-0.00178421
-0.000245252
-0.00182787
-0.000211504
-0.00185747
-5.1758e-05
-0.00184452
0.000305904
-0.00174353
0.000925546
-0.00149259
0.00180303
-0.00104362
0.00276731
-0.000444791
0.00329737
0.00225207
-0.000266064
-0.00177744
-0.000884643
-0.00220152
-0.00155839
-0.00159861
-0.00212091
-0.000923312
-0.00253206
-0.000444851
-0.00281396
-0.000172291
-0.00300466
-4.87174e-05
-0.0031377
-1.80828e-05
-0.00323773
-3.99089e-05
-0.00332077
-8.79992e-05
-0.00339515
-0.000142231
-0.00346034
-0.000179868
-0.00350278
-0.000168869
-0.00348875
-6.55948e-05
-0.00336241
0.00017976
-0.00304984
0.000613164
-0.00248051
0.00123389
-0.0016357
0.00192267
-0.000652581
0.00231438
0.00159954
-0.000687518
-0.00108984
-0.00180285
-0.00108601
-0.00275842
-0.000642833
-0.00340471
-0.000276806
-0.00378505
-6.43054e-05
-0.00399207
3.49268e-05
-0.00410449
6.38978e-05
-0.00417338
5.09867e-05
-0.00423172
1.86122e-05
-0.00429889
-2.06524e-05
-0.00438049
-6.04676e-05
-0.00446811
-9.20816e-05
-0.00453449
-0.000102335
-0.00452706
-7.28662e-05
-0.00436924
2.20912e-05
-0.0039573
0.000201371
-0.00320396
0.000480689
-0.00209536
0.000814196
-0.000821106
0.00104022
0.000778476
-0.00108976
-0.0021756
-0.00281823
-0.00309483
-0.00315894
-0.00312382
-0.00305975
-0.00300859
-0.00298982
-0.00301032
-0.00307064
-0.00316259
-0.00326479
-0.00333754
-0.00331534
-0.00311386
-0.00263307
-0.00181879
-0.000778503
)
;

boundaryField
{
    leftWall
    {
        type            calculated;
        value           nonuniform List<scalar> 10(0 0 5.42101e-20 0 0 0 0 0 0 0);
    }
    rightWall
    {
        type            calculated;
        value           nonuniform List<scalar> 10(0 0 0 0 -4.33681e-19 -4.33681e-19 0 0 0 0);
    }
    topWall
    {
        type            calculated;
        value           uniform 0;
    }
    bottomWall
    {
        type            calculated;
        value           uniform 0;
    }
    frontAndBackPlanes
    {
        type            empty;
    }
}


// ************************************************************************* //
