/*--------------------------------*- C++ -*----------------------------------*\
| =========                 |                                                 |
| \\      /  F ield         | OpenFOAM: The Open Source CFD Toolbox           |
|  \\    /   O peration     | Version:  2506                                  |
|   \\  /    A nd           | Website:  www.openfoam.com                      |
|    \\/     M anipulation  |                                                 |
\*---------------------------------------------------------------------------*/
FoamFile
{
    version     2.0;
    format      ascii;
    arch        "LSB;label=32;scalar=64";
    class       surfaceScalarField;
    location    "94.4";
    object      phi;
}
// * * * * * * * * * * * * * * * * * * * * * * * * * * * * * * * * * * * * * //

dimensions      [1 0 -1 0 0 0 0];

oriented        oriented;

internalField   nonuniform List<scalar> 
370
(
0.000225337
-0.00027317
0.000644534
-0.000419118
0.0010231
-0.000378451
0.00129941
-0.000276167
0.00147562
-0.000176054
0.00158073
-0.000104943
0.00164922
-6.83074e-05
0.0017111
-6.16943e-05
0.00178916
-7.78658e-05
0.00189955
-0.000110183
0.00205347
-0.00015371
0.00225808
-0.000204401
0.0025149
-0.000256597
0.00281317
-0.000298047
0.00311566
-0.000302258
0.00333277
-0.000216877
0.00328146
5.15427e-05
0.00274442
0.000537283
0.0015019
0.00124273
0.00150201
0.000364957
-0.000638086
0.000994793
-0.00104884
0.00161425
-0.000997754
0.00211137
-0.000773094
0.00246947
-0.00053396
0.00271516
-0.00035042
0.00288809
-0.000241033
0.00302571
-0.000199092
0.00315675
-0.000208689
0.00329991
-0.000253119
0.00346413
-0.000317696
0.00364814
-0.000388184
0.00383706
-0.00044528
0.00399453
-0.000455268
0.00405032
-0.000357805
0.00389104
-5.73416e-05
0.00337621
0.000566626
0.00235475
0.00155899
0.000958055
0.00263963
0.00246018
0.000380363
-0.00101839
0.00101248
-0.00168081
0.00162787
-0.00161295
0.00212259
-0.00126757
0.00248315
-0.000894261
0.00273452
-0.000601529
0.00291113
-0.000417378
0.00304335
-0.000331049
0.00315281
-0.000317887
0.00325184
-0.000351887
0.00334399
-0.000409582
0.00342343
-0.00046736
0.00347178
-0.00049336
0.0034523
-0.000435511
0.00330481
-0.000210044
0.00294832
0.000299431
0.00232125
0.00119397
0.00143162
0.00244889
0.000490121
0.00358136
0.0029504
0.000347816
-0.00136615
0.000893161
-0.00222598
0.00139196
-0.0021115
0.00176803
-0.00164335
0.00202571
-0.00115165
0.00219568
-0.000771196
0.0023088
-0.000530201
0.00238719
-0.000409143
0.00244363
-0.000374027
0.00248385
-0.000391822
0.0025085
-0.000433939
0.00251281
-0.000471367
0.00248345
-0.000463711
0.0023937
-0.000345455
0.00220199
-1.80326e-05
0.00186393
0.000637798
0.00136051
0.00169769
0.000744142
0.00306554
0.000197307
0.00412842
0.00314781
0.000287754
-0.00165383
0.000685434
-0.00262346
0.000998582
-0.00242438
0.00119496
-0.00183942
0.00130315
-0.00125952
0.00135933
-0.000827054
0.00138835
-0.000558914
0.00140232
-0.000422799
0.00140525
-0.00037665
0.0013979
-0.00038416
0.00137994
-0.000415673
0.00134893
-0.000440049
0.00129669
-0.000411161
0.00120546
-0.000253911
0.00104817
0.000139585
0.000806835
0.000879454
0.000489977
0.00201486
0.000169984
0.00338583
-1.82829e-05
0.00431692
0.00312962
0.000194916
-0.00184867
0.00037796
-0.00280629
0.000442445
-0.00248857
0.00041726
-0.00181391
0.000354005
-0.00119593
0.000286135
-0.000758861
0.00022584
-0.000498304
0.00017312
-0.000369768
0.00012456
-0.000327783
7.77517e-05
-0.000337046
3.1334e-05
-0.000368949
-1.75409e-05
-0.000390868
-7.56318e-05
-0.00035276
-0.000152807
-0.000176417
-0.000254059
0.000241166
-0.00036664
0.000992367
-0.000447809
0.00209636
-0.000422925
0.00336124
-0.000236111
0.00413033
0.0028936
3.64279e-05
-0.00188501
-8.96734e-05
-0.00267996
-0.000342479
-0.00223547
-0.000624382
-0.00153169
-0.000873656
-0.000946343
-0.00107219
-0.000560019
-0.00122595
-0.000344237
-0.00134758
-0.000247835
-0.00144769
-0.000227371
-0.00153314
-0.000251302
-0.00160862
-0.000293168
-0.00167821
-0.000320978
-0.00174377
-0.000286903
-0.00179819
-0.000121686
-0.00181314
0.000256434
-0.00173872
0.000918265
-0.00150768
0.00186562
-0.00106638
0.00292021
-0.000459842
0.003524
0.00243384
-0.000228865
-0.00165604
-0.000787189
-0.00212139
-0.00141759
-0.00160477
-0.00196327
-0.000985693
-0.0023793
-0.000530011
-0.00267923
-0.000259786
-0.00289506
-0.000128118
-0.00305618
-8.6424e-05
-0.00318477
-9.84975e-05
-0.00329593
-0.000139864
-0.00339782
-0.000191001
-0.00349058
-0.000227943
-0.0035612
-0.000216003
-0.00357544
-0.000107173
-0.0034731
0.000154377
-0.00317362
0.000619054
-0.0025989
0.00129117
-0.00172494
0.00204649
-0.000692912
0.00249215
0.001741
-0.000639326
-0.00101661
-0.00170234
-0.00105813
-0.00264313
-0.000663681
-0.00330774
-0.000320779
-0.00372655
-0.000110904
-0.00397387
-1.21799e-05
-0.00412738
2.56738e-05
-0.00423446
2.09236e-05
-0.00432702
-5.69037e-06
-0.00442631
-4.03179e-05
-0.00453817
-7.89029e-05
-0.00465535
-0.00011053
-0.00475014
-0.00012099
-0.00476709
-9.00006e-05
-0.00462465
1.2156e-05
-0.00420906
0.000203681
-0.00342431
0.00050662
-0.00225067
0.000873039
-0.000886801
0.00112842
0.000854258
-0.00101649
-0.00207437
-0.00273775
-0.00305823
-0.00316884
-0.00318075
-0.00315482
-0.00313365
-0.00313911
-0.00317921
-0.00325791
-0.00336825
-0.00348906
-0.00357889
-0.00356657
-0.00336273
-0.00285597
-0.00198281
-0.000854299
)
;

boundaryField
{
    leftWall
    {
        type            calculated;
        value           nonuniform List<scalar> 10(3.38813e-21 0 0 0 0 0 0 0 0 -8.67362e-19);
    }
    rightWall
    {
        type            calculated;
        value           nonuniform List<scalar> 10(0 2.1684e-19 0 0 -4.33681e-19 0 -4.33681e-19 -4.33681e-19 0 0);
    }
    topWall
    {
        type            calculated;
        value           uniform 0;
    }
    bottomWall
    {
        type            calculated;
        value           uniform 0;
    }
    frontAndBackPlanes
    {
        type            empty;
    }
}


// ************************************************************************* //
