/*--------------------------------*- C++ -*----------------------------------*\
| =========                 |                                                 |
| \\      /  F ield         | OpenFOAM: The Open Source CFD Toolbox           |
|  \\    /   O peration     | Version:  2506                                  |
|   \\  /    A nd           | Website:  www.openfoam.com                      |
|    \\/     M anipulation  |                                                 |
\*---------------------------------------------------------------------------*/
FoamFile
{
    version     2.0;
    format      ascii;
    arch        "LSB;label=32;scalar=64";
    class       volVectorField;
    location    "94.4";
    object      U;
}
// * * * * * * * * * * * * * * * * * * * * * * * * * * * * * * * * * * * * * //

dimensions      [0 1 -1 0 0 0 0];

internalField   nonuniform List<vector> 
200
(
(0.000299939 -0.000907779 0)
(0.00179028 -0.00119254 0)
(0.00348894 -0.00091193 0)
(0.00491412 -0.000535912 0)
(0.00586006 -0.000239483 0)
(0.00642384 -6.7456e-05 0)
(0.00675822 -1.11469e-05 0)
(0.00700614 -4.28907e-05 0)
(0.00727984 -0.000135483 0)
(0.00766019 -0.00027089 0)
(0.0082037 -0.000441768 0)
(0.00894976 -0.000647734 0)
(0.0099213 -0.000886015 0)
(0.0111106 -0.0011342 0)
(0.0124355 -0.00132005 0)
(0.0136386 -0.00126781 0)
(0.0141352 -0.000612694 0)
(0.0130119 0.00120277 0)
(0.00933479 0.00427581 0)
(0.00281874 0.00597709 0)
(0.00042461 -0.00375907 0)
(0.00280017 -0.00602715 0)
(0.00548617 -0.0056069 0)
(0.00787602 -0.00422681 0)
(0.00967063 -0.00280993 0)
(0.0109052 -0.0017615 0)
(0.0117424 -0.00118195 0)
(0.0123573 -0.00102351 0)
(0.0128934 -0.0011879 0)
(0.013451 -0.00157771 0)
(0.014088 -0.00211346 0)
(0.0148223 -0.00272352 0)
(0.0156249 -0.00330804 0)
(0.0163975 -0.00367447 0)
(0.0169305 -0.0034438 0)
(0.0168489 -0.00194449 0)
(0.0155506 0.00180394 0)
(0.012355 0.00853759 0)
(0.0072078 0.0167548 0)
(0.00123377 0.0171512 0)
(0.000443411 -0.00693484 0)
(0.00288437 -0.0114693 0)
(0.00555906 -0.0110248 0)
(0.00793115 -0.00866283 0)
(0.00972688 -0.00609578 0)
(0.0109825 -0.00408564 0)
(0.0118446 -0.00284129 0)
(0.0124619 -0.00229888 0)
(0.0129476 -0.00229213 0)
(0.0133733 -0.00264117 0)
(0.0137723 -0.00318224 0)
(0.0141414 -0.0037515 0)
(0.0144342 -0.0041283 0)
(0.0145417 -0.00394328 0)
(0.0142648 -0.00257224 0)
(0.0132771 0.000913568 0)
(0.0112467 0.00745619 0)
(0.00801077 0.0171473 0)
(0.00399624 0.0266659 0)
(0.00046988 0.0231556 0)
(0.000417333 -0.0100271 0)
(0.00260172 -0.0165297 0)
(0.00483437 -0.0158565 0)
(0.00669762 -0.012476 0)
(0.00802136 -0.00883094 0)
(0.00889171 -0.00596646 0)
(0.00945682 -0.00413995 0)
(0.00983713 -0.00323716 0)
(0.0101071 -0.00301543 0)
(0.010304 -0.00322382 0)
(0.0104405 -0.00363761 0)
(0.0105093 -0.00402932 0)
(0.0104758 -0.0040897 0)
(0.0102604 -0.00331847 0)
(0.00971875 -0.000936412 0)
(0.00863211 0.00405294 0)
(0.00686576 0.0123985 0)
(0.00443256 0.0235709 0)
(0.00181439 0.0328834 0)
(9.07232e-05 0.0259481 0)
(0.000370273 -0.0127271 0)
(0.00208849 -0.0205749 0)
(0.00359627 -0.0193683 0)
(0.0046681 -0.0149667 0)
(0.00528975 -0.0104264 0)
(0.00560922 -0.00694971 0)
(0.00576777 -0.00475215 0)
(0.00584662 -0.00362636 0)
(0.00587714 -0.0032521 0)
(0.00586639 -0.00333285 0)
(0.00581445 -0.00361898 0)
(0.0057172 -0.00385464 0)
(0.00555551 -0.00367355 0)
(0.00527673 -0.00247893 0)
(0.00477234 0.000609747 0)
(0.0039422 0.00655851 0)
(0.00274835 0.015912 0)
(0.00133119 0.0275678 0)
(0.000106739 0.0360004 0)
(-0.00016885 0.0266654 0)
(0.000292544 -0.0148111 0)
(0.00129929 -0.0231439 0)
(0.0017977 -0.0210915 0)
(0.00185086 -0.0157817 0)
(0.00163746 -0.0106625 0)
(0.00134335 -0.00691562 0)
(0.00106699 -0.00462106 0)
(0.000830029 -0.00345835 0)
(0.00062012 -0.00305244 0)
(0.000422567 -0.00309635 0)
(0.000229714 -0.00334272 0)
(3.39963e-05 -0.0035211 0)
(-0.000184452 -0.00321842 0)
(-0.000462269 -0.0017714 0)
(-0.000849105 0.00173131 0)
(-0.00132204 0.00815325 0)
(-0.00176303 0.0177517 0)
(-0.00192213 0.0289679 0)
(-0.00152362 0.0360902 0)
(-0.000366527 0.0256252 0)
(0.000161343 -0.0158809 0)
(5.19239e-05 -0.0235767 0)
(-0.000840876 -0.0204428 0)
(-0.00202949 -0.014546 0)
(-0.00317156 -0.00935268 0)
(-0.0041135 -0.00578275 0)
(-0.00484284 -0.00370567 0)
(-0.00540822 -0.00271124 0)
(-0.00586312 -0.0024168 0)
(-0.00624511 -0.0025351 0)
(-0.00657814 -0.00282835 0)
(-0.00688215 -0.00301382 0)
(-0.00717456 -0.00266288 0)
(-0.00745059 -0.00113764 0)
(-0.0076418 0.00235415 0)
(-0.00756217 0.00848127 0)
(-0.00694486 0.0172867 0)
(-0.00552461 0.0271466 0)
(-0.00330835 0.032858 0)
(-0.000610761 0.0227342 0)
(-0.000148343 -0.0152015 0)
(-0.00199727 -0.0208247 0)
(-0.00463145 -0.0167327 0)
(-0.00717777 -0.0109742 0)
(-0.00920678 -0.00641974 0)
(-0.0106845 -0.00354327 0)
(-0.0117343 -0.00202003 0)
(-0.0124979 -0.0014134 0)
(-0.0130865 -0.00137552 0)
(-0.0135779 -0.00165887 0)
(-0.014022 -0.00205623 0)
(-0.0144403 -0.00231565 0)
(-0.0148136 -0.00207254 0)
(-0.0150513 -0.000823307 0)
(-0.014939 0.00201807 0)
(-0.014154 0.00693805 0)
(-0.0123271 0.013918 0)
(-0.00922766 0.0216258 0)
(-0.00514999 0.0259716 0)
(-0.000876361 0.017878 0)
(-0.000761462 -0.0116518 0)
(-0.0049416 -0.0139677 0)
(-0.00926761 -0.00975803 0)
(-0.0126879 -0.00531902 0)
(-0.0149273 -0.00231934 0)
(-0.0162586 -0.000718083 0)
(-0.0170398 -8.21369e-05 0)
(-0.0175449 -2.05393e-05 0)
(-0.0179407 -0.000276867 0)
(-0.0183326 -0.000693111 0)
(-0.0187786 -0.00114521 0)
(-0.0192806 -0.00148774 0)
(-0.0197724 -0.00151084 0)
(-0.0200889 -0.000922595 0)
(-0.0199268 0.000634102 0)
(-0.0188293 0.00350971 0)
(-0.0163154 0.00776415 0)
(-0.0121151 0.0126449 0)
(-0.0066714 0.0156754 0)
(-0.00113553 0.01114 0)
(-0.00185543 -0.00396834 0)
(-0.0066798 -0.00363344 0)
(-0.0103039 -0.00182833 0)
(-0.0123657 -0.000491801 0)
(-0.0132011 0.000180175 0)
(-0.0133814 0.000411716 0)
(-0.0133005 0.000406458 0)
(-0.0131737 0.00029784 0)
(-0.0131257 0.0001479 0)
(-0.0132175 -2.09864e-05 0)
(-0.0134725 -0.000195293 0)
(-0.0138871 -0.000360439 0)
(-0.0144084 -0.000487134 0)
(-0.0149083 -0.000520168 0)
(-0.0151481 -0.000365781 0)
(-0.0147715 0.000123714 0)
(-0.0132973 0.00107794 0)
(-0.0103264 0.00244783 0)
(-0.00606788 0.00366774 0)
(-0.00145196 0.00312068 0)
)
;

boundaryField
{
    leftWall
    {
        type            fixedValue;
        value           uniform (0 0 0);
    }
    rightWall
    {
        type            fixedValue;
        value           uniform (0 0 0);
    }
    topWall
    {
        type            fixedValue;
        value           uniform (0 0 0);
    }
    bottomWall
    {
        type            fixedValue;
        value           uniform (0 0 0);
    }
    frontAndBackPlanes
    {
        type            empty;
    }
}


// ************************************************************************* //
