/*--------------------------------*- C++ -*----------------------------------*\
| =========                 |                                                 |
| \\      /  F ield         | OpenFOAM: The Open Source CFD Toolbox           |
|  \\    /   O peration     | Version:  2506                                  |
|   \\  /    A nd           | Website:  www.openfoam.com                      |
|    \\/     M anipulation  |                                                 |
\*---------------------------------------------------------------------------*/
FoamFile
{
    version     2.0;
    format      ascii;
    arch        "LSB;label=32;scalar=64";
    class       surfaceScalarField;
    location    "0.2";
    object      phi;
}
// * * * * * * * * * * * * * * * * * * * * * * * * * * * * * * * * * * * * * //

dimensions      [1 0 -1 0 0 0 0];

oriented        oriented;

internalField   nonuniform List<scalar> 
370
(
-0.00187401
0.000573229
-0.00183341
-3.90663e-05
-0.001414
-0.000416743
-0.00111511
-0.000295304
-0.000885598
-0.000225234
-0.00069723
-0.000183519
-0.000542694
-0.000149221
-0.000408077
-0.00012891
-0.000283687
-0.000118353
-0.000164223
-0.000113146
-4.54025e-05
-0.000112263
7.71253e-05
-0.000115768
0.000208364
-0.000124309
0.000352275
-0.000136841
0.000514852
-0.000155391
0.000706608
-0.000184481
0.00093667
-0.000222723
0.00117506
-0.000231008
0.00119896
-1.63843e-05
0.00121311
-0.000749684
0.0013261
-0.000878412
9.30357e-05
-0.000879489
-0.000411818
-0.000751397
-0.000419061
-0.000618162
-0.000353672
-0.000500453
-0.000296012
-0.000391896
-0.000252192
-0.000291827
-0.000223067
-0.000198823
-0.000205158
-0.000109424
-0.000196096
-2.14527e-05
-0.000193571
6.465e-05
-0.000195023
0.000146778
-0.000199432
0.000227809
-0.000210736
0.000314306
-0.000234646
0.000405872
-0.000268722
0.000511999
-0.000321465
0.000589657
-0.000301242
0.00040438
0.00017644
0.00163196
-0.000214183
0.00154507
-0.000280024
0.000163403
-0.000341253
-0.000345859
-0.000360665
-0.000394656
-0.000346652
-0.000362412
-0.000311503
-0.000325609
-0.000262658
-0.000295219
-0.00020742
-0.000272238
-0.000149852
-0.000256433
-9.21513e-05
-0.000247299
-3.5275e-05
-0.000243768
2.02283e-05
-0.000243688
7.34767e-05
-0.000245704
0.000114708
-0.000244874
0.000150252
-0.000263003
0.000174627
-0.000285838
0.00016441
-0.000303939
0.000113371
-0.000242863
4.5922e-05
0.000251352
0.00169256
-8.30704e-05
0.00163388
-0.000134508
0.000219965
-0.000179068
-0.000296076
-0.000200355
-0.000367999
-0.000202726
-0.000354501
-0.000191683
-0.000330931
-0.000171771
-0.000309227
-0.000146454
-0.000291472
-0.000118433
-0.0002782
-8.98107e-05
-0.000269508
-6.18338e-05
-0.000265186
-3.4406e-05
-0.000264426
-6.44851e-06
-0.000266856
2.84172e-05
-0.000272834
5.66902e-05
-0.000284288
7.65826e-05
-0.000298677
8.44316e-05
-0.000304685
7.60684e-05
-0.000227364
3.87718e-05
0.000295922
0.00174607
-3.88188e-05
0.00167906
-6.53007e-05
0.000251912
-8.39583e-05
-0.000271913
-9.5885e-05
-0.000350479
-0.000101357
-0.00034333
-0.000101222
-0.00032525
-9.66895e-05
-0.000307819
-8.89963e-05
-0.000293098
-7.93367e-05
-0.000281668
-6.87576e-05
-0.000273776
-5.79547e-05
-0.000269566
-4.68102e-05
-0.000269043
-3.48904e-05
-0.000272154
-2.20951e-05
-0.000278925
-1.04e-05
-0.000289208
-9.17817e-07
-0.000301325
5.71845e-06
-0.000304441
6.88069e-06
-0.000221611
9.25633e-07
0.000308946
0.00176179
-1.05116e-05
0.00169637
-1.12386e-05
0.000258277
-1.24681e-05
-0.000265041
-1.666e-05
-0.00034059
-2.26552e-05
-0.000331572
-2.93913e-05
-0.000312674
-3.61228e-05
-0.000295163
-4.23981e-05
-0.00028081
-4.77707e-05
-0.000270192
-5.25321e-05
-0.000262822
-5.70985e-05
-0.00025872
-6.15494e-05
-0.00025823
-6.49738e-05
-0.000262292
-6.63013e-05
-0.000271091
-6.50166e-05
-0.000283924
-6.06614e-05
-0.000299058
-5.31114e-05
-0.000305326
-4.06565e-05
-0.000227365
-2.30761e-05
0.000298231
0.00175355
2.44164e-05
0.00167907
5.31264e-05
0.000235252
7.17413e-05
-0.000277992
7.1506e-05
-0.000334662
6.10461e-05
-0.000315378
4.47201e-05
-0.000290563
2.52885e-05
-0.00026989
4.49925e-06
-0.000254116
-1.68165e-05
-0.000242905
-3.76346e-05
-0.000235965
-5.85842e-05
-0.000231664
-8.21703e-05
-0.000228472
-0.000105319
-0.000232908
-0.000123204
-0.000246911
-0.00013532
-0.000265458
-0.000138846
-0.000289134
-0.000130345
-0.000307385
-0.000106308
-0.000244924
-5.57786e-05
0.000254357
0.00171266
4.73905e-05
0.00163903
0.000126835
0.000161449
0.000170619
-0.000316183
0.000177483
-0.000335921
0.00015899
-0.000291257
0.000125484
-0.000251396
8.576e-05
-0.000224464
4.2647e-05
-0.000205254
-2.95524e-06
-0.000191503
-4.96856e-05
-0.00018338
-9.5873e-05
-0.000179565
-0.000136002
-0.000182376
-0.000170555
-0.000192333
-0.000201405
-0.000209988
-0.000225146
-0.000235595
-0.000232543
-0.000275568
-0.000204035
-0.000329683
-0.000133955
-0.000308754
-5.75461e-05
0.000184389
0.00167005
0.000398385
0.00124825
0.000588123
-2.26546e-05
0.000525163
-0.000247652
0.000433334
-0.000238512
0.000343319
-0.000195646
0.00026012
-0.000162578
0.00018223
-0.000140922
0.000107712
-0.000125048
3.21635e-05
-0.000110224
-4.1762e-05
-0.000103678
-0.000112957
-0.000102546
-0.000182792
-0.000106669
-0.000250334
-0.000118873
-0.000315117
-0.000139241
-0.000388201
-0.000156503
-0.000470816
-0.000186902
-0.000565219
-0.000229191
-0.000628437
-0.00023941
-0.000423561
-1.4133e-05
0.00126156
0.00125626
0.00123941
0.000997466
0.000764664
0.00057474
0.000417906
0.000282755
0.000163511
5.9131e-05
-3.8662e-05
-0.00013528
-0.000235978
-0.000348834
-0.000482016
-0.000632417
-0.000813177
-0.00103619
-0.00126938
-0.00127699
)
;

boundaryField
{
    leftWall
    {
        type            calculated;
        value           nonuniform List<scalar> 10(0 0 0 0 0 0 -1.0842e-19 0 0 0);
    }
    rightWall
    {
        type            calculated;
        value           nonuniform List<scalar> 10(0 0 0 0 0 0 0 0 8.67362e-19 0);
    }
    topWall
    {
        type            calculated;
        value           uniform 0;
    }
    bottomWall
    {
        type            calculated;
        value           uniform 0;
    }
    frontAndBackPlanes
    {
        type            empty;
    }
}


// ************************************************************************* //
