/*--------------------------------*- C++ -*----------------------------------*\
| =========                 |                                                 |
| \\      /  F ield         | OpenFOAM: The Open Source CFD Toolbox           |
|  \\    /   O peration     | Version:  2506                                  |
|   \\  /    A nd           | Website:  www.openfoam.com                      |
|    \\/     M anipulation  |                                                 |
\*---------------------------------------------------------------------------*/
FoamFile
{
    version     2.0;
    format      ascii;
    arch        "LSB;label=32;scalar=64";
    class       surfaceScalarField;
    location    "127.8";
    object      phi;
}
// * * * * * * * * * * * * * * * * * * * * * * * * * * * * * * * * * * * * * //

dimensions      [1 0 -1 0 0 0 0];

oriented        oriented;

internalField   nonuniform List<scalar> 
370
(
0.000346808
-0.000378296
0.000900899
-0.000554035
0.00137712
-0.000476139
0.00170016
-0.000322944
0.00188112
-0.000180843
0.00196342
-8.21824e-05
0.00199436
-3.08114e-05
0.00201258
-1.80753e-05
0.00204566
-3.29291e-05
0.00211198
-6.61715e-05
0.00222269
-0.000110546
0.00238374
-0.000160884
0.0025953
-0.000211378
0.00284582
-0.000250347
0.00309853
-0.000252522
0.00326586
-0.000167144
0.00317986
8.61895e-05
0.00262941
0.000550647
0.00142105
0.00120852
0.00142114
0.000463038
-0.000841305
0.00123525
-0.00132617
0.00196653
-0.0012073
0.00252513
-0.000881414
0.00289875
-0.000554325
0.00312647
-0.00030976
0.00326073
-0.000164926
0.00334914
-0.000106328
0.00342695
-0.000110584
0.00351578
-0.000154838
0.00362555
-0.000220148
0.00375487
-0.00029004
0.00388853
-0.00034486
0.00399072
-0.000352358
0.00399416
-0.000255776
0.00379328
3.39221e-05
0.00325245
0.000627212
0.00224503
0.00155825
0.000903877
0.00254984
0.0023251
0.000438384
-0.00127965
0.00114878
-0.00203647
0.00181911
-0.00187748
0.00233642
-0.00139856
0.00269287
-0.000910599
0.00292261
-0.000539322
0.00306804
-0.000310181
0.00316496
-0.000203072
0.00323798
-0.000183428
0.00330067
-0.000217345
0.00335676
-0.000276056
0.00340017
-0.000333266
0.00341243
-0.000356932
0.00335772
-0.000297461
0.00317895
-7.6819e-05
0.00280439
0.000408682
0.00218339
0.0012484
0.00132986
0.00241198
0.000447235
0.00343263
0.0027724
0.000369361
-0.00164897
0.000928533
-0.00259553
0.00142002
-0.00236881
0.00177291
-0.00175126
0.00200104
-0.00113853
0.00214227
-0.000680357
0.00223092
-0.000398631
0.00228962
-0.000261566
0.0023301
-0.000223718
0.00235674
-0.000243789
0.00236895
-0.000288071
0.00236102
-0.000325145
0.00231926
-0.000314969
0.00221806
-0.00019607
0.00201983
0.000121614
0.00168932
0.000739395
0.00121307
0.00172486
0.000646341
0.0029789
0.000160886
0.00391824
0.00293336
0.00027962
-0.00192854
0.000639404
-0.00295518
0.000898073
-0.0026273
0.00104048
-0.00189347
0.00110605
-0.00120389
0.00113461
-0.0007087
0.00114976
-0.000413577
0.00115967
-0.000271277
0.00116454
-0.000228383
0.00116227
-0.00024133
0.00115077
-0.000276366
0.00112642
-0.000300601
0.00108059
-0.000268933
0.000996653
-0.000111937
0.000852362
0.000266111
0.000633652
0.000958313
0.000355032
0.00200368
8.80223e-05
0.00324611
-4.70184e-05
0.00405343
0.0028864
0.000166713
-0.0020952
0.000277057
-0.00306539
0.000262664
-0.00261272
0.000175588
-0.00180619
7.4893e-05
-0.00110299
-8.724e-06
-0.000624879
-6.97329e-05
-0.000352369
-0.000113635
-0.000227177
-0.000148227
-0.000193596
-0.000178675
-0.000210687
-0.000207896
-0.00024695
-0.000239323
-0.000268979
-0.000279174
-0.000228885
-0.00033559
-5.53202e-05
-0.00040995
0.000340677
-0.000488843
0.00103742
-0.000529705
0.00204475
-0.000462579
0.00317917
-0.000242922
0.00383392
0.00264354
-8.15069e-06
-0.002087
-0.000215045
-0.00285835
-0.000544354
-0.00228322
-0.000875639
-0.0014747
-0.00114552
-0.000832913
-0.00134341
-0.000426793
-0.00148351
-0.000212076
-0.00158474
-0.000125759
-0.00166123
-0.000116915
-0.0017219
-0.000149827
-0.00177236
-0.00019631
-0.0018163
-0.000224846
-0.00185396
-0.000191043
-0.00187675
-3.23354e-05
-0.00185595
0.000320074
-0.00174717
0.000928835
-0.00148998
0.00178776
-0.00103806
0.00272742
-0.000440784
0.00323677
0.0022028
-0.000276645
-0.00181029
-0.000911563
-0.00222328
-0.00159714
-0.00159746
-0.00216443
-0.000907224
-0.00257457
-0.000422582
-0.00285201
-0.000149168
-0.00303634
-2.75568e-05
-0.00316226
3.32141e-07
-0.00325484
-2.41501e-05
-0.0033305
-7.39995e-05
-0.00339758
-0.000129058
-0.00345538
-0.000166866
-0.00349021
-0.000156051
-0.00346827
-5.41035e-05
-0.00333512
0.000187106
-0.00301842
0.000612303
-0.00244976
0.00121926
-0.00161207
0.00188988
-0.000641723
0.00226653
0.00156113
-0.000700688
-0.00110953
-0.00183027
-0.00109355
-0.00279003
-0.000637514
-0.00343171
-0.000265353
-0.00380179
-5.23133e-05
-0.00399856
4.77752e-05
-0.00409998
7.40362e-05
-0.00415859
5.91061e-05
-0.0042079
2.53216e-05
-0.00426653
-1.52188e-05
-0.00434007
-5.5372e-05
-0.00441977
-8.702e-05
-0.00447845
-9.72332e-05
-0.00446426
-6.8149e-05
-0.004302
2.49753e-05
-0.00389053
0.000200963
-0.00314507
0.000473935
-0.00205355
0.000798474
-0.000803306
0.00101638
0.000757855
-0.00110946
-0.00220285
-0.00284018
-0.00310536
-0.00315749
-0.00310955
-0.00303536
-0.0029761
-0.00295063
-0.00296572
-0.00302096
-0.00310786
-0.00320498
-0.00327302
-0.00324794
-0.00304689
-0.00257286
-0.00177431
-0.000757879
)
;

boundaryField
{
    leftWall
    {
        type            calculated;
        value           nonuniform List<scalar> 10(0 0 -5.42101e-20 0 0 0 0 0 -8.67362e-19 -8.67362e-19);
    }
    rightWall
    {
        type            calculated;
        value           nonuniform List<scalar> 10(0 -2.1684e-19 0 0 0 0 0 0 0 0);
    }
    topWall
    {
        type            calculated;
        value           uniform 0;
    }
    bottomWall
    {
        type            calculated;
        value           uniform 0;
    }
    frontAndBackPlanes
    {
        type            empty;
    }
}


// ************************************************************************* //
