/*--------------------------------*- C++ -*----------------------------------*\
| =========                 |                                                 |
| \\      /  F ield         | OpenFOAM: The Open Source CFD Toolbox           |
|  \\    /   O peration     | Version:  2506                                  |
|   \\  /    A nd           | Website:  www.openfoam.com                      |
|    \\/     M anipulation  |                                                 |
\*---------------------------------------------------------------------------*/
FoamFile
{
    version     2.0;
    format      ascii;
    arch        "LSB;label=32;scalar=64";
    class       surfaceScalarField;
    location    "124.4";
    object      phi;
}
// * * * * * * * * * * * * * * * * * * * * * * * * * * * * * * * * * * * * * //

dimensions      [1 0 -1 0 0 0 0];

oriented        oriented;

internalField   nonuniform List<scalar> 
370
(
0.000336449
-0.000369317
0.000879005
-0.000542498
0.00134676
-0.00046767
0.00166556
-0.000318696
0.00184577
-0.000180094
0.00192965
-8.37546e-05
0.00196344
-3.36492e-05
0.00198507
-2.14864e-05
0.00202179
-3.65634e-05
0.00209176
-6.98082e-05
0.0022061
-0.000114177
0.00237088
-0.000164599
0.00258635
-0.000215293
0.00284109
-0.000254553
0.00309832
-0.000257038
0.0032704
-0.00017189
0.00318793
8.26663e-05
0.00263914
0.000548986
0.00142811
0.0012112
0.0014282
0.000454776
-0.000824063
0.00121497
-0.00130261
0.00193673
-0.00118931
0.00248996
-0.000871789
0.00286199
-0.000551986
0.00309091
-0.000312516
0.00322812
-0.000170704
0.0033204
-0.000113606
0.00340244
-0.000118442
0.00349564
-0.000162842
0.00360985
-0.000228207
0.00374368
-0.000298259
0.00388196
-0.000353395
0.00398887
-0.000361276
0.00399687
-0.000264844
0.00380007
2.51041e-05
0.00326182
0.000621117
0.00225369
0.00155731
0.000908231
0.00255683
0.00233652
0.000433601
-0.00125762
0.00113755
-0.00200645
0.00180335
-0.00185497
0.00231878
-0.00138705
0.00267552
-0.000908541
0.00290695
-0.000543766
0.00305484
-0.000318404
0.00315454
-0.000213121
0.00323043
-0.000194148
0.00329599
-0.000228209
0.00335493
-0.000286961
0.00340121
-0.000344346
0.00341637
-0.000368363
0.00336454
-0.000309257
0.00318845
-8.85469e-05
0.00281515
0.000398601
0.0021939
0.00124258
0.00133767
0.00241374
0.000450507
0.00344416
0.0027871
0.000367717
-0.0016253
0.000925944
-0.00256456
0.00141822
-0.00234707
0.00177316
-0.0017418
0.00200381
-0.00113898
0.00214743
-0.000687176
0.00223806
-0.000408826
0.0022983
-0.000273161
0.00234002
-0.000235664
0.00236769
-0.000255673
0.00238082
-0.000299891
0.00237379
-0.000337108
0.00233291
-0.000327283
0.00223251
-0.000208653
0.00203463
0.000109543
0.00170339
0.000730062
0.00122486
0.00172131
0.000654098
0.0029847
0.000163726
0.00393469
0.0029509
0.0002805
-0.00190575
0.000643669
-0.00292759
0.000907016
-0.00261023
0.001054
-0.00188857
0.00112316
-0.00120793
0.00115406
-0.000717853
0.00117031
-0.000424864
0.00118053
-0.000283172
0.00118522
-0.00024015
0.00118253
-0.000252767
0.00117045
-0.00028761
0.00114549
-0.000311944
0.00109903
-0.000280608
0.00101434
-0.000123752
0.000868776
0.000255318
0.000648019
0.000951036
0.000366094
0.00200345
9.46103e-05
0.00325639
-4.48139e-05
0.00407428
0.00290615
0.000169423
-0.00207512
0.000285834
-0.00304386
0.000278002
-0.00260221
0.000196033
-0.00180638
9.83984e-05
-0.00111007
1.60561e-05
-0.000635297
-4.47616e-05
-0.000363837
-8.92907e-05
-0.000238437
-0.000124958
-0.000204279
-0.000156702
-0.000220819
-0.000187316
-0.000256793
-0.000220184
-0.000278872
-0.000261573
-0.000239013
-0.000319738
-6.53772e-05
-0.000396413
0.00033221
-0.000478258
0.0010331
-0.000522672
0.00204808
-0.000459234
0.00319315
-0.000242366
0.00385756
0.00266384
-4.67108e-06
-0.00207039
-0.000204572
-0.00284381
-0.000527487
-0.00227909
-0.000854709
-0.00147895
-0.00112285
-0.000841725
-0.00132068
-0.000437265
-0.00146177
-0.000222545
-0.00156451
-0.000135504
-0.00164281
-0.000125778
-0.00170543
-0.000158004
-0.00175789
-0.000204138
-0.00180392
-0.000232643
-0.00184387
-0.000198863
-0.00186926
-3.9788e-05
-0.00185147
0.00031463
-0.00174569
0.000927522
-0.00149092
0.00179351
-0.00104016
0.00274257
-0.000442309
0.00325984
0.00222159
-0.00027256
-0.00179776
-0.000901246
-0.00221496
-0.0015823
-0.00159785
-0.00214775
-0.000913296
-0.00255826
-0.000431015
-0.00283739
-0.000157939
-0.00302414
-3.56054e-05
-0.00315271
-6.74791e-06
-0.00324815
-3.01544e-05
-0.00332662
-7.93456e-05
-0.00339649
-0.000134092
-0.00345712
-0.000171835
-0.00349485
-0.000160952
-0.00347595
-5.85053e-05
-0.00334542
0.000184279
-0.00303032
0.000612598
-0.00246143
0.0012248
-0.00162106
0.00190235
-0.00064586
0.00228476
0.00157577
-0.000695655
-0.00110203
-0.00181978
-0.00109067
-0.00277792
-0.000639521
-0.00342132
-0.000269695
-0.00379529
-5.68515e-05
-0.00399596
4.29113e-05
-0.00410155
7.01685e-05
-0.00416412
5.5998e-05
-0.00421687
2.27573e-05
-0.00427875
-1.73022e-05
-0.00435536
-5.73277e-05
-0.00443809
-8.89596e-05
-0.0044997
-9.91859e-05
-0.00448811
-6.99551e-05
-0.00432756
2.38653e-05
-0.00391593
0.000201109
-0.00316749
0.0004765
-0.00206948
0.000804461
-0.000810092
0.00102547
0.000765719
-0.00110196
-0.00219247
-0.0028318
-0.0031013
-0.00315797
-0.00311488
-0.00304455
-0.00298839
-0.00296549
-0.00298265
-0.00303984
-0.00312867
-0.00322774
-0.00329758
-0.00327361
-0.0030724
-0.00259581
-0.00179127
-0.000765745
)
;

boundaryField
{
    leftWall
    {
        type            calculated;
        value           nonuniform List<scalar> 10(0 0 5.42101e-20 0 0 0 -4.33681e-19 0 0 8.67362e-19);
    }
    rightWall
    {
        type            calculated;
        value           nonuniform List<scalar> 10(0 -2.1684e-19 0 0 0 0 0 0 0 0);
    }
    topWall
    {
        type            calculated;
        value           uniform 0;
    }
    bottomWall
    {
        type            calculated;
        value           uniform 0;
    }
    frontAndBackPlanes
    {
        type            empty;
    }
}


// ************************************************************************* //
