/*--------------------------------*- C++ -*----------------------------------*\
| =========                 |                                                 |
| \\      /  F ield         | OpenFOAM: The Open Source CFD Toolbox           |
|  \\    /   O peration     | Version:  2506                                  |
|   \\  /    A nd           | Website:  www.openfoam.com                      |
|    \\/     M anipulation  |                                                 |
\*---------------------------------------------------------------------------*/
FoamFile
{
    version     2.0;
    format      ascii;
    arch        "LSB;label=32;scalar=64";
    class       surfaceScalarField;
    location    "24.8";
    object      phi;
}
// * * * * * * * * * * * * * * * * * * * * * * * * * * * * * * * * * * * * * //

dimensions      [1 0 -1 0 0 0 0];

oriented        oriented;

internalField   nonuniform List<scalar> 
370
(
-7.06658e-05
-3.64538e-05
3.43903e-05
-0.000105058
0.000214034
-0.000179646
0.00046428
-0.000250251
0.000768472
-0.000304198
0.00110636
-0.000337898
0.00145856
-0.00035221
0.00180926
-0.000350711
0.00214798
-0.000338732
0.0024701
-0.000322143
0.00277615
-0.000306059
0.00306967
-0.000293533
0.0033526
-0.000282941
0.00361805
-0.000265464
0.00383675
-0.000218718
0.00392731
-9.05626e-05
0.00374809
0.00017923
0.00307075
0.000677359
0.00167379
0.001397
0.00167382
6.88067e-05
-0.000105257
0.000304294
-0.000340536
0.000687865
-0.000563203
0.00118796
-0.00075033
0.00176939
-0.000885616
0.00239461
-0.000963103
0.00302793
-0.000985512
0.00363913
-0.000961898
0.00420513
-0.000904713
0.0047094
-0.000826402
0.00513929
-0.000735938
0.00548119
-0.000635419
0.00571446
-0.000516204
0.00580259
-0.000353588
0.00568229
-9.84233e-05
0.00526115
0.000330571
0.00440484
0.00103555
0.00300599
0.00207622
0.00121902
0.00318401
0.00289288
0.000131464
-0.000236712
0.000474234
-0.000683279
0.000982867
-0.0010718
0.00160791
-0.00137533
0.00230013
-0.00157778
0.00301224
-0.00167516
0.00370235
-0.00167555
0.00433695
-0.00159643
0.00489185
-0.00145953
0.00535022
-0.00128469
0.00569825
-0.00108389
0.00591901
-0.000856114
0.00598557
-0.000582711
0.00585486
-0.00022283
0.0054646
0.000291863
0.00474947
0.00104571
0.00366561
0.00211942
0.00225745
0.00348439
0.000805282
0.00463622
0.00369819
0.000161779
-0.000398475
0.000558487
-0.00107994
0.001116
-0.00162924
0.00176944
-0.00202868
0.00245934
-0.00226757
0.00313243
-0.00234811
0.00374557
-0.0022885
0.00426914
-0.00211978
0.00468724
-0.00187741
0.00499402
-0.00159124
0.00518703
-0.0012767
0.00525928
-0.000928185
0.00519126
-0.000514541
0.00494969
1.88554e-05
0.00448326
0.000758374
0.0037572
0.00177182
0.00276618
0.00311047
0.00159594
0.00465467
0.000511826
0.00572039
0.00421006
0.000168976
-0.000567427
0.000556078
-0.00146698
0.0010726
-0.00214567
0.00164794
-0.00260387
0.00222016
-0.00283956
0.00273648
-0.0028641
0.0031593
-0.00271089
0.00347081
-0.0024308
0.003672
-0.0020781
0.00377602
-0.00169479
0.00379833
-0.0012986
0.00374646
-0.000875963
0.00361206
-0.000379873
0.00336455
0.000266586
0.00297443
0.00114865
0.00241245
0.0023339
0.00168895
0.00383405
0.000892806
0.00545089
0.00023513
0.00637816
0.00444526
0.000135972
-0.000703369
0.000417724
-0.00174865
0.000764855
-0.00249265
0.0011185
-0.00295724
0.00142694
-0.00314753
0.00164859
-0.00308505
0.0017617
-0.00282313
0.00176957
-0.00243771
0.00169657
-0.00200418
0.00157701
-0.00157442
0.00144165
-0.00116259
0.00130656
-0.000740379
0.00116725
-0.000240176
0.00100225
0.000431899
0.000790327
0.0013608
0.000521757
0.00260264
0.00022355
0.0041324
-2.23093e-05
0.00569693
-0.000103223
0.00645922
0.00434208
3.65459e-05
-0.000739878
7.49363e-05
-0.00178693
8.03855e-05
-0.00249785
2.87796e-05
-0.00290513
-0.000101845
-0.00301599
-0.000323754
-0.0028618
-0.000628637
-0.00251664
-0.000985667
-0.00207906
-0.00135087
-0.00163757
-0.00168134
-0.00124285
-0.00194666
-0.000896465
-0.00213307
-0.000553376
-0.00224077
-0.000131993
-0.00226488
0.000456438
-0.00220003
0.00129632
-0.00202787
0.00243079
-0.00170922
0.00381403
-0.00119742
0.00518538
-0.000520121
0.00578211
0.00382203
-0.000144867
-0.000594968
-0.000499633
-0.001432
-0.00100766
-0.00198941
-0.00163026
-0.00228159
-0.00233461
-0.00230999
-0.00308229
-0.00211187
-0.00382729
-0.00176917
-0.00452229
-0.00138176
-0.00512793
-0.00103006
-0.00561791
-0.000751454
-0.00597671
-0.000536607
-0.00619084
-0.000338408
-0.00623873
-8.3401e-05
-0.0060808
0.000299114
-0.00567118
0.000887245
-0.00495908
0.00171917
-0.00390049
0.00275585
-0.00250776
0.00379298
-0.000984568
0.00425915
0.00283754
-0.000327248
-0.000267675
-0.00108083
-0.000678212
-0.00210846
-0.000961121
-0.00328834
-0.00110024
-0.00450639
-0.0010895
-0.00566184
-0.000953218
-0.00668076
-0.000746842
-0.00752542
-0.000533984
-0.00819199
-0.000360901
-0.0086961
-0.000245318
-0.00905275
-0.000178394
-0.00925698
-0.000132938
-0.00926742
-7.19483e-05
-0.009021
5.35634e-05
-0.00841683
0.000283829
-0.00735183
0.000654824
-0.00575264
0.00115721
-0.00365705
0.00169782
-0.00140055
0.00200295
0.00143712
-0.000267648
-0.000945685
-0.00190618
-0.00300492
-0.00409179
-0.00504146
-0.00578436
-0.00631451
-0.006672
-0.00691448
-0.00709058
-0.00722168
-0.00729216
-0.00723738
-0.00695254
-0.00629688
-0.00513899
-0.00344062
-0.00143729
)
;

boundaryField
{
    leftWall
    {
        type            calculated;
        value           nonuniform List<scalar> 10(0 0 0 3.38813e-21 0 0 -1.35525e-20 0 0 0);
    }
    rightWall
    {
        type            calculated;
        value           nonuniform List<scalar> 10(0 0 0 0 0 0 -8.67362e-19 0 0 0);
    }
    topWall
    {
        type            calculated;
        value           uniform 0;
    }
    bottomWall
    {
        type            calculated;
        value           uniform 0;
    }
    frontAndBackPlanes
    {
        type            empty;
    }
}


// ************************************************************************* //
