/*--------------------------------*- C++ -*----------------------------------*\
| =========                 |                                                 |
| \\      /  F ield         | OpenFOAM: The Open Source CFD Toolbox           |
|  \\    /   O peration     | Version:  2506                                  |
|   \\  /    A nd           | Website:  www.openfoam.com                      |
|    \\/     M anipulation  |                                                 |
\*---------------------------------------------------------------------------*/
FoamFile
{
    version     2.0;
    format      ascii;
    arch        "LSB;label=32;scalar=64";
    class       surfaceScalarField;
    location    "104.4";
    object      phi;
}
// * * * * * * * * * * * * * * * * * * * * * * * * * * * * * * * * * * * * * //

dimensions      [1 0 -1 0 0 0 0];

oriented        oriented;

internalField   nonuniform List<scalar> 
370
(
0.000266408
-0.000308641
0.000731103
-0.000464622
0.00114225
-0.000411045
0.00143356
-0.000291179
0.00161034
-0.000176636
0.00170666
-9.61564e-05
0.00176144
-5.46184e-05
0.00180777
-4.61461e-05
0.00187013
-6.21794e-05
0.00196537
-9.50394e-05
0.00210459
-0.000139023
0.00229451
-0.000189717
0.00253619
-0.00024147
0.00281871
-0.0002823
0.00310514
-0.000286208
0.00330679
-0.000201431
0.00324537
6.16505e-05
0.0027053
0.000540296
0.00147504
0.00123046
0.00147515
0.000398599
-0.000707203
0.00107715
-0.00114307
0.00173462
-0.00106837
0.0022522
-0.000808584
0.00261475
-0.000539013
0.00285329
-0.000334505
0.00301202
-0.000213147
0.0031319
-0.000165832
0.00324392
-0.000173993
0.00336781
-0.000218727
0.00351286
-0.000283858
0.00367777
-0.000354418
0.00384761
-0.000411084
0.00398631
-0.000420779
0.00402475
-0.00032442
0.00385264
-2.90802e-05
0.00333034
0.000584182
0.00231525
0.00155561
0.000938817
0.0026071
0.00241407
0.000400696
-0.00110785
0.00106026
-0.00180251
0.00169496
-0.00170288
0.00219758
-0.00131099
0.00255656
-0.000897766
0.00280008
-0.000577792
0.00296538
-0.000378213
0.00308477
-0.000284986
0.00318096
-0.000269946
0.00326674
-0.000304277
0.00334577
-0.000362646
0.00341215
-0.000420559
0.00344751
-0.000446206
0.00341555
-0.000388567
0.0032574
-0.000166027
0.0028946
0.000333982
0.00227042
0.00120861
0.00139433
0.00243195
0.000474359
0.00352728
0.00288852
0.000355841
-0.00146363
0.00090684
-0.00235335
0.00140387
-0.00219969
0.00177242
-0.00167928
0.0020201
-0.00114518
0.00218009
-0.000737523
0.00228452
-0.000482374
0.00235572
-0.000355927
0.00240619
-0.000320152
0.00244123
-0.000339061
0.0024611
-0.000382253
0.00246069
-0.000419894
0.00242655
-0.000411795
0.00233224
-0.000293997
0.00213753
2.89509e-05
0.00180159
0.000670197
0.00130755
0.00170291
0.000708811
0.00303095
0.000184006
0.00405229
0.00307262
0.000285594
-0.00174916
0.000671077
-0.00273866
0.000966023
-0.0024944
0.00114408
-0.00185707
0.00123769
-0.00123851
0.00128436
-0.000783916
0.0013085
-0.000506239
0.00132093
-0.00036808
0.00132436
-0.000323307
0.00131856
-0.000332993
0.00130263
-0.000366062
0.0012737
-0.000390691
0.00122331
-0.000361133
0.00113402
-0.000204436
0.000980367
0.000182886
0.000746275
0.000904572
0.000442302
0.00200716
0.000140572
0.00333294
-2.89821e-05
0.00422205
0.00304372
0.000185757
-0.00193485
0.000344175
-0.00289689
0.000381556
-0.00253152
0.000334884
-0.00181012
0.000258576
-0.00116191
0.00018527
-0.000710331
0.000124986
-0.00044568
7.55826e-05
-0.000318407
3.20765e-05
-0.000279533
-8.92489e-06
-0.000291726
-4.93419e-05
-0.00032538
-9.22009e-05
-0.000347566
-0.000144078
-0.000308986
-0.000214176
-0.000134062
-0.000306292
0.000275286
-0.000407686
0.00100625
-0.000475548
0.00207531
-0.000436574
0.00329422
-0.00023851
0.00402418
0.00280529
2.12806e-05
-0.00195606
-0.000132659
-0.00274275
-0.000412209
-0.00225171
-0.000711433
-0.00151062
-0.000967795
-0.000905278
-0.00116578
-0.000512075
-0.00131435
-0.000296853
-0.00142834
-0.000204156
-0.00151973
-0.000187883
-0.00159616
-0.000215039
-0.00166269
-0.000258587
-0.00172326
-0.000286741
-0.00177905
-0.000252929
-0.0018224
-9.0446e-05
-0.00182501
0.00027817
-0.00173908
0.000920596
-0.00149977
0.00183626
-0.00105571
0.0028504
-0.000453035
0.00342168
0.00235232
-0.000245434
-0.00171054
-0.000830653
-0.00215732
-0.00148043
-0.00160168
-0.00203359
-0.000957191
-0.00244724
-0.000491363
-0.00273864
-0.000220413
-0.00294294
-9.23076e-05
-0.00309122
-5.56234e-05
-0.0032067
-7.2161e-05
-0.00330503
-0.000116469
-0.00339442
-0.000168956
-0.00347471
-0.000206211
-0.00353265
-0.000194751
-0.0035343
-8.85615e-05
-0.00342138
0.000165496
-0.00311644
0.000615893
-0.00254475
0.00126479
-0.00168448
0.00199033
-0.000674765
0.00241213
0.00167762
-0.000660941
-0.0010495
-0.00174749
-0.00107056
-0.00269494
-0.000653973
-0.00335135
-0.000300514
-0.00375327
-8.91874e-05
-0.00398034
6.90145e-06
-0.0041159
4.34883e-05
-0.00420606
3.47669e-05
-0.00428281
4.80794e-06
-0.00436768
-3.13868e-05
-0.00446586
-7.05635e-05
-0.00456969
-0.000102187
-0.00465168
-0.000112564
-0.00465775
-8.22981e-05
-0.00450857
1.65051e-05
-0.00409499
0.000202501
-0.00332481
0.000494779
-0.00218078
0.00084646
-0.000857333
0.0010888
0.000820336
-0.0010494
-0.00211974
-0.00277346
-0.00307372
-0.00316266
-0.00315553
-0.00311182
-0.00307684
-0.00307184
-0.00310303
-0.00317342
-0.00327544
-0.00338785
-0.00347
-0.00345336
-0.00325072
-0.00275582
-0.00190926
-0.000820371
)
;

boundaryField
{
    leftWall
    {
        type            calculated;
        value           nonuniform List<scalar> 10(0 0 -5.42101e-20 0 0 2.1684e-19 0 -4.33681e-19 0 0);
    }
    rightWall
    {
        type            calculated;
        value           nonuniform List<scalar> 10(0 -2.1684e-19 0 0 0 0 0 0 0 0);
    }
    topWall
    {
        type            calculated;
        value           uniform 0;
    }
    bottomWall
    {
        type            calculated;
        value           uniform 0;
    }
    frontAndBackPlanes
    {
        type            empty;
    }
}


// ************************************************************************* //
