/*--------------------------------*- C++ -*----------------------------------*\
| =========                 |                                                 |
| \\      /  F ield         | OpenFOAM: The Open Source CFD Toolbox           |
|  \\    /   O peration     | Version:  2506                                  |
|   \\  /    A nd           | Website:  www.openfoam.com                      |
|    \\/     M anipulation  |                                                 |
\*---------------------------------------------------------------------------*/
FoamFile
{
    version     2.0;
    format      ascii;
    arch        "LSB;label=32;scalar=64";
    class       surfaceScalarField;
    location    "22.8";
    object      phi;
}
// * * * * * * * * * * * * * * * * * * * * * * * * * * * * * * * * * * * * * //

dimensions      [1 0 -1 0 0 0 0];

oriented        oriented;

internalField   nonuniform List<scalar> 
370
(
-7.38084e-05
-3.39295e-05
2.12924e-05
-9.51034e-05
0.000185276
-0.000163988
0.000417412
-0.000232143
0.000705279
-0.000287878
0.00103258
-0.000327312
0.00138254
-0.000349974
0.00174006
-0.000357538
0.00209344
-0.000353395
0.00243536
-0.000341942
0.00276288
-0.000327542
0.00307613
-0.000313269
0.00337434
-0.00029822
0.00364881
-0.000274492
0.00386972
-0.000220913
0.00395592
-8.62128e-05
0.00376886
0.000187062
0.00308211
0.000686779
0.00167758
0.00140457
0.00167761
5.73264e-05
-9.1253e-05
0.000264155
-0.000301924
0.000608534
-0.000508356
0.00106747
-0.000691066
0.00161414
-0.000834541
0.00221783
-0.00093099
0.00284678
-0.00097892
0.00347114
-0.000981895
0.00406489
-0.000947144
0.00460637
-0.000883422
0.00507693
-0.000798104
0.0054573
-0.000693638
0.00572224
-0.000563163
0.00583234
-0.000384595
0.00572317
-0.000111745
0.00530297
0.000333976
0.00443822
0.00105179
0.00302629
0.00209871
0.00122614
0.00320473
0.00290378
0.000111195
-0.00020244
0.000406893
-0.000597598
0.000855648
-0.000957078
0.0014219
-0.00125728
0.00206877
-0.00148137
0.0027578
-0.00161998
0.0034507
-0.00167178
0.00411199
-0.00164314
0.00471112
-0.00154623
0.00522285
-0.0013951
0.00562508
-0.00120028
0.00589423
-0.000962745
0.005999
-0.000667896
0.00589405
-0.000279619
0.00551672
0.000265595
0.00480195
0.00104875
0.00370811
0.0021456
0.00228379
0.00352301
0.000814834
0.00467368
0.00371862
0.000132246
-0.000334671
0.000464078
-0.000929389
0.000943782
-0.00143673
0.00152674
-0.00184018
0.00217003
-0.00212459
0.00283058
-0.00228044
0.00346679
-0.00230789
0.00404228
-0.00221849
0.00452911
-0.00203289
0.00490831
-0.00177413
0.00516671
-0.00145851
0.00529058
-0.00108647
0.00525786
-0.000635065
0.0050339
-5.55661e-05
0.00457122
0.000728324
0.00383551
0.00178448
0.00282537
0.00315573
0.00163133
0.00471703
0.000524512
0.0057805
0.00424314
0.000130925
-0.000465574
0.000440407
-0.00123882
0.000870628
-0.00186687
0.00137652
-0.00234598
0.00191556
-0.00266349
0.00244463
-0.00280933
0.002923
-0.00278599
0.00331856
-0.00261369
0.00361298
-0.0023269
0.00380194
-0.00196266
0.00388953
-0.00154572
0.00387899
-0.0010756
0.00376298
-0.000518804
0.0035171
0.00019051
0.00311058
0.00113497
0.00252192
0.00237321
0.00176627
0.0039114
0.00093731
0.005546
0.000250669
0.00646716
0.00449383
9.48064e-05
-0.000560354
0.000300884
-0.00144482
0.0005733
-0.00213919
0.00087909
-0.00265162
0.00118512
-0.00296927
0.00145548
-0.00307925
0.00165735
-0.00298722
0.001771
-0.00272652
0.00179599
-0.00235101
0.00174898
-0.00191481
0.00165392
-0.00144995
0.00152949
-0.000950622
0.00137901
-0.000367913
0.00118794
0.0003819
0.00094218
0.00138095
0.000636375
0.00267916
0.00030098
0.00424688
2.04918e-05
0.00582657
-8.85044e-05
0.00657626
0.00440535
6.73769e-06
-0.000567061
5.8473e-07
-0.00143859
-2.6393e-05
-0.00211207
-7.86129e-05
-0.00259914
-0.000168566
-0.0028788
-0.000313376
-0.00293353
-0.000524437
-0.00277484
-0.000796854
-0.00245253
-0.00110645
-0.00203983
-0.00141709
-0.0016028
-0.00169334
-0.00117264
-0.00191072
-0.000732484
-0.00205823
-0.000219849
-0.00212504
0.000449181
-0.0020982
0.0013545
-0.00195745
0.00253871
-0.0016643
0.00395397
-0.00117373
0.0053362
-0.000512918
0.0059156
0.00389247
-0.000138156
-0.000428874
-0.000464595
-0.00111206
-0.000924115
-0.00165235
-0.00148304
-0.00203973
-0.00211704
-0.00224378
-0.00280374
-0.0022451
-0.00351512
-0.00206112
-0.00421412
-0.00175095
-0.0048589
-0.00139265
-0.00541078
-0.00104896
-0.00583881
-0.000743115
-0.00611704
-0.000453146
-0.006217
-0.000119036
-0.00609448
0.000327351
-0.0057025
0.000963103
-0.00499336
0.00183006
-0.00392802
0.00288905
-0.0025242
0.00393269
-0.000990288
0.00438192
0.00290227
-0.000256918
-0.000171934
-0.000869639
-0.000499251
-0.00174386
-0.000777838
-0.00280284
-0.000979961
-0.00396555
-0.00107942
-0.00514638
-0.0010616
-0.00626455
-0.000939494
-0.00725673
-0.000755082
-0.00808509
-0.00056088
-0.00873569
-0.000395506
-0.00920535
-0.000271232
-0.00948247
-0.000174319
-0.00952741
-7.27782e-05
-0.00928028
8.1265e-05
-0.00864977
0.00033346
-0.00753989
0.000720914
-0.00588485
0.00123462
-0.00373078
0.00177911
-0.00142414
0.00207562
0.00147828
-0.000171924
-0.000671116
-0.00144871
-0.00242792
-0.00350564
-0.00456437
-0.0055
-0.00625074
-0.00680737
-0.00719907
-0.00746712
-0.00763886
-0.0077096
-0.0076267
-0.00729192
-0.00656992
-0.00533443
-0.00355462
-0.0014785
)
;

boundaryField
{
    leftWall
    {
        type            calculated;
        value           nonuniform List<scalar> 10(0 0 0 0 -6.77626e-21 1.35525e-20 0 0 0 0);
    }
    rightWall
    {
        type            calculated;
        value           nonuniform List<scalar> 10(1.0842e-19 0 -4.33681e-19 0 0 0 -8.67362e-19 0 0 0);
    }
    topWall
    {
        type            calculated;
        value           uniform 0;
    }
    bottomWall
    {
        type            calculated;
        value           uniform 0;
    }
    frontAndBackPlanes
    {
        type            empty;
    }
}


// ************************************************************************* //
