/*--------------------------------*- C++ -*----------------------------------*\
| =========                 |                                                 |
| \\      /  F ield         | OpenFOAM: The Open Source CFD Toolbox           |
|  \\    /   O peration     | Version:  2506                                  |
|   \\  /    A nd           | Website:  www.openfoam.com                      |
|    \\/     M anipulation  |                                                 |
\*---------------------------------------------------------------------------*/
FoamFile
{
    version     2.0;
    format      ascii;
    arch        "LSB;label=32;scalar=64";
    class       surfaceScalarField;
    location    "11.4";
    object      phi;
}
// * * * * * * * * * * * * * * * * * * * * * * * * * * * * * * * * * * * * * //

dimensions      [1 0 -1 0 0 0 0];

oriented        oriented;

internalField   nonuniform List<scalar> 
370
(
-8.73034e-05
-2.92219e-05
-2.86977e-05
-5.86139e-05
6.00076e-05
-8.87194e-05
0.000182827
-0.000122839
0.000337875
-0.000155071
0.000523782
-0.000185933
0.000740929
-0.000217174
0.000991031
-0.00025013
0.00127637
-0.000285367
0.00159875
-0.000322411
0.0019581
-0.000359377
0.00235047
-0.000392395
0.00276507
-0.000414626
0.00317856
-0.000413504
0.00354409
-0.000365513
0.00376983
-0.000225678
0.00368175
8.82348e-05
0.00306181
0.000620217
0.00168356
0.00137861
0.00168381
7.02667e-06
-3.62439e-05
8.09961e-05
-0.000132574
0.000224662
-0.000232379
0.000430415
-0.000328593
0.000692561
-0.000417226
0.00100648
-0.000499862
0.001369
-0.000579717
0.00177779
-0.000658936
0.00222958
-0.000737176
0.00271779
-0.00081064
0.00322945
-0.000871048
0.00374125
-0.000904216
0.00421442
-0.000887809
0.0045883
-0.00078739
0.00477256
-0.000549755
0.00464208
-9.5151e-05
0.00404762
0.000682795
0.00284046
0.00182752
0.00117166
0.0030476
0.00285558
2.36602e-05
-5.98902e-05
0.000109205
-0.000218088
0.000261454
-0.000384599
0.000474907
-0.000542029
0.000743134
-0.000685447
0.00106072
-0.000817445
0.00142331
-0.000942323
0.00182655
-0.00106218
0.00226394
-0.00117458
0.00272419
-0.0012709
0.00318784
-0.00133471
0.00362355
-0.00133994
0.00398417
-0.00124843
0.00420346
-0.00100667
0.00419534
-0.000541604
0.00386037
0.000239896
0.00312079
0.0014225
0.00198904
0.00295943
0.000724851
0.00431194
0.00358051
1.65697e-05
-7.64374e-05
8.24107e-05
-0.000283879
0.000201051
-0.00050319
0.000369362
-0.000710308
0.000582323
-0.000898393
0.000835632
-0.00107075
0.00112609
-0.00123278
0.00145047
-0.00138656
0.00180341
-0.00152752
0.00217456
-0.00164206
0.00254535
-0.0017055
0.00288557
-0.00168016
0.00315093
-0.00151378
0.00328276
-0.00113848
0.00321217
-0.000470941
0.00287274
0.000579465
0.00223083
0.00206463
0.00134178
0.00384877
0.00044401
0.00520998
0.00402468
-2.06168e-07
-7.62005e-05
2.26173e-05
-0.000306635
7.83089e-05
-0.000558816
0.000167383
-0.000799338
0.000287476
-0.00101846
0.000436926
-0.00122019
0.000615644
-0.0014115
0.000824234
-0.00159515
0.0010622
-0.00176549
0.00132429
-0.00190415
0.00159748
-0.00197869
0.00185732
-0.00193999
0.00206588
-0.00172231
0.00217342
-0.00124595
0.00212553
-0.000422906
0.00187672
0.000828529
0.00141535
0.00252644
0.000805659
0.00445902
0.000236767
0.00577945
0.0042618
-2.37218e-05
-5.24413e-05
-5.58413e-05
-0.000274433
-8.00861e-05
-0.000534492
-9.21254e-05
-0.000787245
-9.13354e-05
-0.00101922
-7.60896e-05
-0.00123542
-4.2246e-05
-0.00144533
1.62811e-05
-0.00165367
0.000105277
-0.00185448
0.000228146
-0.002027
0.000380895
-0.00213141
0.000548203
-0.00210723
0.00070132
-0.0018753
0.000800736
-0.00134516
0.000805649
-0.000427509
0.000689669
0.000945029
0.00046386
0.00275306
0.000199307
0.00472465
1.75255e-05
0.00596233
0.00427998
-4.56144e-05
-6.78393e-06
-0.000132386
-0.000187568
-0.000239907
-0.00042688
-0.000362904
-0.000664186
-0.000499517
-0.000882574
-0.00064589
-0.00108903
-0.000794588
-0.00129662
-0.000934814
-0.00151343
-0.00105356
-0.0017357
-0.00113842
-0.0019421
-0.00118124
-0.00208848
-0.00118259
-0.00210565
-0.00115344
-0.00190401
-0.00111097
-0.00138697
-0.00106712
-0.000470476
-0.00101057
0.000889695
-0.000896054
0.00264018
-0.000660441
0.00449097
-0.00029875
0.00560248
0.00398218
-5.20062e-05
4.52702e-05
-0.000167427
-7.20413e-05
-0.000336174
-0.00025803
-0.000557292
-0.000442996
-0.00082968
-0.000610142
-0.00114929
-0.000769387
-0.00150906
-0.000936823
-0.0018985
-0.00112394
-0.00230305
-0.00133109
-0.00270383
-0.00154118
-0.00307875
-0.00171322
-0.00340378
-0.0017799
-0.00365167
-0.00165483
-0.00378614
-0.00125061
-0.00375365
-0.000500598
-0.00347644
0.000615229
-0.00286986
0.00203657
-0.00190881
0.00353292
-0.000760519
0.00445677
0.00322291
-1.69924e-05
6.23179e-05
-9.39251e-05
5.0153e-06
-0.000262939
-8.88938e-05
-0.000525781
-0.000180067
-0.000878067
-0.000257799
-0.00131602
-0.000331396
-0.00183949
-0.000413307
-0.00245032
-0.000513052
-0.00314732
-0.000633967
-0.00391916
-0.000769033
-0.00473673
-0.000894883
-0.00554508
-0.000969957
-0.00625676
-0.000940373
-0.00674784
-0.000755558
-0.00686215
-0.000381558
-0.00643401
0.000191912
-0.00531554
0.000922642
-0.00351853
0.00173996
-0.00138308
0.00232452
0.00184135
6.23839e-05
6.75479e-05
-2.11961e-05
-0.000201154
-0.000458882
-0.000790228
-0.00120349
-0.00171648
-0.00235033
-0.00311904
-0.00401304
-0.00498101
-0.00591778
-0.00666805
-0.00704322
-0.00684478
-0.0059162
-0.0041713
-0.00184312
)
;

boundaryField
{
    leftWall
    {
        type            calculated;
        value           nonuniform List<scalar> 10(0 0 3.38813e-21 0 0 0 0 0 5.42101e-20 0);
    }
    rightWall
    {
        type            calculated;
        value           nonuniform List<scalar> 10(1.0842e-19 0 0 0 0 8.67362e-19 0 -8.67362e-19 8.67362e-19 0);
    }
    topWall
    {
        type            calculated;
        value           uniform 0;
    }
    bottomWall
    {
        type            calculated;
        value           uniform 0;
    }
    frontAndBackPlanes
    {
        type            empty;
    }
}


// ************************************************************************* //
