/*--------------------------------*- C++ -*----------------------------------*\
| =========                 |                                                 |
| \\      /  F ield         | OpenFOAM: The Open Source CFD Toolbox           |
|  \\    /   O peration     | Version:  2506                                  |
|   \\  /    A nd           | Website:  www.openfoam.com                      |
|    \\/     M anipulation  |                                                 |
\*---------------------------------------------------------------------------*/
FoamFile
{
    version     2.0;
    format      ascii;
    arch        "LSB;label=32;scalar=64";
    class       surfaceScalarField;
    location    "134.6";
    object      phi;
}
// * * * * * * * * * * * * * * * * * * * * * * * * * * * * * * * * * * * * * //

dimensions      [1 0 -1 0 0 0 0];

oriented        oriented;

internalField   nonuniform List<scalar> 
370
(
0.000366264
-0.00039516
0.00094203
-0.000575714
0.0014342
-0.000492094
0.00176531
-0.000331018
0.00194779
-0.000182383
0.00202728
-7.9381e-05
0.00205305
-2.56481e-05
0.00206503
-1.18521e-05
0.00209139
-2.62198e-05
0.00215096
-5.94256e-05
0.00225489
-0.000103779
0.00240897
-0.000153924
0.00261313
-0.000204003
0.00285567
-0.000242375
0.00309975
-0.000243903
0.00325793
-0.000158003
0.00316502
9.30894e-05
0.00261117
0.000554025
0.00140771
0.00120362
0.00140779
0.000478563
-0.000873696
0.00127338
-0.00137046
0.00202257
-0.00124118
0.00259134
-0.000899674
0.00296805
-0.000558969
0.00319368
-0.000304869
0.00332253
-0.000154364
0.00340374
-9.29249e-05
0.00347371
-9.60437e-05
0.00355441
-0.000139972
0.0036559
-0.000205121
0.00377679
-0.000274653
0.00390175
-0.000328805
0.00399503
-0.000335488
0.00398978
-0.000238488
0.00378126
5.06965e-05
0.00323536
0.000639167
0.00222905
0.0015605
0.000895798
0.00253702
0.00230367
0.00044737
-0.00132103
0.0011699
-0.00209289
0.00184874
-0.00191989
0.00236961
-0.00142039
0.00272557
-0.000914766
0.00295218
-0.000531313
0.00309304
-0.000295065
0.00318477
-0.000184488
0.00325242
-0.000163533
0.00330975
-0.000197128
0.0033605
-0.000255708
0.00339855
-0.000312533
0.00340538
-0.000335468
0.00334528
-0.000275211
0.00316154
-5.45777e-05
0.00278444
0.00042798
0.00216393
0.00125986
0.00131538
0.00240923
0.000441181
0.00341137
0.00274491
0.000372421
-0.00169341
0.000933351
-0.00265371
0.00142337
-0.00240976
0.00177242
-0.00176927
0.00199584
-0.00113801
0.00213261
-0.000667893
0.00221755
-0.000379822
0.00227329
-0.000240052
0.00231143
-0.000201492
0.00233611
-0.000221632
0.00234658
-0.000265993
0.00233698
-0.000302754
0.00229355
-0.000291862
0.0021909
-0.000172378
0.00199205
0.00014446
0.00166296
0.000757256
0.00119101
0.00173199
0.000631866
0.00296856
0.000155612
0.00388777
0.00290059
0.000277925
-0.00197129
0.000631313
-0.00300698
0.000881193
-0.00265947
0.00101502
-0.00190292
0.00107386
-0.00119665
0.00109815
-0.000691998
0.00111113
-0.000392607
0.00112039
-0.000249131
0.00112553
-0.000206449
0.00112406
-0.000219974
0.00111359
-0.000255344
0.00109038
-0.000279362
0.00104573
-0.000247033
0.000963251
-8.9712e-05
0.000821392
0.000286507
0.000606592
0.000972247
0.000334246
0.00200453
7.56986e-05
0.00322728
-5.11058e-05
0.00401471
0.00284954
0.000161444
-0.00213269
0.000260424
-0.00310584
0.000233741
-0.00263262
0.000137118
-0.00180611
3.06493e-05
-0.00108999
-5.57657e-05
-0.000605397
-0.000116907
-0.000331282
-0.000159603
-0.000206254
-0.000192217
-0.000173656
-0.000220254
-0.000191758
-0.000246866
-0.000228554
-0.000275578
-0.000250472
-0.000312521
-0.00020991
-0.00036567
-3.63786e-05
-0.000435631
0.000356657
-0.00050891
0.00104572
-0.000543019
0.00203883
-0.000468893
0.00315333
-0.000243963
0.00378992
0.00260563
-1.44966e-05
-0.00211814
-0.000234706
-0.00288549
-0.000576076
-0.00229108
-0.000914984
-0.00146702
-0.0011881
-0.000816693
-0.00138592
-0.0004074
-0.00152445
-0.000192583
-0.00162303
-0.000107496
-0.00169617
-0.000100345
-0.0017532
-0.000134554
-0.0017999
-0.00018169
-0.00183992
-0.000210279
-0.00187323
-0.00017642
-0.0018912
-1.82347e-05
-0.0018647
0.000330334
-0.00175024
0.000931436
-0.00148843
0.00177719
-0.00103423
0.00269929
-0.000437947
0.00319376
0.00216773
-0.000284438
-0.00183365
-0.000930999
-0.0022388
-0.0016251
-0.00159681
-0.00219592
-0.000896022
-0.00260548
-0.000406965
-0.00287985
-0.000132856
-0.00305986
-1.24086e-05
-0.00318042
1.32353e-05
-0.00326771
-1.28969e-05
-0.00333812
-6.39841e-05
-0.00340002
-0.000119628
-0.00345259
-0.000157557
-0.00348199
-0.000146863
-0.00345424
-4.58254e-05
-0.0033162
0.000192454
-0.00299645
0.000611837
-0.00242811
0.00120901
-0.00159534
0.00186666
-0.000634006
0.00223252
0.00153376
-0.000710104
-0.00112348
-0.00184988
-0.00109888
-0.00281273
-0.00063379
-0.00345128
-0.000257297
-0.00381413
-4.39494e-05
-0.00400359
5.67639e-05
-0.00409706
8.12133e-05
-0.0041485
6.48229e-05
-0.00419138
3.01328e-05
-0.00424395
-1.12803e-05
-0.00431178
-5.16602e-05
-0.00438585
-8.33551e-05
-0.00443903
-9.35552e-05
-0.00441998
-6.47488e-05
-0.00425448
2.70793e-05
-0.00384324
0.000200716
-0.00310328
0.00046917
-0.00202383
0.00078731
-0.000790636
0.000999401
0.000743161
-0.00112341
-0.00222215
-0.00285577
-0.0031129
-0.00315669
-0.00309978
-0.00301842
-0.00295346
-0.00292319
-0.00293435
-0.00298589
-0.00306914
-0.00316259
-0.00322724
-0.00320007
-0.00299927
-0.00253002
-0.00174264
-0.000743183
)
;

boundaryField
{
    leftWall
    {
        type            calculated;
        value           uniform 0;
    }
    rightWall
    {
        type            calculated;
        value           uniform 0;
    }
    topWall
    {
        type            calculated;
        value           uniform 0;
    }
    bottomWall
    {
        type            calculated;
        value           uniform 0;
    }
    frontAndBackPlanes
    {
        type            empty;
    }
}


// ************************************************************************* //
