/*--------------------------------*- C++ -*----------------------------------*\
| =========                 |                                                 |
| \\      /  F ield         | OpenFOAM: The Open Source CFD Toolbox           |
|  \\    /   O peration     | Version:  2506                                  |
|   \\  /    A nd           | Website:  www.openfoam.com                      |
|    \\/     M anipulation  |                                                 |
\*---------------------------------------------------------------------------*/
FoamFile
{
    version     2.0;
    format      ascii;
    arch        "LSB;label=32;scalar=64";
    class       surfaceScalarField;
    location    "142.8";
    object      phi;
}
// * * * * * * * * * * * * * * * * * * * * * * * * * * * * * * * * * * * * * //

dimensions      [1 0 -1 0 0 0 0];

oriented        oriented;

internalField   nonuniform List<scalar> 
370
(
0.000387606
-0.000413651
0.000987135
-0.000599483
0.00149683
-0.000509627
0.00183687
-0.000339966
0.00202118
-0.000184217
0.00209777
-7.64873e-05
0.00211808
-2.02043e-05
0.00212355
-5.35448e-06
0.00214271
-1.90358e-05
0.00219501
-5.2167e-05
0.0022916
-9.64565e-05
0.00243808
-0.000146339
0.00263413
-0.000195901
0.00286782
-0.000233542
0.00310224
-0.00023426
0.00325005
-0.000147653
0.00314916
0.000101055
0.00259124
0.000558086
0.00139298
0.0011984
0.00139306
0.000495618
-0.000909245
0.00131524
-0.00141904
0.00208413
-0.00127842
0.00266415
-0.000919881
0.00304439
-0.000564341
0.00326787
-0.000299849
0.00339095
-0.000143156
0.00346432
-7.8601e-05
0.00352584
-8.04251e-05
0.00359774
-0.000123936
0.00369026
-0.000188838
0.00380195
-0.000257887
0.00391739
-0.000311197
0.00400084
-0.000316841
0.00398593
-0.000219194
0.00376895
6.94858e-05
0.0032172
0.000652961
0.00221183
0.00156362
0.000887037
0.00252333
0.00228016
0.000457247
-0.00136646
0.00119309
-0.0021548
0.00188129
-0.00196649
0.00240608
-0.00144454
0.00276153
-0.000919648
0.00298475
-0.000522915
0.00312063
-0.000278892
0.00320667
-0.000164494
0.00326846
-0.00014206
0.00331991
-0.000175244
0.00336484
-0.000233613
0.00339704
-0.000289935
0.00339796
-0.000311958
0.00333196
-0.000250687
0.00314283
-2.99067e-05
0.00276282
0.000449659
0.00214282
0.00127312
0.00129968
0.00240693
0.000434629
0.00338851
0.00271485
0.000375753
-0.00174218
0.000938572
-0.00271753
0.00142694
-0.00245472
0.00177176
-0.00178921
0.00199001
-0.00113773
0.00212187
-0.000654605
0.00220271
-0.00035957
0.00225518
-0.000216801
0.00229069
-0.000177412
0.00231319
-0.000197582
0.00232172
-0.000241981
0.00231029
-0.000278339
0.00226507
-0.000266575
0.00216087
-0.000146325
0.00196138
0.000169747
0.00163394
0.000777274
0.0011668
0.00174043
0.000616024
0.00295786
0.000149873
0.0038548
0.00286478
0.000276011
-0.00201815
0.000622318
-0.00306372
0.000862533
-0.00269479
0.000986938
-0.00191345
0.0010383
-0.00118892
0.0010579
-0.000674029
0.0010685
-0.000370003
0.00107698
-0.000225119
0.00108234
-0.000182604
0.00108166
-0.000196739
0.0010723
-0.000232452
0.00105032
-0.000256198
0.00100699
-0.000223079
0.000926135
-6.53059e-05
0.000787031
0.00030902
0.000576642
0.000987835
0.00031132
0.00200592
6.21856e-05
0.00320715
-5.55414e-05
0.00397265
0.00280929
0.000155666
-0.00217377
0.000242091
-0.00315004
0.000201945
-0.00265449
9.4913e-05
-0.00180624
-1.78197e-05
-0.00107601
-0.000107189
-0.000584492
-0.000168732
-0.000308295
-0.000210291
-0.000183397
-0.000240846
-0.000151887
-0.000266306
-0.000171118
-0.000290089
-0.00020851
-0.000315824
-0.000230302
-0.000349547
-0.000189194
-0.000399249
-1.54393e-05
-0.000464289
0.000374231
-0.000531281
0.001055
-0.000557835
0.00203265
-0.000475896
0.00312537
-0.00024511
0.00374198
0.00256423
-2.16636e-05
-0.00215206
-0.000256389
-0.00291519
-0.000610889
-0.00229983
-0.000958078
-0.00145889
-0.0012347
-0.000799231
-0.00143266
-0.000386368
-0.00156954
-0.000171264
-0.00166532
-8.74551e-05
-0.00173483
-8.22247e-05
-0.0017879
-0.000117898
-0.00183047
-0.000165784
-0.00186615
-0.000194464
-0.00189459
-0.000160601
-0.0019078
-2.06676e-06
-0.00187488
0.000341469
-0.00175405
0.000934332
-0.00148701
0.00176577
-0.00103015
0.00266866
-0.000434868
0.0031468
0.0021294
-0.000292954
-0.00185905
-0.000952339
-0.00225568
-0.00165582
-0.00159621
-0.00223054
-0.000884009
-0.00263948
-0.000390135
-0.00291051
-0.000115181
-0.0030858
4.17229e-06
-0.00320062
2.75162e-05
-0.00328198
-7.13729e-07
-0.00334676
-5.29836e-05
-0.00340311
-0.000109291
-0.00345006
-0.000147369
-0.00347373
-0.000136795
-0.00343896
-3.66947e-05
-0.0032957
0.000198356
-0.00297261
0.000611383
-0.00240457
0.00119786
-0.00157712
0.00184133
-0.000625575
0.00219535
0.00150386
-0.000720394
-0.0011386
-0.00187133
-0.00110462
-0.00283762
-0.00062976
-0.00347289
-0.000248595
-0.00382783
-3.50421e-05
-0.0040093
6.64309e-05
-0.00409399
8.89983e-05
-0.00413743
7.10914e-05
-0.00417345
3.54406e-05
-0.00421938
-6.93616e-06
-0.00428102
-4.75213e-05
-0.00434898
-7.92921e-05
-0.00439617
-8.94928e-05
-0.00437176
-6.09947e-05
-0.00420271
2.94154e-05
-0.00379168
0.000200461
-0.00305768
0.000463972
-0.00199137
0.000775111
-0.000776791
0.000980842
0.000727101
-0.00113854
-0.00224304
-0.00287265
-0.0031211
-0.00315599
-0.00308943
-0.0030003
-0.00292908
-0.00289352
-0.00290035
-0.00294776
-0.00302696
-0.00311636
-0.00317726
-0.00314776
-0.00294723
-0.00248318
-0.00170801
-0.000727121
)
;

boundaryField
{
    leftWall
    {
        type            calculated;
        value           nonuniform List<scalar> 10(-6.77626e-21 0 0 -1.0842e-19 2.1684e-19 0 0 0 0 0);
    }
    rightWall
    {
        type            calculated;
        value           nonuniform List<scalar> 10(0 0 0 0 0 -4.33681e-19 4.33681e-19 0 0 0);
    }
    topWall
    {
        type            calculated;
        value           uniform 0;
    }
    bottomWall
    {
        type            calculated;
        value           uniform 0;
    }
    frontAndBackPlanes
    {
        type            empty;
    }
}


// ************************************************************************* //
