/*--------------------------------*- C++ -*----------------------------------*\
| =========                 |                                                 |
| \\      /  F ield         | OpenFOAM: The Open Source CFD Toolbox           |
|  \\    /   O peration     | Version:  2506                                  |
|   \\  /    A nd           | Website:  www.openfoam.com                      |
|    \\/     M anipulation  |                                                 |
\*---------------------------------------------------------------------------*/
FoamFile
{
    version     2.0;
    format      ascii;
    arch        "LSB;label=32;scalar=64";
    class       volVectorField;
    location    "142.8";
    object      U;
}
// * * * * * * * * * * * * * * * * * * * * * * * * * * * * * * * * * * * * * //

dimensions      [0 1 -1 0 0 0 0];

internalField   nonuniform List<vector> 
200
(
(0.000599366 -0.00142494 0)
(0.00287708 -0.00179658 0)
(0.00523341 -0.00130635 0)
(0.00706832 -0.000684254 0)
(0.00816211 -0.000209259 0)
(0.00867232 6.25699e-05 0)
(0.00883476 0.000159861 0)
(0.00885587 0.000133604 0)
(0.00888448 3.0346e-05 0)
(0.00901951 -0.000117336 0)
(0.00932289 -0.000294473 0)
(0.00982981 -0.000497733 0)
(0.0105552 -0.000724224 0)
(0.0114839 -0.00095379 0)
(0.0125291 -0.00111828 0)
(0.0134392 -0.00104796 0)
(0.0136742 -0.00040066 0)
(0.0123825 0.00131123 0)
(0.00873863 0.00412245 0)
(0.00260199 0.00553257 0)
(0.000597002 -0.00553909 0)
(0.00376812 -0.00846015 0)
(0.0071786 -0.00745227 0)
(0.0100663 -0.00518915 0)
(0.0120798 -0.00300706 0)
(0.0133034 -0.00142962 0)
(0.0139766 -0.000544631 0)
(0.0143426 -0.000244973 0)
(0.0145929 -0.000366346 0)
(0.0148538 -0.000755935 0)
(0.0151923 -0.00129682 0)
(0.0156268 -0.00189742 0)
(0.0161257 -0.0024532 0)
(0.0165897 -0.00278098 0)
(0.0168179 -0.00252566 0)
(0.016455 -0.00105951 0)
(0.0149407 0.00249816 0)
(0.0116868 0.00873704 0)
(0.00671135 0.0161173 0)
(0.00112719 0.0159357 0)
(0.000544588 -0.00959038 0)
(0.00344479 -0.0151595 0)
(0.00649705 -0.013853 0)
(0.00909033 -0.0101612 0)
(0.0109372 -0.00642388 0)
(0.0121164 -0.00359037 0)
(0.0128266 -0.00185673 0)
(0.0132561 -0.00107345 0)
(0.0135423 -0.000977953 0)
(0.0137678 -0.00131044 0)
(0.013969 -0.00185167 0)
(0.0141414 -0.00240769 0)
(0.0142363 -0.00275187 0)
(0.0141454 -0.00253344 0)
(0.0136785 -0.00117744 0)
(0.0125377 0.00214114 0)
(0.0104652 0.00821683 0)
(0.00733367 0.0170514 0)
(0.00357974 0.0254084 0)
(0.000399578 0.0214123 0)
(0.000463131 -0.0131119 0)
(0.00278043 -0.020706 0)
(0.00502386 -0.0189232 0)
(0.00679597 -0.0139465 0)
(0.00796736 -0.00895035 0)
(0.00867108 -0.00517463 0)
(0.00908617 -0.00283518 0)
(0.00934412 -0.00170057 0)
(0.00951694 -0.00140952 0)
(0.00963449 -0.00161871 0)
(0.00970162 -0.00204293 0)
(0.00970478 -0.0024238 0)
(0.00960566 -0.00244997 0)
(0.00932543 -0.00165367 0)
(0.00871972 0.000663399 0)
(0.00763901 0.00532563 0)
(0.00596176 0.0129673 0)
(0.00374039 0.0229961 0)
(0.0014393 0.0309613 0)
(3.64645e-05 0.0237696 0)
(0.000369449 -0.0158628 0)
(0.00195692 -0.0245687 0)
(0.00318993 -0.0220344 0)
(0.00394585 -0.0159509 0)
(0.00429138 -0.0100961 0)
(0.00441415 -0.00581328 0)
(0.00446 -0.00321967 0)
(0.00449279 -0.00195762 0)
(0.00452078 -0.0015788 0)
(0.00453201 -0.00169841 0)
(0.00451395 -0.00201378 0)
(0.00445442 -0.0022441 0)
(0.00432965 -0.00202828 0)
(0.00408843 -0.000820843 0)
(0.00363583 0.00214055 0)
(0.00290375 0.00764001 0)
(0.00187734 0.0160987 0)
(0.000721794 0.0264019 0)
(-0.000164461 0.0334135 0)
(-0.000183056 0.0241226 0)
(0.000261635 -0.0177154 0)
(0.000956569 -0.026481 0)
(0.0010072 -0.0229636 0)
(0.00065115 -0.0160649 0)
(0.000154767 -0.00983495 0)
(-0.000284133 -0.00549925 0)
(-0.000597473 -0.00299255 0)
(-0.000806756 -0.00181702 0)
(-0.000951364 -0.00147752 0)
(-0.00106397 -0.00159525 0)
(-0.0011635 -0.00188312 0)
(-0.00126352 -0.00205482 0)
(-0.00138449 -0.00171413 0)
(-0.00155751 -0.000270132 0)
(-0.00181292 0.00304216 0)
(-0.00211424 0.00890185 0)
(-0.00234333 0.0174527 0)
(-0.00226151 0.0272031 0)
(-0.00163588 0.0329718 0)
(-0.000363152 0.0228654 0)
(0.000119016 -0.0183612 0)
(-0.000392724 -0.0260035 0)
(-0.00177322 -0.0213783 0)
(-0.00332626 -0.0141603 0)
(-0.00466048 -0.00818403 0)
(-0.00565022 -0.00428178 0)
(-0.00633473 -0.00214869 0)
(-0.00680477 -0.001228 0)
(-0.00713804 -0.00104543 0)
(-0.00738667 -0.00125764 0)
(-0.00758289 -0.0016002 0)
(-0.00774789 -0.0017887 0)
(-0.0078933 -0.00142702 0)
(-0.0080054 4.00603e-05 0)
(-0.00800274 0.00327114 0)
(-0.00772076 0.00878992 0)
(-0.00692664 0.016551 0)
(-0.00539449 0.0250261 0)
(-0.00316103 0.0295621 0)
(-0.00056751 0.0200227 0)
(-0.000223267 -0.0171703 0)
(-0.00249772 -0.0223501 0)
(-0.00551613 -0.0169118 0)
(-0.00827974 -0.0101691 0)
(-0.0103476 -0.00514218 0)
(-0.0117402 -0.00214455 0)
(-0.0126367 -0.000689701 0)
(-0.0132146 -0.000221799 0)
(-0.0136038 -0.000325252 0)
(-0.0138988 -0.000712342 0)
(-0.0141511 -0.00116218 0)
(-0.0143789 -0.00143599 0)
(-0.0145564 -0.00121025 0)
(-0.014588 -5.50733e-05 0)
(-0.0142736 0.00251783 0)
(-0.0133455 0.00690064 0)
(-0.0114795 0.013006 0)
(-0.00849156 0.0195874 0)
(-0.00467768 0.0230242 0)
(-0.000780567 0.0155421 0)
(-0.000880075 -0.0130169 0)
(-0.00552458 -0.014689 0)
(-0.0100907 -0.00945958 0)
(-0.0134907 -0.00443518 0)
(-0.01552 -0.00126039 0)
(-0.0165647 0.000282746 0)
(-0.0170542 0.000774451 0)
(-0.0172792 0.000685686 0)
(-0.0174238 0.000309929 0)
(-0.0175873 -0.00018433 0)
(-0.0178169 -0.000673644 0)
(-0.01811 -0.00102575 0)
(-0.0183955 -0.00106006 0)
(-0.0185162 -0.000530532 0)
(-0.0181947 0.000861677 0)
(-0.0170413 0.0034069 0)
(-0.0146392 0.00710871 0)
(-0.0107738 0.0112609 0)
(-0.00587067 0.0136898 0)
(-0.000983639 0.00955082 0)
(-0.00209388 -0.00446294 0)
(-0.0073505 -0.00379239 0)
(-0.0109978 -0.00165866 0)
(-0.0128193 -0.00019526 0)
(-0.0133236 0.000470159 0)
(-0.0131697 0.000635512 0)
(-0.0127877 0.000567215 0)
(-0.0124211 0.00041136 0)
(-0.012184 0.000231685 0)
(-0.0121213 4.82122e-05 0)
(-0.0122431 -0.000129716 0)
(-0.0125272 -0.000288646 0)
(-0.0129142 -0.000403658 0)
(-0.0132809 -0.000428452 0)
(-0.0134138 -0.000283983 0)
(-0.0129955 0.000153402 0)
(-0.0116122 0.000979624 0)
(-0.00894099 0.00213761 0)
(-0.00519772 0.00313786 0)
(-0.00122429 0.00262736 0)
)
;

boundaryField
{
    leftWall
    {
        type            fixedValue;
        value           uniform (0 0 0);
    }
    rightWall
    {
        type            fixedValue;
        value           uniform (0 0 0);
    }
    topWall
    {
        type            fixedValue;
        value           uniform (0 0 0);
    }
    bottomWall
    {
        type            fixedValue;
        value           uniform (0 0 0);
    }
    frontAndBackPlanes
    {
        type            empty;
    }
}


// ************************************************************************* //
