/*--------------------------------*- C++ -*----------------------------------*\
| =========                 |                                                 |
| \\      /  F ield         | OpenFOAM: The Open Source CFD Toolbox           |
|  \\    /   O peration     | Version:  2506                                  |
|   \\  /    A nd           | Website:  www.openfoam.com                      |
|    \\/     M anipulation  |                                                 |
\*---------------------------------------------------------------------------*/
FoamFile
{
    version     2.0;
    format      ascii;
    arch        "LSB;label=32;scalar=64";
    class       surfaceScalarField;
    location    "29.4";
    object      phi;
}
// * * * * * * * * * * * * * * * * * * * * * * * * * * * * * * * * * * * * * //

dimensions      [1 0 -1 0 0 0 0];

oriented        oriented;

internalField   nonuniform List<scalar> 
370
(
-6.15597e-05
-4.33841e-05
6.4719e-05
-0.000126277
0.000272454
-0.000207732
0.000547902
-0.000275445
0.000865385
-0.000317479
0.00119926
-0.000333877
0.00152961
-0.000330339
0.00184438
-0.000314774
0.00213964
-0.000295259
0.00241821
-0.000278569
0.0026874
-0.000269189
0.00295583
-0.000268436
0.00322826
-0.000272428
0.00349826
-0.000270005
0.00373472
-0.000236457
0.00385382
-0.000119101
0.00370199
0.000151845
0.003049
0.000653014
0.00166731
0.00138173
0.00166734
9.38392e-05
-0.000137218
0.000385355
-0.000417779
0.000835347
-0.000657699
0.00139075
-0.000830816
0.00199995
-0.000926633
0.00261746
-0.000951346
0.00320886
-0.000921682
0.0037523
-0.000858168
0.00423694
-0.000779842
0.00465912
-0.000700702
0.00501742
-0.000627442
0.00530657
-0.000557545
0.00551084
-0.00047667
0.00559499
-0.00035412
0.00549363
-0.000135072
0.00510744
0.000267111
0.00429914
0.000960177
0.00294735
0.00200486
0.00119911
0.00313004
0.0028665
0.000172894
-0.000310099
0.000603132
-0.000847979
0.00120745
-0.00126196
0.00190329
-0.00152656
0.00261998
-0.00164319
0.00330413
-0.00163535
0.00392148
-0.00153887
0.00445462
-0.00139115
0.0048979
-0.00122296
0.00525109
-0.00105374
0.00551276
-0.000888969
0.00567358
-0.000718247
0.00570994
-0.000512911
0.00557864
-0.000222728
0.00521427
0.000229374
0.00454539
0.000936053
0.00352058
0.00198505
0.00217431
0.00335122
0.00077605
0.00452842
0.00364263
0.000220264
-0.00053034
0.000732033
-0.00135968
0.0014032
-0.00193299
0.00212369
-0.00224685
0.00281061
-0.00232984
0.0034116
-0.00223601
0.00390298
-0.0020299
0.00428266
-0.00177046
0.00456078
-0.00150074
0.00475061
-0.00124325
0.00486049
-0.000998562
0.0048869
-0.000744407
0.00480868
-0.000434464
0.00458993
-3.80005e-06
0.00417055
0.000648908
0.00350968
0.00159704
0.0025929
0.00290195
0.00149705
0.00444723
0.000477275
0.00554835
0.00412
0.000242564
-0.000772866
0.000760317
-0.0018773
0.00138692
-0.00255934
0.00199915
-0.00285867
0.00251622
-0.00284635
0.00289991
-0.00261906
0.00314867
-0.00227798
0.00328456
-0.00190572
0.00333933
-0.00155493
0.00334279
-0.00124619
0.00331414
-0.000969465
0.00325587
-0.000685742
0.00315055
-0.00032881
0.0029566
0.000190416
0.00263835
0.000967383
0.00215644
0.00207915
0.00151407
0.0035445
0.00079333
0.00516817
0.000201324
0.00614057
0.00432144
0.000215384
-0.000988187
0.000617944
-0.00227964
0.00104031
-0.00298125
0.00137575
-0.00319337
0.00156751
-0.00303713
0.00160813
-0.0026586
0.00152826
-0.00219706
0.00137666
-0.00175318
0.00120273
-0.0013802
0.00104422
-0.00108702
0.000920725
-0.000845412
0.000831441
-0.000595981
0.000756478
-0.000253434
0.000663652
0.000283584
0.000523869
0.00110746
0.000323904
0.00227938
8.98136e-05
0.00377886
-9.76927e-05
0.00535598
-0.00012797
0.00617109
0.00419357
9.95654e-05
-0.00108765
0.000206586
-0.0023863
0.00021544
-0.00298932
7.98623e-05
-0.00305655
-0.00019828
-0.00275743
-0.000580845
-0.00227444
-0.00100899
-0.00176751
-0.00142402
-0.00133701
-0.00178207
-0.00102126
-0.00205925
-0.000809127
-0.00224978
-0.000654267
-0.00236005
-0.000485146
-0.00240112
-0.000211816
-0.00237574
0.000258684
-0.00227702
0.00100919
-0.0020825
0.00208527
-0.00174626
0.00344302
-0.00121562
0.00482571
-0.000525324
0.00548105
0.00366834
-0.000142637
-0.000944857
-0.000542214
-0.00198612
-0.0011444
-0.00238589
-0.00188023
-0.00231884
-0.00267042
-0.0019651
-0.00343823
-0.00150461
-0.00412837
-0.00107571
-0.00471104
-0.000753058
-0.00517822
-0.000553062
-0.00553489
-0.00045161
-0.00578786
-0.00040052
-0.00593472
-0.000337523
-0.00595488
-0.000190933
-0.00580935
0.000113832
-0.00543838
0.000638854
-0.00478049
0.00142795
-0.00378051
0.00244352
-0.00244187
0.00348746
-0.000962551
0.00400201
0.0027059
-0.000450641
-0.000493986
-0.00143069
-0.00100521
-0.00265007
-0.00116479
-0.0038949
-0.00107158
-0.00501846
-0.000838854
-0.00594598
-0.000574612
-0.00666679
-0.000352848
-0.00721175
-0.000206479
-0.00762763
-0.000135893
-0.00795567
-0.000122501
-0.00821573
-0.000139522
-0.00839641
-0.000155985
-0.0084483
-0.000138217
-0.00828966
-4.39986e-05
-0.00781053
0.000160441
-0.00688962
0.000507653
-0.00544051
0.000994938
-0.00348695
0.00153432
-0.0013461
0.00186145
0.00135992
-0.000493747
-0.00149803
-0.00266094
-0.00372982
-0.00456563
-0.00513728
-0.00548754
-0.00569186
-0.00582602
-0.00594712
-0.00608551
-0.00624054
-0.00637794
-0.00642121
-0.00626011
-0.00575188
-0.00475646
-0.00322175
-0.00136003
)
;

boundaryField
{
    leftWall
    {
        type            calculated;
        value           nonuniform List<scalar> 10(0 -4.23516e-22 0 0 0 0 0 0 0 0);
    }
    rightWall
    {
        type            calculated;
        value           nonuniform List<scalar> 10(0 0 -4.33681e-19 0 0 0 0 0 0 -4.33681e-19);
    }
    topWall
    {
        type            calculated;
        value           uniform 0;
    }
    bottomWall
    {
        type            calculated;
        value           uniform 0;
    }
    frontAndBackPlanes
    {
        type            empty;
    }
}


// ************************************************************************* //
