/*--------------------------------*- C++ -*----------------------------------*\
| =========                 |                                                 |
| \\      /  F ield         | OpenFOAM: The Open Source CFD Toolbox           |
|  \\    /   O peration     | Version:  2506                                  |
|   \\  /    A nd           | Website:  www.openfoam.com                      |
|    \\/     M anipulation  |                                                 |
\*---------------------------------------------------------------------------*/
FoamFile
{
    version     2.0;
    format      ascii;
    arch        "LSB;label=32;scalar=64";
    class       surfaceScalarField;
    location    "82.6";
    object      phi;
}
// * * * * * * * * * * * * * * * * * * * * * * * * * * * * * * * * * * * * * //

dimensions      [1 0 -1 0 0 0 0];

oriented        oriented;

internalField   nonuniform List<scalar> 
370
(
0.000172048
-0.000227393
0.000532458
-0.000360328
0.000869587
-0.000337008
0.00112794
-0.000258212
0.00130529
-0.00017718
0.00142366
-0.000118195
0.00151144
-8.7605e-05
0.00159455
-8.2917e-05
0.00169354
-9.87917e-05
0.00182382
-0.000130086
0.00199688
-0.000172848
0.00222055
-0.00022346
0.00249688
-0.000276111
0.00281515
-0.000318041
0.00313739
-0.000322008
0.00337254
-0.000234917
0.00333175
4.1028e-05
0.00279595
0.000536032
0.00153615
0.00126001
0.00153626
0.000319802
-0.00054715
0.000884878
-0.000925283
0.00145459
-0.000906552
0.00192613
-0.000729543
0.00228053
-0.000531363
0.00253814
-0.000375586
0.00273229
-0.000281526
0.00289551
-0.000245901
0.00305354
-0.000256588
0.00322366
-0.000299961
0.00341438
-0.000363331
0.00362448
-0.000433312
0.00383901
-0.000490388
0.00402094
-0.000499705
0.00409829
-0.000399096
0.00395399
-9.03559e-05
0.0034455
0.000549786
0.00241193
0.00156987
0.000985334
0.00268683
0.00252171
0.000351921
-0.000899011
0.000945912
-0.00151911
0.00153487
-0.00149528
0.00201941
-0.00121381
0.00238336
-0.000895027
0.00264714
-0.000639078
0.00284112
-0.000475209
0.00299285
-0.000397332
0.00312234
-0.000385784
0.0032412
-0.00041853
0.00335279
-0.000474625
0.00345127
-0.000531487
0.00351807
-0.000556888
0.00351568
-0.000497007
0.00338175
-0.000264853
0.00303173
0.000259974
0.00239838
0.00118345
0.00148743
0.00248111
0.000513685
0.00366082
0.00303552
0.000335533
-0.00123447
0.000871286
-0.00205466
0.00137116
-0.00199487
0.00175699
-0.00159931
0.00202866
-0.00116635
0.0022132
-0.000823276
0.00233959
-0.000601248
0.00242941
-0.000486813
0.00249571
-0.000451746
0.00254475
-0.000467231
0.0025776
-0.000507137
0.00258977
-0.000543316
0.002568
-0.000534778
0.00248509
-0.000413742
0.00229745
-7.68633e-05
0.00195632
0.000601448
0.00143895
0.00170115
0.000796575
0.00312381
0.000217314
0.00424034
0.00325295
0.000289274
-0.00152366
0.000701515
-0.00246667
0.00103804
-0.00233108
0.00125877
-0.00181967
0.00138684
-0.00129404
0.00145636
-0.000892422
0.00149266
-0.000637178
0.00150947
-0.00050326
0.0015126
-0.000454509
0.00150415
-0.000458422
0.00148465
-0.000487274
0.00145207
-0.000510378
0.00139841
-0.000480755
0.00130552
-0.000320476
0.00114469
8.43412e-05
0.000893693
0.000852825
0.00055894
0.00203628
0.000213146
0.00346994
-2.1385e-06
0.0044559
0.00325092
0.000206363
-0.00172993
0.000421412
-0.00268147
0.000521899
-0.00243122
0.000525705
-0.0018231
0.000480101
-0.00124805
0.00041937
-0.000831308
0.000358658
-0.000576091
0.000301014
-0.000445246
0.000245313
-0.000398443
0.000190587
-0.000403331
0.000136243
-0.000432565
7.96608e-05
-0.000453429
1.37019e-05
-0.000414424
-7.23019e-05
-0.000234092
-0.000185073
0.000197504
-0.00031179
0.000979937
-0.000410079
0.00213494
-0.000403791
0.00346399
-0.000232444
0.00428481
0.00301857
5.58889e-05
-0.00178572
-3.27659e-05
-0.00259254
-0.000249017
-0.00221461
-0.000507491
-0.00156424
-0.000747805
-0.00100735
-0.000948225
-0.000630515
-0.00111043
-0.000413522
-0.00124379
-0.000311528
-0.00135689
-0.000284978
-0.00145551
-0.000304359
-0.00154388
-0.00034384
-0.00162616
-0.000370791
-0.00170481
-0.000335401
-0.0017738
-0.000164734
-0.00180464
0.000228729
-0.00174436
0.000920035
-0.0015225
0.00191344
-0.00108284
0.00302466
-0.000469565
0.00367177
0.00254911
-0.000206168
-0.00157944
-0.000727488
-0.00207094
-0.0013316
-0.00161014
-0.00186791
-0.00102755
-0.00228867
-0.000586216
-0.00260224
-0.000316586
-0.00283555
-0.000179863
-0.00301578
-0.000130954
-0.0031639
-0.000136511
-0.00329399
-0.000173939
-0.00341417
-0.000223323
-0.00352489
-0.000259736
-0.0036133
-0.000246658
-0.0036445
-0.000133206
-0.00355559
0.000140157
-0.00326149
0.000626268
-0.00267971
0.00133199
-0.00178387
0.0021291
-0.000718784
0.00260689
0.00183041
-0.000609214
-0.000970091
-0.00163951
-0.00104034
-0.00257155
-0.000677739
-0.00324866
-0.000350064
-0.00369207
-0.000142452
-0.00397037
-3.79346e-05
-0.00414857
-1.33312e-06
-0.00427917
-4.16544e-08
-0.00439588
-1.94943e-05
-0.00451644
-5.30845e-05
-0.00464849
-9.09819e-05
-0.00478524
-0.000122702
-0.00489839
-0.000133237
-0.00493033
-0.000100995
-0.00479643
6.5224e-06
-0.00437605
0.000206142
-0.00356833
0.000524522
-0.00235072
0.000911705
-0.000928527
0.00118487
0.000901952
-0.00096995
-0.00200999
-0.00268736
-0.00303706
-0.00317917
-0.00321677
-0.00321779
-0.00321753
-0.00323675
-0.00328957
-0.00338031
-0.00350278
-0.00363579
-0.00373658
-0.00372987
-0.00352354
-0.00299884
-0.00208699
-0.000902002
)
;

boundaryField
{
    leftWall
    {
        type            calculated;
        value           nonuniform List<scalar> 10(0 0 0 0 0 -2.1684e-19 0 4.33681e-19 0 0);
    }
    rightWall
    {
        type            calculated;
        value           nonuniform List<scalar> 10(1.0842e-19 0 0 0 0 0 0 0 0 0);
    }
    topWall
    {
        type            calculated;
        value           uniform 0;
    }
    bottomWall
    {
        type            calculated;
        value           uniform 0;
    }
    frontAndBackPlanes
    {
        type            empty;
    }
}


// ************************************************************************* //
