/*--------------------------------*- C++ -*----------------------------------*\
| =========                 |                                                 |
| \\      /  F ield         | OpenFOAM: The Open Source CFD Toolbox           |
|  \\    /   O peration     | Version:  2506                                  |
|   \\  /    A nd           | Website:  www.openfoam.com                      |
|    \\/     M anipulation  |                                                 |
\*---------------------------------------------------------------------------*/
FoamFile
{
    version     2.0;
    format      ascii;
    arch        "LSB;label=32;scalar=64";
    class       volVectorField;
    location    "82.6";
    object      U;
}
// * * * * * * * * * * * * * * * * * * * * * * * * * * * * * * * * * * * * * //

dimensions      [0 1 -1 0 0 0 0];

internalField   nonuniform List<vector> 
200
(
(0.000200197 -0.000740881 0)
(0.00143163 -0.000999411 0)
(0.00292019 -0.000790665 0)
(0.00422105 -0.000497891 0)
(0.00513312 -0.000260532 0)
(0.00573107 -0.000119653 0)
(0.0061377 -7.37774e-05 0)
(0.00647315 -0.000104021 0)
(0.00683623 -0.000190461 0)
(0.00730205 -0.000319966 0)
(0.00792664 -0.000487775 0)
(0.00875179 -0.000694248 0)
(0.00980337 -0.000935956 0)
(0.0110752 -0.00118869 0)
(0.012484 -0.00137785 0)
(0.0137678 -0.0013256 0)
(0.0143277 -0.000663155 0)
(0.0132346 0.00118478 0)
(0.00952816 0.00433176 0)
(0.00288538 0.00611247 0)
(0.00036485 -0.00317017 0)
(0.00246653 -0.00522833 0)
(0.00490751 -0.00501965 0)
(0.0071362 -0.00395022 0)
(0.00887072 -0.00279788 0)
(0.010127 -0.00192606 0)
(0.0110383 -0.00144107 0)
(0.0117547 -0.00131848 0)
(0.0124029 -0.00148559 0)
(0.013074 -0.00186564 0)
(0.0138226 -0.00239239 0)
(0.0146664 -0.00299979 0)
(0.0155769 -0.00358677 0)
(0.0164546 -0.00395399 0)
(0.0170851 -0.00371198 0)
(0.0170835 -0.00217672 0)
(0.0158359 0.00165298 0)
(0.0126321 0.00854869 0)
(0.00739987 0.0170103 0)
(0.00127393 0.01755 0)
(0.000406106 -0.00603439 0)
(0.0026773 -0.0102262 0)
(0.00521355 -0.0100963 0)
(0.00750719 -0.00821131 0)
(0.00928963 -0.00605995 0)
(0.0105811 -0.00433599 0)
(0.0115086 -0.00325364 0)
(0.0122052 -0.00278191 0)
(0.0127748 -0.00279165 0)
(0.0132842 -0.00313345 0)
(0.0137652 -0.0036635 0)
(0.0142146 -0.00422662 0)
(0.0145859 -0.00460019 0)
(0.0147685 -0.0044033 0)
(0.0145578 -0.00299197 0)
(0.0136185 0.000588402 0)
(0.0115908 0.00732144 0)
(0.00829962 0.0173087 0)
(0.00417128 0.0271835 0)
(0.000500027 0.0237699 0)
(0.000398196 -0.00895841 0)
(0.00252065 -0.0150904 0)
(0.00473642 -0.0148248 0)
(0.00662375 -0.0120259 0)
(0.00799895 -0.00887153 0)
(0.00893082 -0.00633375 0)
(0.00955533 -0.00468433 0)
(0.00998765 -0.00385304 0)
(0.0103019 -0.00364282 0)
(0.0105375 -0.00383817 0)
(0.0107091 -0.00423629 0)
(0.0108112 -0.00461839 0)
(0.0108102 -0.00467156 0)
(0.0106261 -0.00387916 0)
(0.0101104 -0.00143068 0)
(0.00903 0.0037192 0)
(0.00723108 0.0123522 0)
(0.00471461 0.0239347 0)
(0.00196996 0.0336757 0)
(0.000113961 0.026748 0)
(0.000367056 -0.0116179 0)
(0.00211544 -0.0191682 0)
(0.00370761 -0.0184537 0)
(0.00488374 -0.0146753 0)
(0.0056004 -0.0106231 0)
(0.00598998 -0.00744433 0)
(0.00619097 -0.00538788 0)
(0.00628966 -0.00430269 0)
(0.00632519 -0.00391876 0)
(0.00631152 -0.00397442 0)
(0.00625341 -0.00423926 0)
(0.00614926 -0.00446343 0)
(0.00598116 -0.0042748 0)
(0.00569646 -0.0030564 0)
(0.00518759 0.00011582 0)
(0.00432918 0.00627989 0)
(0.00308097 0.0160019 0)
(0.00156947 0.0281545 0)
(0.000214252 0.0370533 0)
(-0.00016458 0.0276205 0)
(0.000300945 -0.0137618 0)
(0.00140608 -0.0219444 0)
(0.00205514 -0.0204429 0)
(0.00225056 -0.0157331 0)
(0.00213682 -0.0110341 0)
(0.0018935 -0.00750835 0)
(0.00162869 -0.00529137 0)
(0.0013781 -0.00412641 0)
(0.00114118 -0.00368694 0)
(0.000911068 -0.00369539 0)
(0.000684524 -0.00391827 0)
(0.00045607 -0.00408731 0)
(0.000206774 -0.00378075 0)
(-0.000103925 -0.00230746 0)
(-0.000532849 0.00130101 0)
(-0.00106043 0.00797878 0)
(-0.00156695 0.0180034 0)
(-0.00180246 0.0297645 0)
(-0.0014813 0.0373411 0)
(-0.000367681 0.0266724 0)
(0.000172796 -0.0149668 0)
(0.000202682 -0.0226837 0)
(-0.000515291 -0.0201235 0)
(-0.00157597 -0.0147387 0)
(-0.00265123 -0.00984691 0)
(-0.0035813 -0.00639985 0)
(-0.00433542 -0.0043371 0)
(-0.00494534 -0.00330677 0)
(-0.00545341 -0.00296468 0)
(-0.00589082 -0.00304476 0)
(-0.00627843 -0.00331673 0)
(-0.00663559 -0.0034944 0)
(-0.00698152 -0.00313354 0)
(-0.00731559 -0.00156545 0)
(-0.00757332 0.0020542 0)
(-0.00755825 0.00844562 0)
(-0.00699024 0.017669 0)
(-0.00559286 0.0280454 0)
(-0.00336861 0.0341586 0)
(-0.00062702 0.0237625 0)
(-0.000122415 -0.0144638 0)
(-0.00181786 -0.0202548 0)
(-0.00431155 -0.0166877 0)
(-0.00678176 -0.0113134 0)
(-0.00880382 -0.00693835 0)
(-0.010324 -0.00410044 0)
(-0.0114421 -0.00254601 0)
(-0.012284 -0.00188143 0)
(-0.0129542 -0.00178746 0)
(-0.0135265 -0.00203273 0)
(-0.0140484 -0.0024111 0)
(-0.0145424 -0.00266269 0)
(-0.0149913 -0.00240512 0)
(-0.015304 -0.00110587 0)
(-0.0152607 0.00185799 0)
(-0.0145174 0.0070035 0)
(-0.0126874 0.0143281 0)
(-0.00952619 0.0224561 0)
(-0.00533387 0.0271175 0)
(-0.000912547 0.0187607 0)
(-0.000717598 -0.0111336 0)
(-0.00472471 -0.013695 0)
(-0.00896258 -0.00988434 0)
(-0.0123949 -0.00567471 0)
(-0.0147195 -0.00274053 0)
(-0.0161718 -0.00111181 0)
(-0.0170727 -0.000411933 0)
(-0.0176809 -0.000288794 0)
(-0.0181752 -0.000500099 0)
(-0.0186616 -0.000888694 0)
(-0.0191946 -0.00132916 0)
(-0.0197803 -0.0016691 0)
(-0.020353 -0.00168576 0)
(-0.0207433 -0.00106917 0)
(-0.0206371 0.000559065 0)
(-0.0195505 0.0035704 0)
(-0.0169791 0.0080408 0)
(-0.0126362 0.0131941 0)
(-0.00697689 0.0164378 0)
(-0.00119264 0.0117377 0)
(-0.00176416 -0.00377938 0)
(-0.00642337 -0.0035722 0)
(-0.0100413 -0.00189612 0)
(-0.0122016 -0.000610111 0)
(-0.0131711 6.34374e-05 0)
(-0.0134765 0.000320431 0)
(-0.0135075 0.00034889 0)
(-0.0134804 0.000261088 0)
(-0.0135059 0.000119162 0)
(-0.0136521 -4.54366e-05 0)
(-0.0139577 -0.000219543 0)
(-0.0144232 -0.000388477 0)
(-0.0149971 -0.000520676 0)
(-0.0155483 -0.000557215 0)
(-0.0158268 -0.000398467 0)
(-0.0154613 0.000112876 0)
(-0.0139458 0.00111792 0)
(-0.010854 0.00256874 0)
(-0.00639569 0.00386956 0)
(-0.00153697 0.00330551 0)
)
;

boundaryField
{
    leftWall
    {
        type            fixedValue;
        value           uniform (0 0 0);
    }
    rightWall
    {
        type            fixedValue;
        value           uniform (0 0 0);
    }
    topWall
    {
        type            fixedValue;
        value           uniform (0 0 0);
    }
    bottomWall
    {
        type            fixedValue;
        value           uniform (0 0 0);
    }
    frontAndBackPlanes
    {
        type            empty;
    }
}


// ************************************************************************* //
