/*--------------------------------*- C++ -*----------------------------------*\
| =========                 |                                                 |
| \\      /  F ield         | OpenFOAM: The Open Source CFD Toolbox           |
|  \\    /   O peration     | Version:  2506                                  |
|   \\  /    A nd           | Website:  www.openfoam.com                      |
|    \\/     M anipulation  |                                                 |
\*---------------------------------------------------------------------------*/
FoamFile
{
    version     2.0;
    format      ascii;
    arch        "LSB;label=32;scalar=64";
    class       volVectorField;
    location    "78.4";
    object      U;
}
// * * * * * * * * * * * * * * * * * * * * * * * * * * * * * * * * * * * * * //

dimensions      [0 1 -1 0 0 0 0];

internalField   nonuniform List<vector> 
200
(
(0.000162326 -0.000678991 0)
(0.00129636 -0.000927856 0)
(0.00270719 -0.000746448 0)
(0.00396327 -0.000485296 0)
(0.00486535 -0.000270141 0)
(0.00547926 -0.000140641 0)
(0.00591595 -9.81752e-05 0)
(0.00628663 -0.000127332 0)
(0.00668495 -0.000211045 0)
(0.0071839 -0.000338083 0)
(0.00783951 -0.000504653 0)
(0.00869461 -0.000711312 0)
(0.00977617 -0.000954248 0)
(0.0110784 -0.00120841 0)
(0.0125173 -0.00139818 0)
(0.0138286 -0.00134501 0)
(0.0144083 -0.00067901 0)
(0.013322 0.00118085 0)
(0.00960115 0.00435376 0)
(0.00290982 0.00616186 0)
(0.000341433 -0.00294774 0)
(0.00233693 -0.00492778 0)
(0.00468442 -0.0048025 0)
(0.00685367 -0.00385415 0)
(0.00856911 -0.00280396 0)
(0.0098385 -0.00199913 0)
(0.0107832 -0.00154858 0)
(0.0115432 -0.00143747 0)
(0.0122381 -0.00160339 0)
(0.0129557 -0.00197783 0)
(0.0137493 -0.00249963 0)
(0.0146365 -0.00310466 0)
(0.0155889 -0.0036909 0)
(0.0165063 -0.0040559 0)
(0.0171721 -0.00380591 0)
(0.0171974 -0.00225266 0)
(0.0159636 0.00161116 0)
(0.0127499 0.00856779 0)
(0.0074789 0.0171162 0)
(0.00129017 0.0177016 0)
(0.000390895 -0.00568828 0)
(0.00259351 -0.00975135 0)
(0.00507492 -0.00974827 0)
(0.0073391 -0.00805278 0)
(0.0091193 -0.00606517 0)
(0.0104289 -0.00445232 0)
(0.0113866 -0.0034309 0)
(0.0121188 -0.00298346 0)
(0.0127254 -0.00299601 0)
(0.0132711 -0.00333153 0)
(0.013787 -0.00385406 0)
(0.0142699 -0.00441153 0)
(0.014673 -0.00477992 0)
(0.0148851 -0.00457312 0)
(0.014699 -0.00313924 0)
(0.0137754 0.000485509 0)
(0.0117443 0.00729736 0)
(0.00842561 0.0173988 0)
(0.00424653 0.0274028 0)
(0.000512964 0.0240124 0)
(0.000389916 -0.00854205 0)
(0.00248478 -0.0145339 0)
(0.0046918 -0.0144347 0)
(0.00658833 -0.0118701 0)
(0.00798524 -0.00891211 0)
(0.00894399 -0.00650339 0)
(0.00959519 -0.00492176 0)
(0.0100515 -0.00411509 0)
(0.0103866 -0.0039051 0)
(0.0106404 -0.00409086 0)
(0.0108286 -0.00447843 0)
(0.0109461 -0.00485211 0)
(0.0109596 -0.00489678 0)
(0.0107889 -0.00408847 0)
(0.0102836 -0.00160429 0)
(0.00920469 0.00361847 0)
(0.00739035 0.0123717 0)
(0.00483699 0.0241154 0)
(0.00203766 0.0340147 0)
(0.000124401 0.0270714 0)
(0.000365036 -0.0111808 0)
(0.00212205 -0.0186181 0)
(0.00374511 -0.0181063 0)
(0.00496152 -0.0145823 0)
(0.00571618 -0.010728 0)
(0.0061347 -0.00766863 0)
(0.00635401 -0.00566654 0)
(0.00646213 -0.0045939 0)
(0.00650118 -0.0042016 0)
(0.00648788 -0.00424259 0)
(0.00642888 -0.00449435 0)
(0.00632364 -0.00470904 0)
(0.00615462 -0.00451115 0)
(0.0058693 -0.00327459 0)
(0.00535979 -5.80211e-05 0)
(0.00449076 0.00620267 0)
(0.00322051 0.0160797 0)
(0.00167039 0.0284309 0)
(0.000264319 0.0375041 0)
(-0.000158904 0.0280099 0)
(0.000303909 -0.0133443 0)
(0.00144577 -0.0214712 0)
(0.00215232 -0.0201972 0)
(0.00240261 -0.0157351 0)
(0.00232796 -0.0112087 0)
(0.0021045 -0.00777248 0)
(0.00184375 -0.00558468 0)
(0.00158705 -0.00441524 0)
(0.00133881 -0.00395807 0)
(0.00109554 -0.00394813 0)
(0.000855862 -0.00415766 0)
(0.000614961 -0.00431868 0)
(0.000353431 -0.00400448 0)
(3.20542e-05 -0.00251299 0)
(-0.000410849 0.00114864 0)
(-0.000958852 0.0079404 0)
(-0.00148971 0.0181449 0)
(-0.00175405 0.0301261 0)
(-0.00146235 0.0378749 0)
(-0.000367111 0.0271004 0)
(0.000177366 -0.0145992 0)
(0.000263454 -0.0223271 0)
(-0.000386475 -0.0200061 0)
(-0.00140049 -0.0148352 0)
(-0.00245111 -0.0100687 0)
(-0.00337849 -0.00667115 0)
(-0.00414511 -0.0046116 0)
(-0.0047755 -0.00356344 0)
(-0.005307 -0.0031989 0)
(-0.005768 -0.00326063 0)
(-0.00617818 -0.00352133 0)
(-0.00655681 -0.00369278 0)
(-0.00692388 -0.00332326 0)
(-0.00727993 -0.00173006 0)
(-0.00756204 0.00194977 0)
(-0.0075698 0.00845743 0)
(-0.00701755 0.0178566 0)
(-0.005625 0.0284421 0)
(-0.003394 0.0347084 0)
(-0.000633544 0.0241847 0)
(-0.000112189 -0.0141645 0)
(-0.00174637 -0.0200247 0)
(-0.00418473 -0.0166772 0)
(-0.00662704 -0.0114638 0)
(-0.00864944 -0.00716308 0)
(-0.0101901 -0.00433907 0)
(-0.0113397 -0.00276816 0)
(-0.0122175 -0.00207816 0)
(-0.0129235 -0.0019612 0)
(-0.0135299 -0.0021904 0)
(-0.0140843 -0.00256002 0)
(-0.0146096 -0.00280667 0)
(-0.0150889 -0.00254013 0)
(-0.0154308 -0.0012157 0)
(-0.015413 0.0018041 0)
(-0.0146825 0.00704775 0)
(-0.0128459 0.0145168 0)
(-0.00965402 0.0228152 0)
(-0.00541064 0.0275979 0)
(-0.000927338 0.0191227 0)
(-0.000699761 -0.0109226 0)
(-0.00463668 -0.0135845 0)
(-0.00883954 -0.00994008 0)
(-0.0122784 -0.00582722 0)
(-0.0146392 -0.00292169 0)
(-0.0161414 -0.00128322 0)
(-0.0170964 -0.000558762 0)
(-0.0177559 -0.00040895 0)
(-0.0182939 -0.000598644 0)
(-0.0188183 -0.000973902 0)
(-0.0193868 -0.0014084 0)
(-0.0200068 -0.00174609 0)
(-0.0206124 -0.00175848 0)
(-0.0210318 -0.00112792 0)
(-0.0209463 0.000532638 0)
(-0.0198605 0.0036029 0)
(-0.0172606 0.0081639 0)
(-0.0128544 0.0134281 0)
(-0.00710315 0.016755 0)
(-0.00121596 0.0119821 0)
(-0.00172683 -0.00370241 0)
(-0.00631868 -0.00354735 0)
(-0.00993495 -0.00192503 0)
(-0.0121377 -0.000660858 0)
(-0.0131658 1.17392e-05 0)
(-0.0135271 0.000275683 0)
(-0.0136025 0.000312905 0)
(-0.013609 0.000234846 0)
(-0.0136631 0.000101422 0)
(-0.0138348 -5.84157e-05 0)
(-0.0141634 -0.000231343 0)
(-0.0146511 -0.000401409 0)
(-0.0152474 -0.000535609 0)
(-0.0158199 -0.000573321 0)
(-0.0161136 -0.000412354 0)
(-0.0157509 0.000108788 0)
(-0.0142162 0.00113548 0)
(-0.0110721 0.00261971 0)
(-0.00653005 0.00395296 0)
(-0.00157154 0.00338079 0)
)
;

boundaryField
{
    leftWall
    {
        type            fixedValue;
        value           uniform (0 0 0);
    }
    rightWall
    {
        type            fixedValue;
        value           uniform (0 0 0);
    }
    topWall
    {
        type            fixedValue;
        value           uniform (0 0 0);
    }
    bottomWall
    {
        type            fixedValue;
        value           uniform (0 0 0);
    }
    frontAndBackPlanes
    {
        type            empty;
    }
}


// ************************************************************************* //
