/*--------------------------------*- C++ -*----------------------------------*\
| =========                 |                                                 |
| \\      /  F ield         | OpenFOAM: The Open Source CFD Toolbox           |
|  \\    /   O peration     | Version:  2506                                  |
|   \\  /    A nd           | Website:  www.openfoam.com                      |
|    \\/     M anipulation  |                                                 |
\*---------------------------------------------------------------------------*/
FoamFile
{
    version     2.0;
    format      ascii;
    arch        "LSB;label=32;scalar=64";
    class       surfaceScalarField;
    location    "69.4";
    object      phi;
}
// * * * * * * * * * * * * * * * * * * * * * * * * * * * * * * * * * * * * * //

dimensions      [1 0 -1 0 0 0 0];

oriented        oriented;

internalField   nonuniform List<scalar> 
370
(
0.000107877
-0.000172912
0.000397659
-0.000289706
0.000685977
-0.000288207
0.000925179
-0.000239067
0.00110726
-0.000181934
0.00124519
-0.000137767
0.00135944
-0.000114082
0.00147059
-0.000110988
0.0015965
-0.000125734
0.00175186
-0.000155178
0.00194862
-0.000196574
0.00219558
-0.000246771
0.00249533
-0.000299553
0.00283681
-0.00034127
0.00318061
-0.000343587
0.00343337
-0.000252554
0.00340027
3.33205e-05
0.00286052
0.000539961
0.00157678
0.00128394
0.00157689
0.0002616
-0.000434468
0.000744822
-0.000772805
0.00125353
-0.000796739
0.00169656
-0.000681892
0.00205149
-0.000536633
0.00232993
-0.000415975
0.00255642
-0.000340342
0.00275685
-0.000311182
0.00295292
-0.000321565
0.00316003
-0.000362053
0.00338628
-0.00042257
0.00363042
-0.000490661
0.00387728
-0.000546164
0.00408861
-0.000552329
0.0041897
-0.000444418
0.00405899
-0.00012157
0.00355051
0.000542067
0.00249386
0.00159687
0.00102321
0.00275481
0.00260022
0.000312377
-0.000746779
0.0008544
-0.00131465
0.00140879
-0.00135087
0.00188233
-0.00115513
0.00225486
-0.000908843
0.0025401
-0.000700881
0.00276234
-0.000562258
0.00294487
-0.000493385
0.00310521
-0.000481586
0.00325387
-0.000510384
0.00339387
-0.000562248
0.0035193
-0.000615758
0.00361119
-0.00063772
0.00363064
-0.000571443
0.00351211
-0.000325552
0.00316596
0.000224927
0.00251824
0.00119011
0.00157217
0.00254325
0.000549215
0.00377803
0.00314956
0.000315871
-0.00106256
0.000834635
-0.00183318
0.00133363
-0.00184954
0.00173258
-0.0015537
0.00202501
-0.00120086
0.00223246
-0.000907928
0.0023807
-0.000710094
0.00249009
-0.00060238
0.00257366
-0.000564764
0.00263817
-0.000574494
0.00268523
-0.000608914
0.00271069
-0.000640822
0.00270116
-0.000627796
0.00262842
-0.000498301
0.00244615
-0.000142885
0.00209898
0.000572494
0.00155917
0.00173031
0.000876891
0.00322589
0.000248867
0.00440634
0.00339856
0.000287656
-0.00135012
0.000714183
-0.00225943
0.00107889
-0.00221386
0.00133136
-0.00180573
0.00148678
-0.00135583
0.00157593
-0.000996615
0.00162424
-0.000757956
0.00164732
-0.000625019
0.00165318
-0.000570187
0.00164572
-0.000566607
0.00162663
-0.000589389
0.00159446
-0.000608214
0.00154126
-0.000574153
0.00144832
-0.000404915
0.00128404
2.18475e-05
0.00102055
0.000836431
0.000660611
0.00209067
0.000276891
0.00361
1.99293e-05
0.00466361
0.00341862
0.000218667
-0.00156868
0.000471431
-0.00251189
0.000618237
-0.00236024
0.000660059
-0.00184709
0.000637854
-0.00133315
0.000586555
-0.00094484
0.000525118
-0.000696054
0.000460786
-0.000560231
0.000395687
-0.000504638
0.0003309
-0.000501372
0.000266893
-0.000524933
0.000201349
-0.000542217
0.000126655
-0.000499
3.05358e-05
-0.000308325
-9.54825e-05
0.000148349
-0.000238965
0.000980394
-0.000358355
0.00221051
-0.000375769
0.00362781
-0.000224648
0.00451279
0.00319409
7.9795e-05
-0.00164835
4.02248e-05
-0.00247199
-0.000128966
-0.0021906
-0.000357822
-0.00161775
-0.000588255
-0.00110223
-0.000793865
-0.000738758
-0.000970244
-0.000519215
-0.00112191
-0.000408116
-0.00125437
-0.000371725
-0.00137182
-0.000383479
-0.001478
-0.000418315
-0.00157732
-0.000442444
-0.0016731
-0.000402767
-0.00176014
-0.000220825
-0.00180995
0.000198636
-0.00176496
0.000935868
-0.00155064
0.00199665
-0.00110844
0.003186
-0.000482997
0.00388764
0.00271121
-0.000175711
-0.00147249
-0.000647125
-0.00200022
-0.00121752
-0.00161974
-0.00174421
-0.00109058
-0.00217534
-0.000670625
-0.00251172
-0.000401926
-0.0027738
-0.000256685
-0.0029843
-0.000197179
-0.00316178
-0.000193817
-0.00331963
-0.000225212
-0.00346611
-0.000271412
-0.00360205
-0.000306095
-0.00371451
-0.000289884
-0.00376724
-0.000167674
-0.00369332
0.000125131
-0.00340124
0.000644202
-0.00280306
0.00139887
-0.00187055
0.00225383
-0.000755477
0.00277283
0.00195584
-0.000567274
-0.000905061
-0.0015522
-0.00101492
-0.00247333
-0.000698162
-0.00317041
-0.000393032
-0.00365088
-0.000189703
-0.00397249
-7.98802e-05
-0.00419481
-3.39465e-05
-0.00436503
-2.65617e-05
-0.00451584
-4.2618e-05
-0.00466752
-7.31637e-05
-0.00482891
-0.000109654
-0.00499358
-0.000141074
-0.00513203
-0.000151085
-0.00518315
-0.000116222
-0.00505782
1.40312e-07
-0.00462545
0.000212154
-0.00377938
0.000553114
-0.00249455
0.000969282
-0.000987353
0.00126584
0.000968576
-0.000904889
-0.00191943
-0.00261715
-0.00300973
-0.00319899
-0.00327846
-0.00331202
-0.00333821
-0.00338048
-0.00345332
-0.00356266
-0.00370344
-0.00385425
-0.00397021
-0.00396982
-0.00375743
-0.0032041
-0.00223462
-0.00096864
)
;

boundaryField
{
    leftWall
    {
        type            calculated;
        value           nonuniform List<scalar> 10(0 0 2.71051e-20 0 0 0 0 0 0 0);
    }
    rightWall
    {
        type            calculated;
        value           nonuniform List<scalar> 10(0 0 0 0 0 0 0 0 4.33681e-19 0);
    }
    topWall
    {
        type            calculated;
        value           uniform 0;
    }
    bottomWall
    {
        type            calculated;
        value           uniform 0;
    }
    frontAndBackPlanes
    {
        type            empty;
    }
}


// ************************************************************************* //
