/*--------------------------------*- C++ -*----------------------------------*\
| =========                 |                                                 |
| \\      /  F ield         | OpenFOAM: The Open Source CFD Toolbox           |
|  \\    /   O peration     | Version:  2506                                  |
|   \\  /    A nd           | Website:  www.openfoam.com                      |
|    \\/     M anipulation  |                                                 |
\*---------------------------------------------------------------------------*/
FoamFile
{
    version     2.0;
    format      ascii;
    arch        "LSB;label=32;scalar=64";
    class       surfaceScalarField;
    location    "44.6";
    object      phi;
}
// * * * * * * * * * * * * * * * * * * * * * * * * * * * * * * * * * * * * * //

dimensions      [1 0 -1 0 0 0 0];

oriented        oriented;

internalField   nonuniform List<scalar> 
370
(
-8.54561e-06
-7.96549e-05
0.000156676
-0.000165194
0.000365945
-0.000209227
0.000587741
-0.000221741
0.000800948
-0.000213144
0.000998196
-0.00019718
0.00118255
-0.000184286
0.0013634
-0.000180774
0.00155334
-0.000189859
0.00176595
-0.000212542
0.00201392
-0.000247889
0.00230649
-0.00029248
0.00264489
-0.000338319
0.00301459
-0.000369615
0.00337193
-0.000357258
0.00362037
-0.00024836
0.00356781
5.26415e-05
0.00298935
0.000578558
0.00164738
0.00134205
0.00164744
0.000143861
-0.000223492
0.000479497
-0.000500761
0.000899867
-0.000629488
0.00133266
-0.000654395
0.00174069
-0.000621033
0.00211098
-0.000567303
0.002446
-0.000519151
0.00275667
-0.000491271
0.00305668
-0.000489711
0.00335836
-0.000514043
0.00366866
-0.00055802
0.00398455
-0.000608188
0.00428659
-0.00064018
0.00452988
-0.000612718
0.0046325
-0.000459706
0.00446849
-8.41907e-05
0.00388703
0.000634261
0.00272376
0.001742
0.00112106
0.00294492
0.00276859
0.000222213
-0.000445652
0.000668561
-0.000946954
0.00118865
-0.00114934
0.00169268
-0.00115815
0.00214068
-0.00106873
0.00252413
-0.000950441
0.00285092
-0.000845632
0.00313514
-0.000775188
0.00339076
-0.000745021
0.00362761
-0.00075058
0.00384818
-0.000778271
0.0040437
-0.00080339
0.00418869
-0.000784848
0.00423431
-0.000658033
0.00410426
-0.000329372
0.00370059
0.00031975
0.00294678
0.00138834
0.00185175
0.0028373
0.000661507
0.0041354
0.00343023
0.000261886
-0.000707442
0.000750372
-0.00143517
0.00127547
-0.00167404
0.00174165
-0.00162387
0.00211774
-0.00144434
0.00240787
-0.0012401
0.00263054
-0.00106783
0.00280628
-0.000950477
0.00295176
-0.000890044
0.00307734
-0.000875704
0.0031857
-0.000886175
0.00326955
-0.000886782
0.00330752
-0.00082236
0.00325916
-0.000609242
0.00306437
-0.000134171
0.00265624
0.000728253
0.00200207
0.00204286
0.00116027
0.00367945
0.000358667
0.00493732
0.00378905
0.000270821
-0.000978119
0.000726061
-0.00189001
0.00116207
-0.0021095
0.00149622
-0.0019574
0.0017183
-0.00166579
0.0018512
-0.00137238
0.0019253
-0.00114136
0.00196639
-0.000990998
0.00199207
-0.000915159
0.00201211
-0.000895175
0.00202922
-0.000902703
0.00203829
-0.000895257
0.00202367
-0.000807151
0.00195581
-0.000540818
0.00179066
3.14913e-05
0.00148592
0.00103347
0.00103314
0.00249609
0.000511891
0.00420113
0.000104542
0.00534504
0.00389377
0.000233684
-0.00121161
0.000559018
-0.00221482
0.000798912
-0.00234869
0.000909978
-0.00206771
0.000914402
-0.00166948
0.000854408
-0.0013117
0.000766354
-0.00105265
0.000673933
-0.000897938
0.000589731
-0.000830311
0.000518736
-0.000823512
0.000460477
-0.000843744
0.000409035
-0.000843085
0.000352125
-0.000749498
0.000271814
-0.000459781
0.000150523
0.000153444
-9.71168e-06
0.00119431
-0.00017315
0.0026601
-0.000260623
0.00428911
-0.000184821
0.00526963
0.00370911
0.000121911
-0.00133328
0.000180099
-0.00227238
9.4729e-05
-0.0022625
-0.000103619
-0.00186853
-0.000358076
-0.00141426
-0.000621854
-0.00104721
-0.000868339
-0.000805481
-0.0010872
-0.000678385
-0.00127744
-0.000639359
-0.00144227
-0.000657924
-0.00158668
-0.000698538
-0.00171591
-0.000713031
-0.00183235
-0.000632211
-0.00192863
-0.000362678
-0.00197468
0.000200285
-0.00191122
0.00113156
-0.00166521
0.00241472
-0.00118351
0.00380796
-0.000515365
0.00460189
0.0031939
-0.000113548
-0.00121944
-0.000487191
-0.00189801
-0.00101014
-0.00173867
-0.00156047
-0.00131736
-0.00206497
-0.000908994
-0.00249928
-0.000612196
-0.00286615
-0.000437923
-0.0031797
-0.000364141
-0.00345603
-0.000362309
-0.00370839
-0.000404824
-0.00394394
-0.000462224
-0.00415931
-0.000496872
-0.00433329
-0.000457446
-0.00441735
-0.000277821
-0.004331
0.000114706
-0.00397138
0.000772659
-0.00325145
0.00169543
-0.00215546
0.00271249
-0.000866003
0.00331281
0.00232805
-0.00047611
-0.000742985
-0.00138204
-0.000991258
-0.00232102
-0.000798754
-0.00310954
-0.000527972
-0.00371063
-0.000307152
-0.0041553
-0.000166857
-0.00449455
-9.80538e-05
-0.00477676
-8.1337e-05
-0.00503905
-9.94234e-05
-0.00530476
-0.000138526
-0.00558131
-0.000185081
-0.005855
-0.000222574
-0.00608277
-0.000229064
-0.00618412
-0.000175847
-0.00604502
-2.37772e-05
-0.00552175
0.000249984
-0.00449634
0.000670552
-0.00295605
0.00117265
-0.00116582
0.00152291
0.00116237
-0.000742577
-0.00173293
-0.00253065
-0.00305769
-0.00336404
-0.00353022
-0.00362769
-0.00370852
-0.00380747
-0.00394556
-0.00413022
-0.00435238
-0.00458104
-0.00475648
-0.00477987
-0.00452949
-0.00385858
-0.00268562
-0.00116247
)
;

boundaryField
{
    leftWall
    {
        type            calculated;
        value           nonuniform List<scalar> 10(0 0 0 0 2.71051e-20 0 -1.0842e-19 0 0 0);
    }
    rightWall
    {
        type            calculated;
        value           nonuniform List<scalar> 10(1.0842e-19 0 0 4.33681e-19 0 0 0 0 0 0);
    }
    topWall
    {
        type            calculated;
        value           uniform 0;
    }
    bottomWall
    {
        type            calculated;
        value           uniform 0;
    }
    frontAndBackPlanes
    {
        type            empty;
    }
}


// ************************************************************************* //
