/*--------------------------------*- C++ -*----------------------------------*\
| =========                 |                                                 |
| \\      /  F ield         | OpenFOAM: The Open Source CFD Toolbox           |
|  \\    /   O peration     | Version:  2506                                  |
|   \\  /    A nd           | Website:  www.openfoam.com                      |
|    \\/     M anipulation  |                                                 |
\*---------------------------------------------------------------------------*/
FoamFile
{
    version     2.0;
    format      ascii;
    arch        "LSB;label=32;scalar=64";
    class       volVectorField;
    location    "44.6";
    object      U;
}
// * * * * * * * * * * * * * * * * * * * * * * * * * * * * * * * * * * * * * //

dimensions      [0 1 -1 0 0 0 0];

internalField   nonuniform List<vector> 
200
(
(-0.000175211 -0.000217827 0)
(0.00017823 -0.000367489 0)
(0.0010275 -0.00040305 0)
(0.00198848 -0.000407683 0)
(0.00290511 -0.000379136 0)
(0.00376027 -0.00034191 0)
(0.00455064 -0.000322229 0)
(0.00530294 -0.000336124 0)
(0.00606478 -0.000392512 0)
(0.006893 -0.000496633 0)
(0.0078449 -0.000651174 0)
(0.00896976 -0.000854476 0)
(0.0102957 -0.00109454 0)
(0.0118066 -0.00133633 0)
(0.0133985 -0.00149832 0)
(0.0147862 -0.00140518 0)
(0.0153541 -0.000694884 0)
(0.0141571 0.00123263 0)
(0.0101983 0.00454575 0)
(0.00308536 0.00650719 0)
(0.000120111 -0.00115855 0)
(0.00119062 -0.00254266 0)
(0.00282184 -0.00322379 0)
(0.00465185 -0.00340118 0)
(0.00643197 -0.00327059 0)
(0.00806061 -0.00303001 0)
(0.00952457 -0.00282515 0)
(0.0108586 -0.00274462 0)
(0.0121187 -0.00283148 0)
(0.0133632 -0.00309407 0)
(0.0146365 -0.00350901 0)
(0.0159521 -0.00401236 0)
(0.0172699 -0.0044755 0)
(0.0184645 -0.00466162 0)
(0.0192839 -0.00415908 0)
(0.0193029 -0.00229268 0)
(0.0178708 0.0019278 0)
(0.0142466 0.00929553 0)
(0.00837334 0.0183165 0)
(0.00146009 0.0189915 0)
(0.000223737 -0.00271489 0)
(0.00176162 -0.0058931 0)
(0.00383531 -0.0073086 0)
(0.00602941 -0.00751938 0)
(0.00804391 -0.00707791 0)
(0.00978066 -0.00641702 0)
(0.0112514 -0.00581922 0)
(0.0125113 -0.00543697 0)
(0.0136245 -0.005326 0)
(0.0146441 -0.00547046 0)
(0.0155996 -0.00579039 0)
(0.0164821 -0.00612705 0)
(0.0172258 -0.00620502 0)
(0.0176827 -0.00557504 0)
(0.0175956 -0.00355205 0)
(0.0165668 0.000807955 0)
(0.0141825 0.00844897 0)
(0.0102496 0.0194184 0)
(0.00526625 0.0301625 0)
(0.000682956 0.0264337 0)
(0.000278767 -0.00479131 0)
(0.0020459 -0.00994585 0)
(0.00422415 -0.0118665 0)
(0.00634837 -0.0117803 0)
(0.00812661 -0.0107218 0)
(0.0095097 -0.00940974 0)
(0.0105615 -0.00826203 0)
(0.0113739 -0.00747056 0)
(0.0120296 -0.00707654 0)
(0.0125871 -0.00702058 0)
(0.0130758 -0.0071582 0)
(0.0134888 -0.00723957 0)
(0.0137705 -0.00685865 0)
(0.0137974 -0.00538988 0)
(0.0133606 -0.00195654 0)
(0.0121411 0.00447572 0)
(0.00992309 0.0145985 0)
(0.00669283 0.0276996 0)
(0.00304126 0.0385487 0)
(0.000283578 0.0306583 0)
(0.000314237 -0.00707853 0)
(0.00206732 -0.0140391 0)
(0.00398382 -0.016069 0)
(0.00563155 -0.0153035 0)
(0.00679705 -0.0133664 0)
(0.00751832 -0.0112776 0)
(0.00792454 -0.00955791 0)
(0.00814303 -0.00839426 0)
(0.00826746 -0.00777898 0)
(0.00835518 -0.00759268 0)
(0.00843227 -0.00762774 0)
(0.00849485 -0.00755865 0)
(0.00850232 -0.00687455 0)
(0.00836452 -0.00480866 0)
(0.00792581 -0.000338802 0)
(0.00695893 0.00757838 0)
(0.00535995 0.019355 0)
(0.00322461 0.0335412 0)
(0.00109412 0.0437256 0)
(-2.25476e-05 0.0326086 0)
(0.000308898 -0.00927639 0)
(0.00171168 -0.0175016 0)
(0.0029212 -0.0191171 0)
(0.00366266 -0.0173504 0)
(0.00388627 -0.0144375 0)
(0.00374005 -0.0116438 0)
(0.00340295 -0.0095136 0)
(0.00300713 -0.00816658 0)
(0.00262832 -0.00751246 0)
(0.00230095 -0.00736353 0)
(0.00203261 -0.00745657 0)
(0.00180888 -0.00740674 0)
(0.00159161 -0.00662417 0)
(0.00131891 -0.00424268 0)
(0.000902233 0.000844004 0)
(0.000305139 0.00962255 0)
(-0.000401404 0.0222064 0)
(-0.00098469 0.0364375 0)
(-0.00109253 0.0453676 0)
(-0.000328185 0.0323586 0)
(0.000224377 -0.0108889 0)
(0.000758263 -0.0193608 0)
(0.000685708 -0.0200118 0)
(5.48629e-05 -0.0171376 0)
(-0.000933482 -0.0134343 0)
(-0.00204594 -0.0102653 0)
(-0.00312866 -0.00806802 0)
(-0.00410672 -0.00682539 0)
(-0.00496051 -0.00634602 0)
(-0.00569855 -0.00638096 0)
(-0.00634142 -0.00662602 0)
(-0.00691477 -0.00665958 0)
(-0.00744073 -0.00586297 0)
(-0.00791446 -0.00338207 0)
(-0.008264 0.00177329 0)
(-0.00826676 0.0103392 0)
(-0.00762784 0.0221505 0)
(-0.00608582 0.035023 0)
(-0.00367682 0.0424288 0)
(-0.000701475 0.0294974 0)
(-1.23826e-05 -0.0110526 0)
(-0.00107819 -0.0182207 0)
(-0.00305564 -0.0175205 0)
(-0.00538397 -0.0139215 0)
(-0.00762976 -0.0101035 0)
(-0.00960022 -0.00716744 0)
(-0.0112659 -0.00533474 0)
(-0.0126733 -0.00445771 0)
(-0.0138922 -0.00428687 0)
(-0.0149885 -0.00455826 0)
(-0.0160099 -0.00497689 0)
(-0.0169713 -0.00515742 0)
(-0.0178316 -0.00456851 0)
(-0.0184539 -0.00252554 0)
(-0.0185458 0.00171129 0)
(-0.0176639 0.00867166 0)
(-0.0153889 0.0181947 0)
(-0.0114999 0.0284771 0)
(-0.00642119 0.0342601 0)
(-0.00110907 0.0237006 0)
(-0.000513922 -0.00866158 0)
(-0.0037828 -0.012838 0)
(-0.00778016 -0.0111431 0)
(-0.011492 -0.00787669 0)
(-0.0144158 -0.00496022 0)
(-0.0165704 -0.00298604 0)
(-0.0181652 -0.00193958 0)
(-0.0194264 -0.00160914 0)
(-0.0205391 -0.00176619 0)
(-0.021633 -0.00220836 0)
(-0.0227767 -0.00273566 0)
(-0.0239637 -0.00310565 0)
(-0.0250839 -0.00299723 0)
(-0.0258883 -0.00200349 0)
(-0.0259504 0.000333736 0)
(-0.0246388 0.0044284 0)
(-0.021377 0.0103128 0)
(-0.0158739 0.0169444 0)
(-0.00875619 0.0210562 0)
(-0.00150602 0.0150405 0)
(-0.00130051 -0.00284036 0)
(-0.00522627 -0.00339267 0)
(-0.00902122 -0.00238488 0)
(-0.0118558 -0.00126564 0)
(-0.0135829 -0.000478193 0)
(-0.0145191 -4.66305e-05 0)
(-0.0150204 0.00011688 0)
(-0.0153573 0.000103744 0)
(-0.0157119 -1.94325e-05 0)
(-0.0162002 -0.000209809 0)
(-0.0168834 -0.000436184 0)
(-0.0177629 -0.000662951 0)
(-0.0187617 -0.000835576 0)
(-0.019692 -0.000869263 0)
(-0.0202141 -0.000634049 0)
(-0.0198383 6.7496e-05 0)
(-0.0179218 0.00142532 0)
(-0.0139515 0.00335246 0)
(-0.00822961 0.00505074 0)
(-0.00199094 0.00430146 0)
)
;

boundaryField
{
    leftWall
    {
        type            fixedValue;
        value           uniform (0 0 0);
    }
    rightWall
    {
        type            fixedValue;
        value           uniform (0 0 0);
    }
    topWall
    {
        type            fixedValue;
        value           uniform (0 0 0);
    }
    bottomWall
    {
        type            fixedValue;
        value           uniform (0 0 0);
    }
    frontAndBackPlanes
    {
        type            empty;
    }
}


// ************************************************************************* //
