/*--------------------------------*- C++ -*----------------------------------*\
| =========                 |                                                 |
| \\      /  F ield         | OpenFOAM: The Open Source CFD Toolbox           |
|  \\    /   O peration     | Version:  2506                                  |
|   \\  /    A nd           | Website:  www.openfoam.com                      |
|    \\/     M anipulation  |                                                 |
\*---------------------------------------------------------------------------*/
FoamFile
{
    version     2.0;
    format      ascii;
    arch        "LSB;label=32;scalar=64";
    class       volVectorField;
    location    "12.8";
    object      U;
}
// * * * * * * * * * * * * * * * * * * * * * * * * * * * * * * * * * * * * * //

dimensions      [0 1 -1 0 0 0 0];

internalField   nonuniform List<vector> 
200
(
(-0.000253038 -0.000120316 0)
(-0.000291043 -0.000190053 0)
(3.69517e-05 -0.00021706 0)
(0.000554807 -0.000287949 0)
(0.00119485 -0.00036496 0)
(0.00198601 -0.000439406 0)
(0.00292304 -0.000516618 0)
(0.00400236 -0.000601461 0)
(0.00522471 -0.000697242 0)
(0.00659045 -0.000805833 0)
(0.00809423 -0.000927283 0)
(0.00971921 -0.00105862 0)
(0.0114299 -0.00119086 0)
(0.0131588 -0.00130159 0)
(0.014774 -0.00133451 0)
(0.0160006 -0.0011473 0)
(0.0162916 -0.00040197 0)
(0.0147712 0.00148607 0)
(0.0105116 0.00473156 0)
(0.00315167 0.00664532 0)
(-2.23039e-05 -0.000285216 0)
(0.000148809 -0.000849792 0)
(0.000685304 -0.00143504 0)
(0.00152709 -0.00203456 0)
(0.00264701 -0.00259627 0)
(0.00402145 -0.00312114 0)
(0.00562741 -0.00362389 0)
(0.00744423 -0.00411542 0)
(0.0094491 -0.00459444 0)
(0.0116081 -0.00504267 0)
(0.0138651 -0.00542042 0)
(0.0161281 -0.00566012 0)
(0.0182535 -0.00565299 0)
(0.0200267 -0.00522031 0)
(0.0211407 -0.00405411 0)
(0.0211688 -0.00161402 0)
(0.0194697 0.00297604 0)
(0.0153837 0.0104393 0)
(0.00897301 0.0193336 0)
(0.00156235 0.019655 0)
(1.69086e-05 -0.000461419 0)
(0.000280027 -0.00166095 0)
(0.000872883 -0.00294184 0)
(0.0017785 -0.00416886 0)
(0.00296212 -0.00529283 0)
(0.00439307 -0.00631862 0)
(0.00604488 -0.00726582 0)
(0.00789138 -0.00814099 0)
(0.00989909 -0.00892108 0)
(0.0120164 -0.00954318 0)
(0.0141606 -0.00989636 0)
(0.0162043 -0.00981238 0)
(0.0179627 -0.00904973 0)
(0.0191846 -0.00726262 0)
(0.019546 -0.00394815 0)
(0.018623 0.00160795 0)
(0.0160313 0.0101468 0)
(0.0116302 0.0215998 0)
(0.00602038 0.0323403 0)
(0.000809396 0.0278591 0)
(1.05137e-05 -0.000729171 0)
(0.00022731 -0.00253277 0)
(0.000710756 -0.00440568 0)
(0.00145076 -0.00617963 0)
(0.0024219 -0.00779476 0)
(0.00360056 -0.00925863 0)
(0.00496766 -0.010594 0)
(0.00650473 -0.0117987 0)
(0.00818502 -0.0128212 0)
(0.00996121 -0.013545 0)
(0.0117514 -0.0137789 0)
(0.013426 -0.0132507 0)
(0.0148004 -0.0115998 0)
(0.0156371 -0.00836106 0)
(0.015659 -0.00294186 0)
(0.0145399 0.00535885 0)
(0.0120837 0.016992 0)
(0.00832413 0.0310523 0)
(0.00394903 0.042099 0)
(0.00043608 0.0330059 0)
(-3.90585e-06 -0.00087955 0)
(7.29827e-05 -0.00309004 0)
(0.000314159 -0.00540101 0)
(0.000724727 -0.00759519 0)
(0.0012987 -0.00959633 0)
(0.00202792 -0.0114164 0)
(0.00291001 -0.0130852 0)
(0.00394589 -0.0145942 0)
(0.00512986 -0.015863 0)
(0.00643582 -0.0167181 0)
(0.00780098 -0.0168827 0)
(0.00911177 -0.0159795 0)
(0.0101998 -0.0135425 0)
(0.0108553 -0.00902919 0)
(0.010856 -0.00182812 0)
(0.00994912 0.00866347 0)
(0.00805316 0.0225743 0)
(0.0052863 0.0382544 0)
(0.00226332 0.0489297 0)
(0.000179121 0.036103 0)
(-2.50894e-05 -0.00083034 0)
(-0.000144116 -0.0031628 0)
(-0.000233544 -0.00569461 0)
(-0.000266426 -0.00813536 0)
(-0.000227209 -0.0103854 0)
(-0.000106865 -0.0124638 0)
(0.000114397 -0.0144152 0)
(0.00046358 -0.0162319 0)
(0.000964111 -0.0178096 0)
(0.00162339 -0.0189168 0)
(0.00241147 -0.0191842 0)
(0.00324585 -0.0181209 0)
(0.00399 -0.015159 0)
(0.00447632 -0.00970246 0)
(0.00454955 -0.00116265 0)
(0.00402905 0.0109286 0)
(0.0029712 0.0263597 0)
(0.00158258 0.0428401 0)
(0.000300908 0.0527529 0)
(-0.000121999 0.0373317 0)
(-5.02895e-05 -0.000536747 0)
(-0.000373658 -0.00264996 0)
(-0.000817472 -0.00513622 0)
(-0.00134941 -0.00759535 0)
(-0.00194131 -0.00989706 0)
(-0.00257093 -0.012073 0)
(-0.00320354 -0.0141903 0)
(-0.0037896 -0.0162575 0)
(-0.0042738 -0.0181583 0)
(-0.00461113 -0.0196116 0)
(-0.0047861 -0.0201586 0)
(-0.0048254 -0.0191982 0)
(-0.0047926 -0.0160701 0)
(-0.00475729 -0.0101489 0)
(-0.00474079 -0.000916859 0)
(-0.00473007 0.0118632 0)
(-0.00448377 0.0275886 0)
(-0.00373507 0.0435955 0)
(-0.00238406 0.0523116 0)
(-0.000488553 0.0361377 0)
(-5.94995e-05 -3.75032e-05 0)
(-0.00048795 -0.00159752 0)
(-0.00118889 -0.00371566 0)
(-0.00215833 -0.00586764 0)
(-0.00337697 -0.00790104 0)
(-0.00482295 -0.00987211 0)
(-0.00646085 -0.0118842 0)
(-0.00823901 -0.0139734 0)
(-0.0100916 -0.0160307 0)
(-0.0119442 -0.0177494 0)
(-0.0137202 -0.0186145 0)
(-0.0153392 -0.0179667 0)
(-0.0167002 -0.0151361 0)
(-0.0176511 -0.00957735 0)
(-0.0179434 -0.000956772 0)
(-0.0171682 0.0106962 0)
(-0.014965 0.024644 0)
(-0.011144 0.0384885 0)
(-0.00618043 0.0457588 0)
(-0.001068 0.0314282 0)
(-1.18059e-05 0.000434262 0)
(-0.000254675 -0.000392542 0)
(-0.000905491 -0.00180782 0)
(-0.00202568 -0.00325388 0)
(-0.00360319 -0.00460295 0)
(-0.00561747 -0.00593871 0)
(-0.00805805 -0.0073893 0)
(-0.0109214 -0.00902092 0)
(-0.0141912 -0.0107647 0)
(-0.0178083 -0.0123624 0)
(-0.0216382 -0.013359 0)
(-0.0254393 -0.0131874 0)
(-0.0288448 -0.0113329 0)
(-0.0313649 -0.00746976 0)
(-0.0323942 -0.00148343 0)
(-0.0310862 0.0065599 0)
(-0.0269367 0.0162071 0)
(-0.0198534 0.0259089 0)
(-0.0108347 0.0313635 0)
(-0.00185391 0.0221061 0)
(0.000135311 0.000307959 0)
(0.000282583 0.000142704 0)
(3.17069e-05 -0.000211945 0)
(-0.000679582 -0.00054374 0)
(-0.001819 -0.000825922 0)
(-0.00335381 -0.00110403 0)
(-0.00530462 -0.00143325 0)
(-0.00773876 -0.00184963 0)
(-0.0107367 -0.00234997 0)
(-0.0143328 -0.00287127 0)
(-0.0184381 -0.00328204 0)
(-0.0227802 -0.00341277 0)
(-0.0268958 -0.00312343 0)
(-0.0301863 -0.00235005 0)
(-0.0319814 -0.00106893 0)
(-0.0315828 0.000811978 0)
(-0.0283109 0.00342771 0)
(-0.0217852 0.00653844 0)
(-0.0127577 0.00890087 0)
(-0.00319689 0.00713808 0)
)
;

boundaryField
{
    leftWall
    {
        type            fixedValue;
        value           uniform (0 0 0);
    }
    rightWall
    {
        type            fixedValue;
        value           uniform (0 0 0);
    }
    topWall
    {
        type            fixedValue;
        value           uniform (0 0 0);
    }
    bottomWall
    {
        type            fixedValue;
        value           uniform (0 0 0);
    }
    frontAndBackPlanes
    {
        type            empty;
    }
}


// ************************************************************************* //
