/*--------------------------------*- C++ -*----------------------------------*\
| =========                 |                                                 |
| \\      /  F ield         | OpenFOAM: The Open Source CFD Toolbox           |
|  \\    /   O peration     | Version:  2506                                  |
|   \\  /    A nd           | Website:  www.openfoam.com                      |
|    \\/     M anipulation  |                                                 |
\*---------------------------------------------------------------------------*/
FoamFile
{
    version     2.0;
    format      ascii;
    arch        "LSB;label=32;scalar=64";
    class       volVectorField;
    location    "8.8";
    object      U;
}
// * * * * * * * * * * * * * * * * * * * * * * * * * * * * * * * * * * * * * //

dimensions      [0 1 -1 0 0 0 0];

internalField   nonuniform List<vector> 
200
(
(-0.000274361 -0.000157944 0)
(-0.000341611 -0.000221104 0)
(-6.73984e-05 -0.0002097 0)
(0.000335723 -0.000242477 0)
(0.000787326 -0.000284167 0)
(0.00133085 -0.000328287 0)
(0.00197138 -0.00038205 0)
(0.00271838 -0.000451402 0)
(0.00358931 -0.000541277 0)
(0.00460613 -0.000656198 0)
(0.00579101 -0.000799483 0)
(0.00716049 -0.000970939 0)
(0.00871574 -0.00116214 0)
(0.0104253 -0.00134718 0)
(0.0121893 -0.0014633 0)
(0.0137536 -0.00136509 0)
(0.0145383 -0.000718453 0)
(0.0136416 0.00110826 0)
(0.0100271 0.00439624 0)
(0.00309598 0.00653909 0)
(-3.49159e-05 -0.000268613 0)
(2.45257e-05 -0.000688951 0)
(0.000358489 -0.00106334 0)
(0.000892527 -0.00143381 0)
(0.00160193 -0.0017751 0)
(0.00247374 -0.00210893 0)
(0.00350122 -0.00246325 0)
(0.00468568 -0.0028605 0)
(0.00603316 -0.00331428 0)
(0.00754773 -0.00382594 0)
(0.00922236 -0.00437768 0)
(0.0110258 -0.00491994 0)
(0.0128829 -0.00534945 0)
(0.0146471 -0.00547208 0)
(0.0160629 -0.00493993 0)
(0.0167249 -0.0031536 0)
(0.0160312 0.00083598 0)
(0.0131853 0.00801374 0)
(0.00798677 0.0172401 0)
(0.00144735 0.0187767 0)
(-2.47055e-06 -0.000268639 0)
(9.99306e-05 -0.00107743 0)
(0.000420748 -0.00192955 0)
(0.000940569 -0.00271091 0)
(0.00163364 -0.0034124 0)
(0.00248003 -0.00407303 0)
(0.00346809 -0.00473759 0)
(0.00459214 -0.00543755 0)
(0.0058472 -0.00618268 0)
(0.00722171 -0.00695295 0)
(0.00868799 -0.00768553 0)
(0.0101894 -0.0082533 0)
(0.0116237 -0.00843192 0)
(0.012823 -0.00785123 0)
(0.013534 -0.00593022 0)
(0.0134061 -0.001819 0)
(0.0119943 0.00551446 0)
(0.00904507 0.0164252 0)
(0.0048748 0.0278646 0)
(0.000689369 0.0258354 0)
(-9.96371e-06 -0.000345557 0)
(4.93498e-05 -0.00148905 0)
(0.000272491 -0.00270737 0)
(0.000649391 -0.00382475 0)
(0.00116269 -0.00482141 0)
(0.00179461 -0.00574624 0)
(0.00253362 -0.00665579 0)
(0.00337342 -0.00758607 0)
(0.0043083 -0.00853936 0)
(0.00532667 -0.00947225 0)
(0.0064027 -0.0102779 0)
(0.00748562 -0.010759 0)
(0.00848659 -0.0105907 0)
(0.00926561 -0.00927349 0)
(0.00962401 -0.0060875 0)
(0.00930907 -9.39175e-05 0)
(0.00805696 0.00961807 0)
(0.00579229 0.0228452 0)
(0.00288092 0.035031 0)
(0.000343023 0.0298149 0)
(-1.81215e-05 -0.000328191 0)
(-5.3987e-05 -0.00165984 0)
(4.00164e-06 -0.00313484 0)
(0.000160908 -0.00449757 0)
(0.000406633 -0.00570666 0)
(0.000727809 -0.00681766 0)
(0.00111718 -0.00789916 0)
(0.00157417 -0.00899404 0)
(0.00210163 -0.0101015 0)
(0.00270063 -0.0111619 0)
(0.0033635 -0.0120343 0)
(0.00406433 -0.0124659 0)
(0.00474645 -0.0120514 0)
(0.00531033 -0.0101943 0)
(0.00560928 -0.00608549 0)
(0.00545742 0.00123671 0)
(0.0046904 0.0125324 0)
(0.00327958 0.0271446 0)
(0.00151948 0.0394944 0)
(0.000148628 0.0319888 0)
(-3.22014e-05 -0.000183256 0)
(-0.000180878 -0.00153117 0)
(-0.00031105 -0.00313079 0)
(-0.00041047 -0.00462627 0)
(-0.0004802 -0.00594812 0)
(-0.000528073 -0.00715718 0)
(-0.000555212 -0.00833708 0)
(-0.000553047 -0.00954403 0)
(-0.000505066 -0.010784 0)
(-0.000390302 -0.011994 0)
(-0.000188775 -0.0130146 0)
(0.000110029 -0.0135516 0)
(0.000492949 -0.0131281 0)
(0.000907852 -0.0110546 0)
(0.00125761 -0.0064349 0)
(0.00141576 0.00171085 0)
(0.0012515 0.01401 0)
(0.000791908 0.029419 0)
(0.000225626 0.0417045 0)
(-3.39514e-05 0.0328397 0)
(-4.30024e-05 9.01288e-05 0)
(-0.000283173 -0.00109207 0)
(-0.00058337 -0.00266826 0)
(-0.000934175 -0.00416053 0)
(-0.00133393 -0.00546691 0)
(-0.00178655 -0.0066567 0)
(-0.00228783 -0.00783397 0)
(-0.00282198 -0.009076 0)
(-0.00336153 -0.0104069 0)
(-0.00386754 -0.0117756 0)
(-0.00429119 -0.0130225 0)
(-0.00457956 -0.0138316 0)
(-0.00468825 -0.0136747 0)
(-0.00459875 -0.0117749 0)
(-0.00432672 -0.00714071 0)
(-0.00389174 0.00123716 0)
(-0.00334427 0.0138304 0)
(-0.0025714 0.0292807 0)
(-0.00152254 0.0412094 0)
(-0.000274468 0.0321437 0)
(-3.8646e-05 0.000430652 0)
(-0.000279857 -0.000437641 0)
(-0.000660627 -0.00181952 0)
(-0.00119575 -0.00312375 0)
(-0.00188591 -0.00423041 0)
(-0.00272853 -0.00522401 0)
(-0.00371577 -0.00622989 0)
(-0.00483457 -0.00734808 0)
(-0.00606389 -0.00862943 0)
(-0.00736829 -0.0100543 0)
(-0.00869034 -0.0114949 0)
(-0.00994544 -0.0126551 0)
(-0.0110224 -0.0129993 0)
(-0.0117886 -0.0117101 0)
(-0.0120872 -0.0077491 0)
(-0.0117035 -0.000120134 0)
(-0.0103593 0.0115229 0)
(-0.00787533 0.0257329 0)
(-0.00443603 0.0367492 0)
(-0.000749118 0.028976 0)
(1.44e-05 0.000647763 0)
(-2.85177e-05 0.000136587 0)
(-0.00031723 -0.000850611 0)
(-0.000886586 -0.00173449 0)
(-0.00172244 -0.00242784 0)
(-0.00279588 -0.00302726 0)
(-0.00409356 -0.00365733 0)
(-0.00562265 -0.00441926 0)
(-0.00740295 -0.00537986 0)
(-0.00945242 -0.00655886 0)
(-0.0117672 -0.00789498 0)
(-0.0142946 -0.00918358 0)
(-0.0168977 -0.00999735 0)
(-0.0193131 -0.00964137 0)
(-0.0211103 -0.00722611 0)
(-0.0216553 -0.00191793 0)
(-0.0200241 0.00662208 0)
(-0.0156816 0.017351 0)
(-0.00905776 0.0261871 0)
(-0.00162771 0.021659 0)
(0.000147792 0.00032886 0)
(0.00038675 0.000178506 0)
(0.000323231 -0.000103201 0)
(-5.424e-05 -0.000314512 0)
(-0.000674982 -0.000449677 0)
(-0.00147516 -0.000554161 0)
(-0.00244415 -0.000671766 0)
(-0.00361361 -0.000835743 0)
(-0.00504589 -0.00107193 0)
(-0.00682351 -0.00139917 0)
(-0.00903391 -0.00182056 0)
(-0.0117363 -0.00230089 0)
(-0.0148982 -0.00273148 0)
(-0.0182985 -0.00290395 0)
(-0.0214194 -0.00252756 0)
(-0.0233865 -0.00129696 0)
(-0.0230615 0.00103828 0)
(-0.0194134 0.00447281 0)
(-0.0124122 0.00793085 0)
(-0.0034201 0.0076017 0)
)
;

boundaryField
{
    leftWall
    {
        type            fixedValue;
        value           uniform (0 0 0);
    }
    rightWall
    {
        type            fixedValue;
        value           uniform (0 0 0);
    }
    topWall
    {
        type            fixedValue;
        value           uniform (0 0 0);
    }
    bottomWall
    {
        type            fixedValue;
        value           uniform (0 0 0);
    }
    frontAndBackPlanes
    {
        type            empty;
    }
}


// ************************************************************************* //
