/*--------------------------------*- C++ -*----------------------------------*\
| =========                 |                                                 |
| \\      /  F ield         | OpenFOAM: The Open Source CFD Toolbox           |
|  \\    /   O peration     | Version:  2506                                  |
|   \\  /    A nd           | Website:  www.openfoam.com                      |
|    \\/     M anipulation  |                                                 |
\*---------------------------------------------------------------------------*/
FoamFile
{
    version     2.0;
    format      ascii;
    arch        "LSB;label=32;scalar=64";
    class       surfaceScalarField;
    location    "95.6";
    object      phi;
}
// * * * * * * * * * * * * * * * * * * * * * * * * * * * * * * * * * * * * * //

dimensions      [1 0 -1 0 0 0 0];

oriented        oriented;

internalField   nonuniform List<scalar> 
370
(
0.000230475
-0.0002776
0.000655356
-0.000424803
0.00103797
-0.000382502
0.00131611
-0.000277997
0.00149233
-0.000176067
0.00159628
-0.000103784
0.00166301
-6.6545e-05
0.00172291
-5.97155e-05
0.00179899
-7.58862e-05
0.00190747
-0.000108282
0.00205955
-0.000151872
0.00226233
-0.000202565
0.00251726
-0.000254708
0.00281357
-0.000296091
0.00311409
-0.000300284
0.00332933
-0.000215009
0.00327684
5.27215e-05
0.0027395
0.000537573
0.00149856
0.00124115
0.00149868
0.000369211
-0.000646771
0.00100519
-0.00106067
0.00162943
-0.00100658
0.00212908
-0.000777465
0.00248769
-0.000534478
0.00273241
-0.000348297
0.00290349
-0.000237419
0.00303882
-0.000194824
0.00316741
-0.000204264
0.0033081
-0.000248751
0.00346987
-0.000313409
0.00365145
-0.000383915
0.00383795
-0.000440972
0.00399306
-0.000450956
0.0040467
-0.000353687
0.00388585
-5.39041e-05
0.00337018
0.000568642
0.00234963
0.00155837
0.000955579
0.00263541
0.00245436
0.000382969
-0.00102969
0.0010186
-0.00169616
0.00163647
-0.00162425
0.00213219
-0.00127295
0.00249253
-0.000894564
0.00274287
-0.000598379
0.00291799
-0.000412286
0.00304853
-0.000325105
0.00315625
-0.000311727
0.00325355
-0.000345787
0.00334398
-0.00040358
0.00342172
-0.000461389
0.00346838
-0.000487369
0.00344729
-0.000429596
0.00329849
-0.000204606
0.00294125
0.000303612
0.0023146
0.00119557
0.00142675
0.00244648
0.000488059
0.00357433
0.00294253
0.000348879
-0.0013785
0.000895007
-0.00224211
0.00139364
-0.00212264
0.00176878
-0.00164781
0.0020252
-0.00115069
0.00219389
-0.000766771
0.00230588
-0.000523982
0.00238332
-0.000402252
0.00243895
-0.000367069
0.00247847
-0.000385019
0.00250246
-0.000427285
0.00250612
-0.00046476
0.00247613
-0.00045708
0.00238575
-0.000338923
0.00219372
-1.22817e-05
0.00185587
0.00064176
0.00135364
0.0016981
0.000739551
0.00306086
0.000195573
0.00411853
0.0031382
0.000287525
-0.00166596
0.000683723
-0.00263812
0.000994609
-0.00243325
0.00118869
-0.00184158
0.00129503
-0.00125672
0.00135
-0.000821423
0.0013784
-0.000552068
0.00139215
-0.000415701
0.00139512
-0.000369737
0.00138794
-0.00037753
0.0013702
-0.000409245
0.00133942
-0.000433682
0.00128739
-0.000404746
0.00119639
-0.000247612
0.0010394
0.000145033
0.000798998
0.000882475
0.000483794
0.00201361
0.000166144
0.00337879
-1.97107e-05
0.00430462
0.00311858
0.000193783
-0.00185966
0.000373749
-0.00281788
0.000434814
-0.00249403
0.000406904
-0.00181336
0.000341991
-0.00119149
0.000273435
-0.000752552
0.000213153
-0.000491476
0.000160866
-0.000363109
0.000112955
-0.000321525
6.6885e-05
-0.000331159
2.12244e-05
-0.000363283
-2.68967e-05
-0.00038526
-8.42163e-05
-0.000347121
-0.000160511
-0.000171004
-0.000260621
0.000245466
-0.000371813
0.000993993
-0.000451324
0.00209344
-0.000424669
0.00335243
-0.000236419
0.00411659
0.00288225
3.4545e-05
-0.00189412
-9.50927e-05
-0.00268801
-0.000351313
-0.00223752
-0.000635425
-0.00152893
-0.000885591
-0.000941009
-0.00108403
-0.000553809
-0.0012371
-0.000338108
-0.00135772
-0.000242186
-0.0014567
-0.000222258
-0.00154097
-0.000246595
-0.00161529
-0.000288671
-0.00168372
-0.000316531
-0.00174804
-0.00028251
-0.00180105
-0.00011768
-0.00181445
0.000259173
-0.0017386
0.000918457
-0.00150656
0.0018617
-0.00106497
0.00291111
-0.000458964
0.00351078
0.00242337
-0.000230979
-0.00166305
-0.000792741
-0.00212601
-0.00142562
-0.00160435
-0.00197225
-0.000981989
-0.00238795
-0.000525011
-0.00268674
-0.000254725
-0.00290106
-0.000123499
-0.00306051
-8.24508e-05
-0.00318738
-9.5111e-05
-0.00329687
-0.000136833
-0.00339713
-0.000188133
-0.00348828
-0.000225116
-0.00355727
-0.000213247
-0.0035699
-0.000104776
-0.00346623
0.000155781
-0.0031661
0.000618591
-0.00259183
0.0012877
-0.0017197
0.00203921
-0.000690575
0.00248183
0.00173286
-0.000642103
-0.00102084
-0.00170815
-0.00105972
-0.0026498
-0.000662401
-0.00331337
-0.000318124
-0.00373005
-0.000108035
-0.00397452
-9.96832e-06
-0.00412581
2.80527e-05
-0.00423076
2.2766e-05
-0.00432116
-4.46252e-06
-0.00441862
-3.91353e-05
-0.00452871
-7.78066e-05
-0.00464416
-0.000109437
-0.00473729
-0.00011989
-0.00475285
-8.9001e-05
-0.00460956
1.27071e-05
-0.00419427
0.000203515
-0.00341145
0.000505075
-0.00224166
0.000869601
-0.000883013
0.00112332
0.000849906
-0.00102072
-0.00208019
-0.0027423
-0.00306013
-0.00316788
-0.00317758
-0.00314927
-0.00312627
-0.00313051
-0.00316943
-0.00324703
-0.00335628
-0.00347599
-0.00356482
-0.00355196
-0.00334829
-0.00284308
-0.00197336
-0.000849946
)
;

boundaryField
{
    leftWall
    {
        type            calculated;
        value           nonuniform List<scalar> 10(0 -1.35525e-20 0 0 0 0 0 0 0 -8.67362e-19);
    }
    rightWall
    {
        type            calculated;
        value           uniform 0;
    }
    topWall
    {
        type            calculated;
        value           uniform 0;
    }
    bottomWall
    {
        type            calculated;
        value           uniform 0;
    }
    frontAndBackPlanes
    {
        type            empty;
    }
}


// ************************************************************************* //
