/*--------------------------------*- C++ -*----------------------------------*\
| =========                 |                                                 |
| \\      /  F ield         | OpenFOAM: The Open Source CFD Toolbox           |
|  \\    /   O peration     | Version:  2506                                  |
|   \\  /    A nd           | Website:  www.openfoam.com                      |
|    \\/     M anipulation  |                                                 |
\*---------------------------------------------------------------------------*/
FoamFile
{
    version     2.0;
    format      ascii;
    arch        "LSB;label=32;scalar=64";
    class       volVectorField;
    location    "81.4";
    object      U;
}
// * * * * * * * * * * * * * * * * * * * * * * * * * * * * * * * * * * * * * //

dimensions      [0 1 -1 0 0 0 0];

internalField   nonuniform List<vector> 
200
(
(0.000189496 -0.000723292 0)
(0.00139335 -0.000979082 0)
(0.00285982 -0.000778067 0)
(0.00414789 -0.00049423 0)
(0.00505697 -0.000263155 0)
(0.00565925 -0.000125513 0)
(0.00607421 -8.06293e-05 0)
(0.00641949 -0.000110593 0)
(0.00679244 -0.000196285 0)
(0.00726757 -0.000325108 0)
(0.0079009 -0.000492575 0)
(0.00873452 -0.000699105 0)
(0.0097946 -0.000941169 0)
(0.0110751 -0.00119433 0)
(0.0124925 -0.0013837 0)
(0.0137843 -0.00133124 0)
(0.01435 -0.000667841 0)
(0.0132591 0.00118349 0)
(0.00954881 0.00433793 0)
(0.00289234 0.00612654 0)
(0.00035828 -0.00310724 0)
(0.0024301 -0.00514324 0)
(0.0048447 -0.00495795 0)
(0.00705649 -0.00392255 0)
(0.00878538 -0.00279896 0)
(0.010045 -0.00194606 0)
(0.0109655 -0.00147087 0)
(0.0116939 -0.00135165 0)
(0.012355 -0.00151856 0)
(0.013039 -0.00189714 0)
(0.0138002 -0.0024226 0)
(0.0146561 -0.00302943 0)
(0.0155784 -0.00361632 0)
(0.0164674 -0.00398307 0)
(0.017108 -0.00373902 0)
(0.0171142 -0.00219893 0)
(0.0158708 0.00164022 0)
(0.0126647 0.00855319 0)
(0.00742184 0.0170397 0)
(0.00127846 0.0175928 0)
(0.000401878 -0.00593687 0)
(0.00265397 -0.0100922 0)
(0.00517487 -0.00999768 0)
(0.00746016 -0.00816573 0)
(0.00924178 -0.00606026 0)
(0.0105381 -0.00436752 0)
(0.0114737 -0.00330241 0)
(0.0121801 -0.0028377 0)
(0.0127598 -0.00284845 0)
(0.0132791 -0.00318872 0)
(0.0137698 -0.00371688 0)
(0.0142285 -0.00427863 0)
(0.0146087 -0.00465099 0)
(0.0147996 -0.00445163 0)
(0.0145959 -0.00303436 0)
(0.0136612 0.000558055 0)
(0.0116328 0.00731299 0)
(0.00833424 0.0173324 0)
(0.00419202 0.0272441 0)
(0.000503593 0.0238379 0)
(0.000395927 -0.00884146 0)
(0.00251086 -0.0149339 0)
(0.00472431 -0.0147145 0)
(0.00661423 -0.0119809 0)
(0.00799541 -0.0088814 0)
(0.00893463 -0.00637975 0)
(0.00956641 -0.00474945 0)
(0.0100052 -0.00392528 0)
(0.0103251 -0.00371541 0)
(0.0105656 -0.00390837 0)
(0.0107418 -0.00430384 0)
(0.010848 -0.00468387 0)
(0.010851 -0.00473501 0)
(0.0106706 -0.00393859 0)
(0.0101578 -0.00148065 0)
(0.00907791 0.00368912 0)
(0.00727483 0.0123555 0)
(0.00474826 0.0239831 0)
(0.00198859 0.0337691 0)
(0.000116843 0.0268383 0)
(0.000366542 -0.0114955 0)
(0.00211757 -0.0190138 0)
(0.00371854 -0.0183555 0)
(0.00490599 -0.0146479 0)
(0.00563324 -0.0106508 0)
(0.00603084 -0.00750535 0)
(0.00623684 -0.00546421 0)
(0.00633807 -0.00438276 0)
(0.00637448 -0.0039968 0)
(0.00636082 -0.00404868 0)
(0.00630237 -0.00431018 0)
(0.00619783 -0.00453201 0)
(0.00602936 -0.00434116 0)
(0.00574438 -0.00311822 0)
(0.0052353 6.57719e-05 0)
(0.00437389 0.00625626 0)
(0.00311954 0.0160212 0)
(0.00159731 0.0282294 0)
(0.000228037 0.0371777 0)
(-0.000163041 0.0277289 0)
(0.000301803 -0.0136451 0)
(0.00141733 -0.0218119 0)
(0.00208261 -0.0203734 0)
(0.00229351 -0.0157323 0)
(0.00219072 -0.0110812 0)
(0.00195295 -0.00758043 0)
(0.0016893 -0.00537171 0)
(0.00143702 -0.00420574 0)
(0.00119696 -0.00376163 0)
(0.000963187 -0.00376524 0)
(0.000732972 -0.00398469 0)
(0.000501001 -0.00415178 0)
(0.000248075 -0.00384343 0)
(-6.57545e-05 -0.00236553 0)
(-0.00049855 0.00125719 0)
(-0.00103189 0.00796616 0)
(-0.00154533 0.0180406 0)
(-0.00178899 0.0298631 0)
(-0.00147609 0.0374883 0)
(-0.000367555 0.0267914 0)
(0.000174105 -0.0148643 0)
(0.000219475 -0.0225842 0)
(-0.000479435 -0.02009 0)
(-0.00152659 -0.0147644 0)
(-0.00259482 -0.00990733 0)
(-0.00352403 -0.00647407 0)
(-0.00428151 -0.00441237 0)
(-0.00489701 -0.0033773 0)
(-0.0054115 -0.00302919 0)
(-0.00585543 -0.00310439 0)
(-0.00624931 -0.00337345 0)
(-0.00661248 -0.00354962 0)
(-0.00696438 -0.00318664 0)
(-0.00730467 -0.00161189 0)
(-0.0075693 0.00202405 0)
(-0.00756077 0.00844734 0)
(-0.00699739 0.0177193 0)
(-0.00560159 0.0281541 0)
(-0.00337564 0.0343105 0)
(-0.000628841 0.0238798 0)
(-0.000119558 -0.0143805 0)
(-0.00179795 -0.0201907 0)
(-0.00427615 -0.0166842 0)
(-0.00673836 -0.0113544 0)
(-0.00876029 -0.0069999 0)
(-0.010286 -0.00416588 0)
(-0.0114126 -0.00260703 0)
(-0.0122643 -0.00193556 0)
(-0.0129443 -0.0018353 0)
(-0.0135259 -0.00207621 0)
(-0.0140569 -0.00245229 0)
(-0.0145596 -0.00270267 0)
(-0.015017 -0.00244281 0)
(-0.015338 -0.00113683 0)
(-0.0153019 0.00184226 0)
(-0.0145624 0.00701473 0)
(-0.0127309 0.0143793 0)
(-0.00956144 0.0225548 0)
(-0.00535514 0.0272504 0)
(-0.00091666 0.0188613 0)
(-0.000712632 -0.011075 0)
(-0.0047002 -0.0136643 0)
(-0.00892826 -0.00989968 0)
(-0.0123623 -0.00571678 0)
(-0.0146967 -0.00279048 0)
(-0.0161628 -0.00115902 0)
(-0.0170786 -0.000452267 0)
(-0.0177007 -0.0003217 0)
(-0.0182069 -0.00052712 0)
(-0.0187038 -0.00091211 0)
(-0.0192468 -0.001351 0)
(-0.0198419 -0.0016904 0)
(-0.0204238 -0.00170598 0)
(-0.0208222 -0.00108564 0)
(-0.020722 0.000551406 0)
(-0.0196358 0.00357894 0)
(-0.0170568 0.00807442 0)
(-0.0126966 0.0132586 0)
(-0.00701193 0.0165257 0)
(-0.00119913 0.0118056 0)
(-0.00175379 -0.00375798 0)
(-0.00639428 -0.00356533 0)
(-0.0100117 -0.00190417 0)
(-0.0121838 -0.000624196 0)
(-0.0131694 4.90906e-05 0)
(-0.0134902 0.00030802 0)
(-0.0135333 0.000339032 0)
(-0.0135158 0.000254055 0)
(-0.0135493 0.000114388 0)
(-0.0137025 -4.89522e-05 0)
(-0.0140144 -0.000222756 0)
(-0.014486 -0.000392019 0)
(-0.015066 -0.000524784 0)
(-0.0156231 -0.00056166 0)
(-0.0159059 -0.000402316 0)
(-0.0155413 0.000111702 0)
(-0.0140206 0.00112272 0)
(-0.0109145 0.00258281 0)
(-0.00643302 0.00389269 0)
(-0.00154659 0.00332645 0)
)
;

boundaryField
{
    leftWall
    {
        type            fixedValue;
        value           uniform (0 0 0);
    }
    rightWall
    {
        type            fixedValue;
        value           uniform (0 0 0);
    }
    topWall
    {
        type            fixedValue;
        value           uniform (0 0 0);
    }
    bottomWall
    {
        type            fixedValue;
        value           uniform (0 0 0);
    }
    frontAndBackPlanes
    {
        type            empty;
    }
}


// ************************************************************************* //
