/*--------------------------------*- C++ -*----------------------------------*\
| =========                 |                                                 |
| \\      /  F ield         | OpenFOAM: The Open Source CFD Toolbox           |
|  \\    /   O peration     | Version:  2506                                  |
|   \\  /    A nd           | Website:  www.openfoam.com                      |
|    \\/     M anipulation  |                                                 |
\*---------------------------------------------------------------------------*/
FoamFile
{
    version     2.0;
    format      ascii;
    arch        "LSB;label=32;scalar=64";
    class       volVectorField;
    location    "40.2";
    object      U;
}
// * * * * * * * * * * * * * * * * * * * * * * * * * * * * * * * * * * * * * //

dimensions      [0 1 -1 0 0 0 0];

internalField   nonuniform List<vector> 
200
(
(-0.000195793 -0.000166174 0)
(8.71627e-05 -0.000320126 0)
(0.000897854 -0.000389954 0)
(0.00190496 -0.000436112 0)
(0.00292839 -0.000439086 0)
(0.00392671 -0.000416114 0)
(0.00486956 -0.000394971 0)
(0.00576111 -0.000396645 0)
(0.00663378 -0.000435017 0)
(0.00753608 -0.000518852 0)
(0.00852182 -0.000652757 0)
(0.00963981 -0.000836011 0)
(0.0109197 -0.00105769 0)
(0.0123495 -0.00128507 0)
(0.0138331 -0.00144039 0)
(0.015099 -0.00135118 0)
(0.0155553 -0.000653084 0)
(0.0142702 0.00125304 0)
(0.0102498 0.00455169 0)
(0.00309326 0.00651864 0)
(9.72307e-05 -0.000986599 0)
(0.00110523 -0.00240275 0)
(0.00276103 -0.00328573 0)
(0.00472245 -0.00369319 0)
(0.00671989 -0.00373128 0)
(0.00861027 -0.00356657 0)
(0.0103391 -0.00335064 0)
(0.0119093 -0.00319421 0)
(0.0133565 -0.00316469 0)
(0.0147281 -0.0032901 0)
(0.0160635 -0.0035603 0)
(0.0173746 -0.00391999 0)
(0.018622 -0.00424856 0)
(0.0196835 -0.004321 0)
(0.0203174 -0.00374262 0)
(0.0201199 -0.0018543 0)
(0.018453 0.00233162 0)
(0.0146045 0.00961155 0)
(0.00854417 0.0185409 0)
(0.00148609 0.0191304 0)
(0.00020223 -0.00245206 0)
(0.00172016 -0.00576874 0)
(0.00389632 -0.00761197 0)
(0.00630261 -0.00825307 0)
(0.00859616 -0.0080961 0)
(0.0106284 -0.00753706 0)
(0.0123721 -0.0068833 0)
(0.0138594 -0.0063339 0)
(0.0151439 -0.00598988 0)
(0.016277 -0.00586904 0)
(0.0172885 -0.00591161 0)
(0.0181694 -0.00596951 0)
(0.0188513 -0.00577637 0)
(0.0191827 -0.00489977 0)
(0.0189056 -0.00268409 0)
(0.0176195 0.00178021 0)
(0.0149563 0.00938874 0)
(0.0107434 0.0202304 0)
(0.00550597 0.0308031 0)
(0.000718057 0.0268143 0)
(0.000262847 -0.00448525 0)
(0.00205876 -0.00997353 0)
(0.00440349 -0.0125652 0)
(0.0067838 -0.0130678 0)
(0.00884391 -0.012338 0)
(0.0104826 -0.0110831 0)
(0.0117366 -0.00978477 0)
(0.0126931 -0.00871419 0)
(0.0134425 -0.00797764 0)
(0.0140555 -0.00755634 0)
(0.0145704 -0.00732262 0)
(0.0149823 -0.00702759 0)
(0.0152286 -0.00626414 0)
(0.015173 -0.00442079 0)
(0.0145902 -0.000664028 0)
(0.0131653 0.00595728 0)
(0.0107002 0.0160978 0)
(0.00720086 0.0290713 0)
(0.00328961 0.0396841 0)
(0.000318686 0.0313201 0)
(0.000307379 -0.00678482 0)
(0.00212867 -0.0143235 0)
(0.00423446 -0.0172334 0)
(0.0061163 -0.017126 0)
(0.00748755 -0.0154611 0)
(0.00834544 -0.013308 0)
(0.00881545 -0.0113077 0)
(0.0090449 -0.00976138 0)
(0.00915561 -0.00873864 0)
(0.00922936 -0.00815498 0)
(0.00930599 -0.00780205 0)
(0.00938232 -0.00733235 0)
(0.00940678 -0.00621272 0)
(0.00926928 -0.0036796 0)
(0.00877189 0.00123508 0)
(0.00771374 0.00944045 0)
(0.0059673 0.0213051 0)
(0.00364125 0.0354043 0)
(0.0013018 0.0453207 0)
(6.46377e-06 0.0335256 0)
(0.000310756 -0.0090356 0)
(0.00179026 -0.0180693 0)
(0.0031485 -0.0206817 0)
(0.00402308 -0.0195238 0)
(0.00430041 -0.0167294 0)
(0.00411563 -0.0137043 0)
(0.00367618 -0.0111754 0)
(0.00315837 -0.00939994 0)
(0.00267724 -0.00835835 0)
(0.00229136 -0.0078737 0)
(0.00201584 -0.00765181 0)
(0.00183076 -0.00725751 0)
(0.00168474 -0.00605705 0)
(0.00149871 -0.0031761 0)
(0.00115703 0.00243096 0)
(0.000603003 0.0115998 0)
(-0.000112527 0.02437 0)
(-0.000763709 0.0386273 0)
(-0.00098059 0.0473052 0)
(-0.000315221 0.0334562 0)
(0.000230048 -0.0106979 0)
(0.000806513 -0.0201215 0)
(0.000776683 -0.0217553 0)
(0.000112387 -0.0193303 0)
(-0.00101306 -0.0155412 0)
(-0.00233427 -0.0119975 0)
(-0.00364484 -0.00936185 0)
(-0.00482316 -0.00774325 0)
(-0.00582169 -0.00698441 0)
(-0.00664 -0.00680946 0)
(-0.00730169 -0.00685653 0)
(-0.00783944 -0.00664046 0)
(-0.00828096 -0.00549503 0)
(-0.00862414 -0.00255633 0)
(-0.00879902 0.00311432 0)
(-0.00861843 0.012136 0)
(-0.007827 0.0242557 0)
(-0.00618234 0.037244 0)
(-0.00371759 0.0444477 0)
(-0.000710639 0.0306442 0)
(-1.14458e-05 -0.0108607 0)
(-0.00110146 -0.018976 0)
(-0.00318621 -0.0191042 0)
(-0.00573389 -0.0157361 0)
(-0.00827389 -0.0116847 0)
(-0.0105537 -0.00834001 0)
(-0.0124965 -0.00613066 0)
(-0.014125 -0.00499278 0)
(-0.0155048 -0.00467281 0)
(-0.0167065 -0.00485831 0)
(-0.0177822 -0.00519236 0)
(-0.0187453 -0.0052334 0)
(-0.0195455 -0.00441221 0)
(-0.0200332 -0.00203412 0)
(-0.0198995 0.00261511 0)
(-0.0187378 0.0100033 0)
(-0.016159 0.0198765 0)
(-0.0119774 0.0303457 0)
(-0.00664849 0.0360114 0)
(-0.00114543 0.0247054 0)
(-0.000505477 -0.00842323 0)
(-0.00383789 -0.0133613 0)
(-0.00808783 -0.0122409 0)
(-0.0121719 -0.00903328 0)
(-0.0154829 -0.00585255 0)
(-0.0179654 -0.00354365 0)
(-0.0198056 -0.00223895 0)
(-0.0212413 -0.00176744 0)
(-0.0224803 -0.00187947 0)
(-0.02367 -0.00232774 0)
(-0.0248841 -0.0028657 0)
(-0.0261078 -0.00321291 0)
(-0.0272126 -0.00302292 0)
(-0.0279285 -0.00187648 0)
(-0.0278105 0.000688772 0)
(-0.0262182 0.0050795 0)
(-0.022586 0.0112516 0)
(-0.016666 0.018078 0)
(-0.00914521 0.0221744 0)
(-0.00156752 0.0157043 0)
(-0.00121738 -0.00268668 0)
(-0.00513537 -0.00350352 0)
(-0.00921579 -0.0026639 0)
(-0.0124333 -0.00153114 0)
(-0.0144845 -0.000642646 0)
(-0.0156272 -0.000108312 0)
(-0.0162316 0.000121843 0)
(-0.0166093 0.000134447 0)
(-0.0169809 5.84684e-06 0)
(-0.0174879 -0.000207678 0)
(-0.0182018 -0.000462813 0)
(-0.0191212 -0.000714662 0)
(-0.0201562 -0.000902199 0)
(-0.0210972 -0.000935447 0)
(-0.0215701 -0.000673967 0)
(-0.0210694 0.000101778 0)
(-0.0189382 0.00155873 0)
(-0.014667 0.0035804 0)
(-0.00860891 0.00532274 0)
(-0.00207451 0.00448966 0)
)
;

boundaryField
{
    leftWall
    {
        type            fixedValue;
        value           uniform (0 0 0);
    }
    rightWall
    {
        type            fixedValue;
        value           uniform (0 0 0);
    }
    topWall
    {
        type            fixedValue;
        value           uniform (0 0 0);
    }
    bottomWall
    {
        type            fixedValue;
        value           uniform (0 0 0);
    }
    frontAndBackPlanes
    {
        type            empty;
    }
}


// ************************************************************************* //
