/*--------------------------------*- C++ -*----------------------------------*\
| =========                 |                                                 |
| \\      /  F ield         | OpenFOAM: The Open Source CFD Toolbox           |
|  \\    /   O peration     | Version:  2506                                  |
|   \\  /    A nd           | Website:  www.openfoam.com                      |
|    \\/     M anipulation  |                                                 |
\*---------------------------------------------------------------------------*/
FoamFile
{
    version     2.0;
    format      ascii;
    arch        "LSB;label=32;scalar=64";
    class       surfaceScalarField;
    location    "21.8";
    object      phi;
}
// * * * * * * * * * * * * * * * * * * * * * * * * * * * * * * * * * * * * * //

dimensions      [1 0 -1 0 0 0 0];

oriented        oriented;

internalField   nonuniform List<scalar> 
370
(
-7.52313e-05
-3.27838e-05
1.49868e-05
-9.02212e-05
0.000170983
-0.000156001
0.000393249
-0.000222275
0.000671276
-0.000278039
0.000990803
-0.000319541
0.00133673
-0.000345942
0.00169487
-0.000358162
0.00205349
-0.000358642
0.00240435
-0.000350876
0.00274292
-0.000338589
0.00306748
-0.000324582
0.00337561
-0.000308148
0.00365732
-0.000281721
0.00388203
-0.000224728
0.00396855
-8.65262e-05
0.003779
0.000189558
0.00308813
0.000690892
0.00167972
0.00140846
0.00167975
5.17323e-05
-8.45134e-05
0.000244262
-0.000282743
0.000568285
-0.000480014
0.00100455
-0.000658531
0.00153009
-0.000803574
0.00211778
-0.00090723
0.00273861
-0.000966766
0.00336398
-0.000983538
0.00396747
-0.000962132
0.00452552
-0.00090893
0.00501668
-0.000829753
0.00541863
-0.000726532
0.0057033
-0.000592826
0.0058292
-0.00040763
0.00573071
-0.00012624
0.00531555
0.00032861
0.00445048
0.00105461
0.00303451
0.00210685
0.00122914
0.00321383
0.00290891
0.000101205
-0.000185709
0.000373242
-0.000554758
0.00079071
-0.000897451
0.00132404
-0.00119183
0.00194211
-0.00142161
0.00261141
-0.0015765
0.00329688
-0.00165221
0.00396385
-0.00165047
0.00458004
-0.00157829
0.00511667
-0.00144552
0.00554734
-0.00126039
0.00584452
-0.00102367
0.0059739
-0.000722176
0.00588825
-0.000321966
0.00552407
0.000237949
0.00481564
0.00103703
0.00372197
0.00214825
0.00229334
0.00353544
0.000818452
0.00468869
0.00372735
0.000117754
-0.000303448
0.00041696
-0.000853926
0.00085555
-0.00133599
0.00139762
-0.00173385
0.00200814
-0.00203207
0.00265034
-0.00221864
0.00328607
-0.00228786
0.00387839
-0.00224269
0.00439513
-0.00209491
0.00481102
-0.00186126
0.00510648
-0.00155571
0.00526294
-0.00118
0.00525573
-0.000714863
0.00504898
-0.000115139
0.00459596
0.000691009
0.00386214
0.00177085
0.00284774
0.00316262
0.00164556
0.00473755
0.000529798
0.00580441
0.00425713
0.000112462
-0.000415889
0.000382963
-0.00112437
0.00076671
-0.00171966
0.0012296
-0.00219665
0.00173871
-0.00254108
0.00225827
-0.00273806
0.00275032
-0.0027797
0.00317959
-0.00267167
0.00351976
-0.00243472
0.00375675
-0.00209787
0.0038865
-0.00168509
0.0039075
-0.00120069
0.00381109
-0.000618207
0.0035754
0.000120726
0.00316766
0.00109886
0.00257069
0.00236787
0.00180227
0.00393104
0.000958771
0.00558102
0.000258374
0.00650479
0.00451551
7.54512e-05
-0.000491315
0.000244058
-0.00129292
0.000474778
-0.0019503
0.000746329
-0.00246809
0.00103543
-0.00283
0.00131305
-0.00301536
0.00154701
-0.00301316
0.00171044
-0.00283441
0.00179077
-0.00251423
0.00179263
-0.00209891
0.00173224
-0.00162397
0.00162614
-0.00109401
0.00147996
-0.000471605
0.00128197
0.000319049
0.0010226
0.00135845
0.000698906
0.0026917
0.00034399
0.00428602
4.43538e-05
0.0058807
-7.99692e-05
0.00662918
0.00443554
-7.03037e-06
-0.000484255
-3.52206e-05
-0.00126465
-8.12161e-05
-0.00190419
-0.000142697
-0.00240643
-0.000225156
-0.00274719
-0.000342272
-0.00289757
-0.000509374
-0.00284496
-0.000732401
-0.00260993
-0.000999928
-0.00224512
-0.0012846
-0.00181276
-0.00155309
-0.00135427
-0.00177771
-0.000868523
-0.0019419
-0.000306795
-0.00203124
0.000408923
-0.0020272
0.00135481
-0.00190709
0.0025719
-0.00163161
0.00401078
-0.00115585
0.00540512
-0.000507255
0.00598072
0.00392832
-0.000132516
-0.000351711
-0.000442254
-0.000954841
-0.00087712
-0.00146918
-0.00140534
-0.00187788
-0.00200431
-0.00214749
-0.00265552
-0.00224498
-0.00333838
-0.00216003
-0.00402396
-0.00192182
-0.00467445
-0.00159205
-0.00524899
-0.00123596
-0.00571014
-0.000891346
-0.00602474
-0.000552599
-0.00615866
-0.000171877
-0.00606455
0.000315609
-0.0056917
0.000982593
-0.00499288
0.00187361
-0.00393115
0.00294948
-0.00252693
0.00400123
-0.000991315
0.00444533
0.00293709
-0.000221915
-0.000129777
-0.000762662
-0.000414028
-0.00155269
-0.000678972
-0.0025353
-0.000894741
-0.00364633
-0.00103526
-0.00481235
-0.00107674
-0.00595652
-0.00101267
-0.00700931
-0.000865264
-0.0079187
-0.000678896
-0.00865374
-0.000497607
-0.00919747
-0.000344948
-0.0095305
-0.0002175
-0.00961146
-8.9361e-05
-0.00937972
8.5066e-05
-0.00874813
0.000351985
-0.00762441
0.000750707
-0.0059469
0.00127265
-0.00376642
0.00182128
-0.00143568
0.00211498
0.00150158
-0.000129767
-0.000543755
-0.00122258
-0.00211685
-0.0031509
-0.00422532
-0.00523447
-0.0060954
-0.00676973
-0.00726305
-0.00760428
-0.00781872
-0.00790564
-0.00781865
-0.00746511
-0.00671315
-0.00543948
-0.0036174
-0.00150185
)
;

boundaryField
{
    leftWall
    {
        type            calculated;
        value           nonuniform List<scalar> 10(0 -8.47033e-22 -1.69407e-21 0 0 0 0 0 0 0);
    }
    rightWall
    {
        type            calculated;
        value           nonuniform List<scalar> 10(0 0 0 0 0 -8.67362e-19 0 8.67362e-19 0 0);
    }
    topWall
    {
        type            calculated;
        value           uniform 0;
    }
    bottomWall
    {
        type            calculated;
        value           uniform 0;
    }
    frontAndBackPlanes
    {
        type            empty;
    }
}


// ************************************************************************* //
