/*--------------------------------*- C++ -*----------------------------------*\
| =========                 |                                                 |
| \\      /  F ield         | OpenFOAM: The Open Source CFD Toolbox           |
|  \\    /   O peration     | Version:  2506                                  |
|   \\  /    A nd           | Website:  www.openfoam.com                      |
|    \\/     M anipulation  |                                                 |
\*---------------------------------------------------------------------------*/
FoamFile
{
    version     2.0;
    format      ascii;
    arch        "LSB;label=32;scalar=64";
    class       surfaceScalarField;
    location    "102.8";
    object      phi;
}
// * * * * * * * * * * * * * * * * * * * * * * * * * * * * * * * * * * * * * //

dimensions      [1 0 -1 0 0 0 0];

oriented        oriented;

internalField   nonuniform List<scalar> 
370
(
0.000260107
-0.000303192
0.000717813
-0.000457633
0.00112393
-0.000406014
0.00141289
-0.00028882
0.00158951
-0.000176476
0.0016871
-9.74337e-05
0.00174393
-5.66577e-05
0.0017926
-4.84884e-05
0.00185735
-6.45623e-05
0.0019549
-9.73521e-05
0.00209637
-0.000141273
0.00228855
-0.00019197
0.00253256
-0.000243796
0.00281751
-0.000284735
0.00310645
-0.000288714
0.00331055
-0.000203879
0.00325079
5.99974e-05
0.00271128
0.000539733
0.00147919
0.00123229
0.0014793
0.000393486
-0.00069664
0.00106462
-0.00112867
0.00171628
-0.00105753
0.0022307
-0.000803064
0.00259252
-0.000538111
0.00283208
-0.000336798
0.0029929
-0.000217281
0.00311542
-0.00017081
0.00323028
-0.000179217
0.00335706
-0.000223925
0.00350499
-0.000288985
0.00367278
-0.000359546
0.00384551
-0.000416297
0.00398708
-0.000426079
0.00402822
-0.000329618
0.0038581
-3.35249e-05
0.00333706
0.000581277
0.00232112
0.00155591
0.000941693
0.00261193
0.0024211
0.000397644
-0.00109423
0.00105309
-0.00178398
0.00168489
-0.00168914
0.00218632
-0.00130428
0.00254553
-0.000897085
0.00279021
-0.000581239
0.00295718
-0.000384011
0.00307846
-0.000291851
0.0031766
-0.000277119
0.00326433
-0.000311418
0.00334529
-0.0003697
0.00341359
-0.000427607
0.00345088
-0.000453334
0.00342077
-0.000395721
0.00326426
-0.000172856
0.00290248
0.000328519
0.00227791
0.0012061
0.00139983
0.00243423
0.000476682
0.00353529
0.00289787
0.000354674
-0.00144885
0.000904892
-0.00233403
0.00140225
-0.00218628
0.00177198
-0.00167374
0.00202119
-0.00114603
0.00218269
-0.000742468
0.00228841
-0.000489462
0.00236067
-0.000363842
0.002412
-0.000328183
0.00244778
-0.000346938
0.00246833
-0.000389983
0.0024686
-0.000427614
0.00243515
-0.000419612
0.00234148
-0.000301785
0.0021472
2.16955e-05
0.00181088
0.000665122
0.00131541
0.00170184
0.000714039
0.00303586
0.000185965
0.00406357
0.00308393
0.000285972
-0.00173476
0.000673376
-0.00272126
0.000971132
-0.00248379
0.001152
-0.00185433
0.00124782
-0.00124157
0.00129594
-0.000790296
0.00132081
-0.000514054
0.00133346
-0.000376211
0.00133679
-0.000331238
0.00133073
-0.0003406
0.00131446
-0.000373446
0.00128519
-0.000398068
0.00123449
-0.000368634
0.00114486
-0.00021188
0.000990518
0.000176328
0.000755307
0.000900621
0.000449384
0.00200804
0.00014491
0.0033406
-2.7437e-05
0.00423613
0.00305658
0.000187173
-0.00192186
0.000349373
-0.00288327
0.000390879
-0.00252504
0.000347459
-0.00181062
0.000273125
-0.00116694
0.000200649
-0.000717533
0.000140377
-0.000453502
9.04855e-05
-0.000326044
4.62235e-05
-0.000286703
4.34407e-06
-0.000298449
-3.69908e-05
-0.00033184
-8.07748e-05
-0.000354012
-0.000133611
-0.000315521
-0.000204794
-0.000140414
-0.000298294
0.000270119
-0.000401411
0.00100403
-0.000471327
0.00207825
-0.000434514
0.00330405
-0.00023815
0.00403996
0.00281851
2.36224e-05
-0.00194541
-0.000126115
-0.00273333
-0.000401648
-0.00224924
-0.000698268
-0.00151372
-0.00095355
-0.000911378
-0.00115159
-0.000519216
-0.0013009
-0.000303921
-0.00141601
-0.000210668
-0.00150869
-0.00019376
-0.00158645
-0.000220424
-0.00165431
-0.000263713
-0.00171624
-0.00029182
-0.00177351
-0.000257984
-0.00181853
-9.51222e-05
-0.00182301
0.000274874
-0.00173884
0.000920149
-0.00150083
0.00184051
-0.00105726
0.00286072
-0.000454049
0.00343693
0.00236453
-0.000242942
-0.00170238
-0.000824122
-0.00215193
-0.001471
-0.0016021
-0.00202305
-0.000961396
-0.00243704
-0.000497118
-0.00272961
-0.000226383
-0.00293561
-9.76596e-05
-0.00308581
-6.02149e-05
-0.0032032
-7.61145e-05
-0.00330344
-0.000119946
-0.00339469
-0.000172219
-0.00347684
-0.000209427
-0.00353667
-0.000197904
-0.00354021
-9.1338e-05
-0.0034289
0.000163811
-0.00312483
0.000616315
-0.00255274
0.00126866
-0.00169049
0.00199867
-0.000677477
0.00242408
0.00168712
-0.000657728
-0.00104455
-0.0017408
-0.00106864
-0.00268731
-0.000655322
-0.00334505
-0.000303389
-0.00374973
-9.21772e-05
-0.00397885
2.99482e-06
-0.00411737
4.11013e-05
-0.00421023
3.28768e-05
-0.00428915
3.02885e-06
-0.00437624
-3.2631e-05
-0.0044765
-7.17564e-05
-0.00458232
-0.000103398
-0.00466623
-0.000113797
-0.00467393
-8.34342e-05
-0.00452578
1.58506e-05
-0.00411195
0.000202667
-0.00333963
0.000496532
-0.00219122
0.00085042
-0.000861745
0.00109473
0.000825425
-0.00104445
-0.00211286
-0.00276793
-0.00307105
-0.00316298
-0.00315974
-0.00311842
-0.00308532
-0.00308209
-0.00311453
-0.00318611
-0.00328933
-0.00340297
-0.00348625
-0.00347026
-0.00326746
-0.0027708
-0.00192027
-0.000825461
)
;

boundaryField
{
    leftWall
    {
        type            calculated;
        value           nonuniform List<scalar> 10(-3.38813e-21 0 0 0 0 0 0 0 0 0);
    }
    rightWall
    {
        type            calculated;
        value           nonuniform List<scalar> 10(0 0 0 -4.33681e-19 4.33681e-19 0 0 4.33681e-19 4.33681e-19 0);
    }
    topWall
    {
        type            calculated;
        value           uniform 0;
    }
    bottomWall
    {
        type            calculated;
        value           uniform 0;
    }
    frontAndBackPlanes
    {
        type            empty;
    }
}


// ************************************************************************* //
