/*--------------------------------*- C++ -*----------------------------------*\
| =========                 |                                                 |
| \\      /  F ield         | OpenFOAM: The Open Source CFD Toolbox           |
|  \\    /   O peration     | Version:  2506                                  |
|   \\  /    A nd           | Website:  www.openfoam.com                      |
|    \\/     M anipulation  |                                                 |
\*---------------------------------------------------------------------------*/
FoamFile
{
    version     2.0;
    format      ascii;
    arch        "LSB;label=32;scalar=64";
    class       volVectorField;
    location    "102.8";
    object      U;
}
// * * * * * * * * * * * * * * * * * * * * * * * * * * * * * * * * * * * * * //

dimensions      [0 1 -1 0 0 0 0];

internalField   nonuniform List<vector> 
200
(
(0.000364497 -0.00101787 0)
(0.00202365 -0.00132039 0)
(0.0038614 -0.00099368 0)
(0.00537095 -0.000563937 0)
(0.00634351 -0.000228874 0)
(0.00688992 -3.57919e-05 0)
(0.00718159 2.83998e-05 0)
(0.0073757 -3.25829e-06 0)
(0.00759308 -9.90581e-05 0)
(0.00791863 -0.00023788 0)
(0.00840959 -0.000410699 0)
(0.00910412 -0.000616505 0)
(0.0100233 -0.000852678 0)
(0.0111582 -0.00109763 0)
(0.0124264 -0.00128041 0)
(0.0135729 -0.00122671 0)
(0.0140221 -0.000574829 0)
(0.0128719 0.00121919 0)
(0.00920841 0.00424075 0)
(0.00277403 0.00588578 0)
(0.000462222 -0.00414149 0)
(0.00301142 -0.00654796 0)
(0.00585459 -0.00599588 0)
(0.00835046 -0.00441974 0)
(0.0101886 -0.00283419 0)
(0.0114155 -0.00167094 0)
(0.0122115 -0.00102737 0)
(0.0127672 -0.00084191 0)
(0.0132367 -0.00100094 0)
(0.0137257 -0.00139437 0)
(0.0142945 -0.00193429 0)
(0.0149611 -0.00254495 0)
(0.0156961 -0.00312628 0)
(0.0164014 -0.00348892 0)
(0.0168699 -0.00325985 0)
(0.0167327 -0.00177651 0)
(0.0153946 0.00192517 0)
(0.0121948 0.00855364 0)
(0.007093 0.0166032 0)
(0.00120944 0.0168925 0)
(0.000466042 -0.0075107 0)
(0.00301038 -0.0122679 0)
(0.00577017 -0.0116301 0)
(0.00819185 -0.00897148 0)
(0.00999841 -0.00614409 0)
(0.0112356 -0.00395229 0)
(0.0120618 -0.00260221 0)
(0.0126347 -0.00201045 0)
(0.0130731 -0.00198858 0)
(0.0134513 -0.00233824 0)
(0.0138034 -0.00288315 0)
(0.014126 -0.00345327 0)
(0.0143724 -0.0038278 0)
(0.0144341 -0.00364313 0)
(0.0141148 -0.00228657 0)
(0.013093 0.00115152 0)
(0.0110554 0.007582 0)
(0.00784705 0.0170854 0)
(0.00389603 0.0263648 0)
(0.000452709 0.0227715 0)
(0.000428252 -0.0107023 0)
(0.00264634 -0.0174428 0)
(0.00488542 -0.016521 0)
(0.00673151 -0.0127829 0)
(0.00802322 -0.0088349 0)
(0.00885713 -0.00576677 0)
(0.00938841 -0.00382725 0)
(0.00974024 -0.0028757 0)
(0.00998683 -0.00264222 0)
(0.0101641 -0.00285454 0)
(0.0102831 -0.00327428 0)
(0.0103351 -0.00366751 0)
(0.0102847 -0.00372563 0)
(0.010052 -0.00295738 0)
(0.00949383 -0.000602694 0)
(0.0084041 0.0043005 0)
(0.00665599 0.012478 0)
(0.00427051 0.0233955 0)
(0.00172549 0.0324251 0)
(7.76765e-05 0.0254588 0)
(0.000371188 -0.0134202 0)
(0.00206544 -0.0214573 0)
(0.00351624 -0.0199521 0)
(0.00452059 -0.0151712 0)
(0.00508243 -0.0103335 0)
(0.00535887 -0.00667408 0)
(0.00549235 -0.00438787 0)
(0.00556061 -0.00323369 0)
(0.00559004 -0.0028615 0)
(0.00558348 -0.00295415 0)
(0.00553823 -0.00325011 0)
(0.00544842 -0.00348807 0)
(0.00529362 -0.00330329 0)
(0.00502098 -0.00211191 0)
(0.00452326 0.000938867 0)
(0.00371163 0.00677143 0)
(0.0025518 0.0159105 0)
(0.00119163 0.027261 0)
(4.48285e-05 0.03539 0)
(-0.000171009 0.0260881 0)
(0.000286953 -0.0154607 0)
(0.00122858 -0.023888 0)
(0.00162956 -0.0215037 0)
(0.00159245 -0.0158326 0)
(0.00131649 -0.0104604 0)
(0.000990281 -0.00657928 0)
(0.000705932 -0.00423589 0)
(0.000476476 -0.00307178 0)
(0.000282561 -0.00268349 0)
(0.000104895 -0.00274685 0)
(-6.68044e-05 -0.00300569 0)
(-0.000241311 -0.00318547 0)
(-0.000438569 -0.00287705 0)
(-0.000693643 -0.00143523 0)
(-0.00105218 0.00201664 0)
(-0.00148885 0.00829818 0)
(-0.00188627 0.0176482 0)
(-0.0019956 0.0285319 0)
(-0.0015485 0.0353613 0)
(-0.000365608 0.0249957 0)
(0.000155564 -0.0164405 0)
(-4.14893e-05 -0.0241243 0)
(-0.00104601 -0.0206474 0)
(-0.00231626 -0.0144459 0)
(-0.00350119 -0.00907274 0)
(-0.00445281 -0.00542814 0)
(-0.00516988 -0.00334035 0)
(-0.00571089 -0.00236526 0)
(-0.00613572 -0.00209792 0)
(-0.00648567 -0.00223862 0)
(-0.00678669 -0.00254415 0)
(-0.00705898 -0.00273184 0)
(-0.00731833 -0.0023805 0)
(-0.00755731 -0.000872178 0)
(-0.00770516 0.00255358 0)
(-0.00758204 0.00853322 0)
(-0.00692911 0.0170942 0)
(-0.00548904 0.02664 0)
(-0.00327328 0.0320946 0)
(-0.000600918 0.0221164 0)
(-0.000164354 -0.0156489 0)
(-0.00210826 -0.0211712 0)
(-0.00482961 -0.0167672 0)
(-0.00742469 -0.0107809 0)
(-0.00946115 -0.00611948 0)
(-0.0109168 -0.00321888 0)
(-0.0119288 -0.00171294 0)
(-0.0126479 -0.00113972 0)
(-0.0131896 -0.0011347 0)
(-0.0136346 -0.00144126 0)
(-0.0140336 -0.00185026 0)
(-0.0144075 -0.00211322 0)
(-0.0147358 -0.00187528 0)
(-0.0149273 -0.000650162 0)
(-0.0147705 0.00212544 0)
(-0.0139554 0.00691788 0)
(-0.0121238 0.0136954 0)
(-0.00905481 0.0211482 0)
(-0.00504111 0.0252939 0)
(-0.000854566 0.0173468 0)
(-0.000788305 -0.0119639 0)
(-0.00507406 -0.0141312 0)
(-0.00945481 -0.00968387 0)
(-0.0128703 -0.00510839 0)
(-0.0150614 -0.00206846 0)
(-0.016322 -0.000481543 0)
(-0.0170318 0.000117681 0)
(-0.0174745 0.000142369 0)
(-0.0178125 -0.000142478 0)
(-0.0181507 -0.000577022 0)
(-0.0185468 -0.00103746 0)
(-0.0190007 -0.00138201 0)
(-0.019445 -0.00140804 0)
(-0.0197172 -0.000834391 0)
(-0.0195198 0.000683012 0)
(-0.018412 0.00348123 0)
(-0.0159271 0.00760855 0)
(-0.0118067 0.0123244 0)
(-0.00648866 0.0152214 0)
(-0.00110104 0.0107793 0)
(-0.00191 -0.0040816 0)
(-0.00683324 -0.00366908 0)
(-0.0104611 -0.00178688 0)
(-0.0124643 -0.000419833 0)
(-0.01322 0.000252573 0)
(-0.0133263 0.000470875 0)
(-0.0131805 0.000447032 0)
(-0.0129967 0.000325218 0)
(-0.0129052 0.00016807 0)
(-0.0129632 -4.9321e-06 0)
(-0.0131878 -0.000180385 0)
(-0.0135725 -0.000343982 0)
(-0.0140631 -0.000467792 0)
(-0.0145328 -0.000498818 0)
(-0.0147488 -0.000346753 0)
(-0.0143638 0.000130477 0)
(-0.0129118 0.00105507 0)
(-0.0100107 0.00237655 0)
(-0.00587033 0.00354692 0)
(-0.00140042 0.00300879 0)
)
;

boundaryField
{
    leftWall
    {
        type            fixedValue;
        value           uniform (0 0 0);
    }
    rightWall
    {
        type            fixedValue;
        value           uniform (0 0 0);
    }
    topWall
    {
        type            fixedValue;
        value           uniform (0 0 0);
    }
    bottomWall
    {
        type            fixedValue;
        value           uniform (0 0 0);
    }
    frontAndBackPlanes
    {
        type            empty;
    }
}


// ************************************************************************* //
