/*--------------------------------*- C++ -*----------------------------------*\
| =========                 |                                                 |
| \\      /  F ield         | OpenFOAM: The Open Source CFD Toolbox           |
|  \\    /   O peration     | Version:  2506                                  |
|   \\  /    A nd           | Website:  www.openfoam.com                      |
|    \\/     M anipulation  |                                                 |
\*---------------------------------------------------------------------------*/
FoamFile
{
    version     2.0;
    format      ascii;
    arch        "LSB;label=32;scalar=64";
    class       surfaceScalarField;
    location    "81.2";
    object      phi;
}
// * * * * * * * * * * * * * * * * * * * * * * * * * * * * * * * * * * * * * //

dimensions      [1 0 -1 0 0 0 0];

oriented        oriented;

internalField   nonuniform List<scalar> 
370
(
0.000165426
-0.000221733
0.000518555
-0.000353047
0.000850616
-0.000331941
0.00110689
-0.000256132
0.00128457
-0.000177511
0.00140478
-0.000120035
0.00149513
-9.01692e-05
0.00158099
-8.56776e-05
0.00168266
-0.000101472
0.00181547
-0.000132606
0.00199092
-0.000175248
0.00221696
-0.000225833
0.0024957
-0.000278517
0.00281639
-0.000320465
0.00314095
-0.000324334
0.00337812
-0.00023694
0.00333838
3.99815e-05
0.00280246
0.000536147
0.00154037
0.00126231
0.00154048
0.00031403
-0.000535718
0.000870912
-0.000909807
0.00143443
-0.000895289
0.00190294
-0.00072443
0.00225714
-0.0005315
0.00251657
-0.000379237
0.0027137
-0.000287064
0.00288041
-0.000252157
0.00304206
-0.000262891
0.00321575
-0.000306048
0.00340994
-0.000369193
0.00362339
-0.00043904
0.00384115
-0.000496025
0.00402608
-0.000505133
0.00410597
-0.000403954
0.00396329
-9.39905e-05
0.00345519
0.000548351
0.00241967
0.00157192
0.000988968
0.00269324
0.00252957
0.000348169
-0.000883826
0.000937182
-0.00149865
0.00152276
-0.00148064
0.00200612
-0.00120751
0.00237072
-0.000895812
0.00263637
-0.000644587
0.00283287
-0.000483258
0.00298737
-0.000406361
0.00311967
-0.000394897
0.00324128
-0.000427362
0.00335553
-0.000483136
0.00345655
-0.000539758
0.00352576
-0.000564932
0.00352553
-0.000504586
0.0033932
-0.000271315
0.00304376
0.000255765
0.00240928
0.00118315
0.00149521
0.00248629
0.000516953
0.00367175
0.00304664
0.00033381
-0.00121756
0.00086816
-0.0020328
0.00136809
-0.00198028
0.00175521
-0.0015943
0.00202881
-0.00116906
0.00221542
-0.000830843
0.00234372
-0.000611212
0.00243523
-0.000497523
0.00250301
-0.000462328
0.00255337
-0.000477374
0.00258743
-0.000516857
0.00260075
-0.000552728
0.00258006
-0.000543888
0.00249806
-0.000422233
0.00231093
-8.38351e-05
0.00196929
0.000597756
0.00144991
0.00170287
0.000803893
0.00313263
0.00022014
0.00425576
0.0032669
0.000289333
-0.00150681
0.000703268
-0.0024465
0.00104271
-0.0023194
0.00126657
-0.00181779
0.00139726
-0.00129936
0.00146859
-0.000901789
0.00150593
-0.000648169
0.0015232
-0.000514426
0.00152645
-0.000465202
0.00151795
-0.000468512
0.00149835
-0.000496889
0.00146568
-0.000519684
0.00141192
-0.000489763
0.00131893
-0.000328863
0.00115769
7.77965e-05
0.000905457
0.000850372
0.000568324
0.00204038
0.000219017
0.00348228
-5.28107e-08
0.0044751
0.00326696
0.000207738
-0.00171445
0.000426798
-0.00266531
0.000531837
-0.00242409
0.000539357
-0.00182492
0.00049602
-0.00125563
0.000436184
-0.00084156
0.000375372
-0.000586973
0.000317042
-0.000455719
0.000260385
-0.000408172
0.000204628
-0.000412384
0.000149286
-0.000441174
9.17758e-05
-0.000461798
2.49163e-05
-0.000422523
-6.21895e-05
-0.000241369
-0.000176339
0.000192347
-0.000304773
0.000979209
-0.000405181
0.00214117
-0.000401228
0.00347868
-0.000231832
0.00430597
0.00303523
5.83072e-05
-0.00177266
-2.56171e-05
-0.0025811
-0.000237148
-0.00221219
-0.000492647
-0.00156903
-0.000731916
-0.00101597
-0.000932743
-0.000640352
-0.00109622
-0.000423123
-0.00123126
-0.000320306
-0.00134619
-0.000292884
-0.00144659
-0.000311614
-0.00153667
-0.000350728
-0.00162061
-0.000377495
-0.00170095
-0.000341806
-0.00177171
-0.000170227
-0.00180448
0.000225498
-0.00174583
0.000920946
-0.0015249
0.00192061
-0.00108519
0.0030393
-0.000470856
0.00369187
0.00256447
-0.000203235
-0.0015693
-0.000719745
-0.0020643
-0.00132054
-0.00161102
-0.00185579
-0.00103339
-0.00227737
-0.000594006
-0.00259293
-0.000324421
-0.00282882
-0.000186874
-0.00301179
-0.000136981
-0.00316261
-0.000141717
-0.00329527
-0.000178611
-0.00341792
-0.000227736
-0.00353103
-0.000264042
-0.00362175
-0.000250745
-0.00365507
-0.000136569
-0.00356773
0.000138505
-0.00327406
0.000627609
-0.002691
0.00133789
-0.00179193
0.00214052
-0.000722253
0.00262241
0.00184231
-0.000605235
-0.000963933
-0.00163123
-0.001038
-0.00256217
-0.000679711
-0.00324105
-0.000354129
-0.0036878
-0.00014689
-0.00397005
-4.18138e-05
-0.00415242
-4.17181e-06
-0.00428659
-2.48396e-06
-0.00440639
-2.16047e-05
-0.00452977
-5.4922e-05
-0.00466452
-9.26919e-05
-0.00480388
-0.0001244
-0.00491943
-0.000134912
-0.00495326
-0.000102463
-0.00482033
5.84886e-06
-0.00439904
0.000206583
-0.00358796
0.000527064
-0.00236422
0.000917004
-0.000934099
0.00119246
0.00090828
-0.000963789
-0.00200148
-0.00268082
-0.00303458
-0.00318111
-0.00322258
-0.00322644
-0.00322862
-0.00324994
-0.00330459
-0.00339703
-0.00352119
-0.00365588
-0.00375813
-0.00375208
-0.00354531
-0.00301807
-0.00210091
-0.000908331
)
;

boundaryField
{
    leftWall
    {
        type            calculated;
        value           nonuniform List<scalar> 10(0 1.35525e-20 0 0 0 0 0 0 0 0);
    }
    rightWall
    {
        type            calculated;
        value           nonuniform List<scalar> 10(0 2.1684e-19 4.33681e-19 0 0 0 0 0 0 0);
    }
    topWall
    {
        type            calculated;
        value           uniform 0;
    }
    bottomWall
    {
        type            calculated;
        value           uniform 0;
    }
    frontAndBackPlanes
    {
        type            empty;
    }
}


// ************************************************************************* //
