/*--------------------------------*- C++ -*----------------------------------*\
| =========                 |                                                 |
| \\      /  F ield         | OpenFOAM: The Open Source CFD Toolbox           |
|  \\    /   O peration     | Version:  2506                                  |
|   \\  /    A nd           | Website:  www.openfoam.com                      |
|    \\/     M anipulation  |                                                 |
\*---------------------------------------------------------------------------*/
FoamFile
{
    version     2.0;
    format      ascii;
    arch        "LSB;label=32;scalar=64";
    class       surfaceScalarField;
    location    "56.2";
    object      phi;
}
// * * * * * * * * * * * * * * * * * * * * * * * * * * * * * * * * * * * * * //

dimensions      [1 0 -1 0 0 0 0];

oriented        oriented;

internalField   nonuniform List<scalar> 
370
(
4.29966e-05
-0.000119258
0.000259857
-0.000216807
0.000496739
-0.000236801
0.00071521
-0.000218371
0.000901494
-0.000186174
0.00105902
-0.000157412
0.00120003
-0.000140882
0.00133978
-0.000139631
0.00149374
-0.000153828
0.00167636
-0.000182487
0.00190045
-0.000223943
0.00217566
-0.00027507
0.00250448
-0.00032866
0.00287405
-0.000369413
0.00324175
-0.000367539
0.00351053
-0.000268618
0.0034806
3.01001e-05
0.00293011
0.000550647
0.00161759
0.00131267
0.00161768
0.000195547
-0.000314768
0.000587391
-0.000608545
0.00102853
-0.000677788
0.00144072
-0.000630379
0.00179722
-0.000542478
0.00209953
-0.000459512
0.00236237
-0.00040352
0.00260463
-0.000381679
0.00284415
-0.000393141
0.00309495
-0.000433073
0.00336499
-0.00049376
0.00365287
-0.000562715
0.00394206
-0.000617612
0.00419112
-0.000618224
0.00432037
-0.000496544
0.00420225
-0.000150249
0.00368636
0.000546237
0.00259578
0.00164145
0.00106921
0.00283946
0.002687
0.000261831
-0.000576534
0.000738579
-0.00108511
0.00125017
-0.00118912
0.0017104
-0.0010903
0.00209363
-0.000925379
0.00240507
-0.000770627
0.00266177
-0.000659895
0.00288226
-0.000601839
0.00308167
-0.000592225
0.00326971
-0.000620783
0.00344928
-0.000672989
0.00361396
-0.000727055
0.00374312
-0.000746417
0.00379432
-0.000669068
0.0036964
-0.000398267
0.00335274
0.000193761
0.00268215
0.00121716
0.00168645
0.00263747
0.000597103
0.00392906
0.00328423
0.000285552
-0.000861992
0.000774974
-0.00157428
0.00126586
-0.00167964
0.00167616
-0.00150019
0.00199136
-0.00124013
0.00222603
-0.00100486
0.00240197
-0.000835391
0.00253816
-0.000737599
0.0026478
-0.00070143
0.00273831
-0.000710861
0.00281176
-0.000746007
0.00286369
-0.000778534
0.00287922
-0.000761483
0.00282701
-0.000616404
0.00265532
-0.000226119
0.00230058
0.000548942
0.00172876
0.00178941
0.000990215
0.00337639
0.000294113
0.00462548
0.00357849
0.000278017
-0.00113989
0.000710709
-0.00200665
0.00109991
-0.00206838
0.00138408
-0.00178385
0.00156861
-0.00142414
0.00168016
-0.00111588
0.00174443
-0.000899149
0.0017793
-0.000771966
0.00179524
-0.000716862
0.00179781
-0.000712924
0.00178932
-0.000736993
0.001768
-0.000756689
0.00172484
-0.000717777
0.00163931
-0.000530319
0.00147741
-6.36752e-05
0.00120071
0.000826168
0.000807132
0.00218347
0.000370353
0.00381362
5.343e-05
0.00494276
0.00363208
0.000227348
-0.0013671
0.000516254
-0.00229518
0.000711884
-0.0022635
0.000794602
-0.001866
0.00079764
-0.00142659
0.000756857
-0.00107452
0.00069611
-0.000837844
0.000627673
-0.000702976
0.000557069
-0.000645703
0.00048694
-0.000642235
0.000418034
-0.000667514
0.000347646
-0.000685712
0.000267475
-0.000637003
0.000163984
-0.000426212
2.49957e-05
7.59366e-05
-0.000137086
0.000988853
-0.00028234
0.00232929
-0.000331343
0.00386311
-0.000210128
0.00482191
0.0034221
0.00010531
-0.00147225
0.000122911
-0.00231237
8.76337e-06
-0.00214879
-0.000184877
-0.00167175
-0.000404001
-0.00120687
-0.000616032
-0.000861909
-0.000808795
-0.000644505
-0.000981112
-0.000530086
-0.00113545
-0.000490788
-0.0012749
-0.000502202
-0.00140319
-0.000538631
-0.00152514
-0.000563164
-0.00164441
-0.00051711
-0.00175581
-0.000314192
-0.00182966
0.000150424
-0.00180097
0.000960775
-0.00159099
0.00211987
-0.00114109
0.0034137
-0.000498844
0.00418002
0.0029234
-0.000137194
-0.00133488
-0.000543605
-0.00190549
-0.00106795
-0.00162386
-0.00158028
-0.00115882
-0.00202271
-0.000763857
-0.00238644
-0.000497599
-0.00268402
-0.000346365
-0.00293323
-0.000280317
-0.00315032
-0.000273139
-0.00334803
-0.00030393
-0.00353462
-0.000351485
-0.00371062
-0.000386604
-0.00386167
-0.000365493
-0.00394781
-0.000227488
-0.00389483
9.80172e-05
-0.00360181
0.000668307
-0.00297521
0.00149379
-0.00198774
0.00242667
-0.000803472
0.00299609
0.00212006
-0.00051231
-0.000822357
-0.00143546
-0.000981853
-0.00233721
-0.000721527
-0.00305364
-0.000441801
-0.0035752
-0.000241736
-0.00394656
-0.000125704
-0.00422028
-7.21236e-05
-0.00444061
-5.94913e-05
-0.00464007
-7.31846e-05
-0.00484006
-0.000103457
-0.00505003
-0.000141044
-0.00526262
-0.000173552
-0.00544504
-0.00018261
-0.00552984
-0.000142237
-0.00541572
-1.56579e-05
-0.00496693
0.000219963
-0.00406566
0.000592941
-0.00268681
0.00104819
-0.00106457
0.00137412
0.00105561
-0.000822128
-0.00180348
-0.00252442
-0.00296565
-0.00320685
-0.00333206
-0.00340373
-0.00346279
-0.00353556
-0.00363862
-0.00377929
-0.00395248
-0.00413474
-0.00427664
-0.00429197
-0.0040717
-0.00347847
-0.00243002
-0.0010557
)
;

boundaryField
{
    leftWall
    {
        type            calculated;
        value           nonuniform List<scalar> 10(0 0 0 0 -5.42101e-20 0 -2.1684e-19 0 0 0);
    }
    rightWall
    {
        type            calculated;
        value           nonuniform List<scalar> 10(0 0 0 0 0 0 0 0 4.33681e-19 0);
    }
    topWall
    {
        type            calculated;
        value           uniform 0;
    }
    bottomWall
    {
        type            calculated;
        value           uniform 0;
    }
    frontAndBackPlanes
    {
        type            empty;
    }
}


// ************************************************************************* //
