/*--------------------------------*- C++ -*----------------------------------*\
| =========                 |                                                 |
| \\      /  F ield         | OpenFOAM: The Open Source CFD Toolbox           |
|  \\    /   O peration     | Version:  2506                                  |
|   \\  /    A nd           | Website:  www.openfoam.com                      |
|    \\/     M anipulation  |                                                 |
\*---------------------------------------------------------------------------*/
FoamFile
{
    version     2.0;
    format      ascii;
    arch        "LSB;label=32;scalar=64";
    class       surfaceScalarField;
    location    "129.2";
    object      phi;
}
// * * * * * * * * * * * * * * * * * * * * * * * * * * * * * * * * * * * * * //

dimensions      [1 0 -1 0 0 0 0];

oriented        oriented;

internalField   nonuniform List<scalar> 
370
(
0.000350949
-0.000381886
0.000909654
-0.000558649
0.00138926
-0.000479531
0.00171401
-0.000324653
0.00189528
-0.000181158
0.00197697
-8.15706e-05
0.00200679
-2.96946e-05
0.00202366
-1.673e-05
0.0020553
-3.14879e-05
0.00212017
-6.47257e-05
0.00222943
-0.000109099
0.002389
-0.0001594
0.00259898
-0.00020981
0.00284782
-0.000248657
0.0030987
-0.000250702
0.00326411
-0.000165223
0.00317667
8.76279e-05
0.00262552
0.000551339
0.00141822
0.00120747
0.0014183
0.000466341
-0.000848198
0.00124337
-0.0013356
0.00197845
-0.0012145
0.0025392
-0.000885284
0.00291347
-0.000555289
0.00314073
-0.000308689
0.00327383
-0.000162647
0.0033607
-0.000103446
0.00343683
-0.000107464
0.00352392
-0.000151655
0.00363192
-0.000216936
0.00375945
-0.000286758
0.00389125
-0.000341444
0.00399155
-0.000348779
0.00399315
-0.000252122
0.00379064
3.74666e-05
0.00324876
0.000629703
0.0022416
0.00155868
0.000902148
0.00254708
0.00232053
0.000440297
-0.00128846
0.00115328
-0.00204848
0.00182542
-0.0018865
0.00234348
-0.00140319
0.00269982
-0.000911458
0.00292889
-0.000537584
0.00307335
-0.000306929
0.00316916
-0.000199084
0.00324104
-0.000179165
0.00330258
-0.00021302
0.00335753
-0.000271708
0.00339979
-0.000328843
0.00341089
-0.000352361
0.00335503
-0.000292734
0.00317521
-7.21073e-05
0.00280011
0.00041275
0.00217923
0.00125078
0.00132676
0.00241134
0.000445937
0.00342806
0.00276654
0.000370015
-0.00165843
0.000929565
-0.00260791
0.00142074
-0.00237752
0.00177282
-0.00175507
0.00199994
-0.00113839
0.00214022
-0.000677669
0.00222808
-0.000394595
0.00228615
-0.000256956
0.00232614
-0.000218962
0.00235236
-0.000239052
0.0023642
-0.000283356
0.00235592
-0.000320368
0.0023138
-0.000310046
0.00221229
-0.000191032
0.00201392
0.000126459
0.00168371
0.000743162
0.00120837
0.00172632
0.000643252
0.00297664
0.000159758
0.00391171
0.00292637
0.000279264
-0.00193765
0.000637691
-0.00296622
0.00089449
-0.00263414
0.00103507
-0.00189546
0.00109921
-0.00120233
0.00112688
-0.000705129
0.00114155
-0.000409066
0.00115133
-0.000266536
0.00115626
-0.000223697
0.00115417
-0.000236768
0.00114289
-0.000271878
0.00111878
-0.000296069
0.0010732
-0.000264265
0.00098957
-0.000107208
0.00084579
0.00027044
0.000627904
0.000961252
0.000350611
0.00200382
8.53953e-05
0.00324205
-4.78935e-05
0.00404515
0.00287853
0.000165587
-0.00210318
0.000273517
-0.00307401
0.000256501
-0.00261694
0.000167379
-0.00180613
6.54258e-05
-0.00110017
-1.88259e-05
-0.000620677
-7.98039e-05
-0.000347891
-0.000123415
-0.00022273
-0.00015757
-0.00018935
-0.000187497
-0.00020665
-0.000216159
-0.000243025
-0.000247006
-0.00026503
-0.000286239
-0.000224839
-0.000341957
-5.12931e-05
-0.000415386
0.000344073
-0.000493092
0.00103916
-0.000532526
0.00204346
-0.000463919
0.00317363
-0.000243143
0.00382451
0.00263545
-9.48029e-06
-0.00209365
-0.000219219
-0.00286413
-0.000551104
-0.00228487
-0.000884015
-0.00147303
-0.00115457
-0.000829416
-0.00135242
-0.000422637
-0.0014922
-0.000207926
-0.00159285
-0.000121895
-0.00166862
-0.000113391
-0.00172852
-0.000146568
-0.00177818
-0.000193187
-0.00182129
-0.000221734
-0.00185802
-0.000187919
-0.00187978
-2.93454e-05
-0.00185777
0.000322258
-0.00174779
0.000929377
-0.00148963
0.00178549
-0.00103724
0.00272141
-0.000440178
0.00322758
0.00219532
-0.000278309
-0.00181528
-0.000915696
-0.00222659
-0.00160308
-0.0015973
-0.00217111
-0.000904811
-0.00258112
-0.000419224
-0.0028579
-0.000145666
-0.00304133
-2.43232e-05
-0.00316606
3.01826e-06
-0.00325754
-2.17389e-05
-0.00333208
-7.18581e-05
-0.00339806
-0.000127043
-0.00345474
-0.000164877
-0.0034884
-0.00015409
-0.00346524
-5.23402e-05
-0.00333106
0.000188243
-0.00301371
0.000612197
-0.00244513
0.00121707
-0.0016085
0.00188492
-0.000640076
0.00225927
0.00155529
-0.000702695
-0.00111251
-0.00183445
-0.00109469
-0.00279485
-0.000636717
-0.00343585
-0.000263629
-0.00380438
-5.05143e-05
-0.00399958
4.97065e-05
-0.00409931
7.55744e-05
-0.00415646
6.03292e-05
-0.00420439
2.63452e-05
-0.00426171
-1.43835e-05
-0.00433402
-5.45873e-05
-0.00441251
-8.62428e-05
-0.00447002
-9.64515e-05
-0.00445479
-6.74258e-05
-0.00429184
2.54217e-05
-0.00388042
0.000200908
-0.00313615
0.000472917
-0.00204721
0.000796091
-0.000800602
0.00101275
0.00075472
-0.00111244
-0.00220698
-0.00284352
-0.00310697
-0.00315731
-0.00310744
-0.00303171
-0.00297123
-0.00294475
-0.002959
-0.00301346
-0.00309958
-0.00319592
-0.00326324
-0.00323772
-0.00303672
-0.00256372
-0.00176755
-0.000754744
)
;

boundaryField
{
    leftWall
    {
        type            calculated;
        value           nonuniform List<scalar> 10(0 0 0 1.0842e-19 0 0 0 0 8.67362e-19 0);
    }
    rightWall
    {
        type            calculated;
        value           nonuniform List<scalar> 10(0 2.1684e-19 0 0 0 0 0 4.33681e-19 0 0);
    }
    topWall
    {
        type            calculated;
        value           uniform 0;
    }
    bottomWall
    {
        type            calculated;
        value           uniform 0;
    }
    frontAndBackPlanes
    {
        type            empty;
    }
}


// ************************************************************************* //
