/*--------------------------------*- C++ -*----------------------------------*\
| =========                 |                                                 |
| \\      /  F ield         | OpenFOAM: The Open Source CFD Toolbox           |
|  \\    /   O peration     | Version:  2506                                  |
|   \\  /    A nd           | Website:  www.openfoam.com                      |
|    \\/     M anipulation  |                                                 |
\*---------------------------------------------------------------------------*/
FoamFile
{
    version     2.0;
    format      ascii;
    arch        "LSB;label=32;scalar=64";
    class       volVectorField;
    location    "129.2";
    object      U;
}
// * * * * * * * * * * * * * * * * * * * * * * * * * * * * * * * * * * * * * //

dimensions      [0 1 -1 0 0 0 0];

internalField   nonuniform List<vector> 
200
(
(0.000532065 -0.00130776 0)
(0.00263202 -0.0016591 0)
(0.00483829 -0.00121513 0)
(0.00657767 -0.000647626 0)
(0.00763351 -0.000212423 0)
(0.00815033 3.68164e-05 0)
(0.0083458 0.000124218 0)
(0.00841239 9.58716e-05 0)
(0.0084918 -5.56176e-06 0)
(0.00867935 -0.000151092 0)
(0.00903531 -0.000327485 0)
(0.00959557 -0.000531994 0)
(0.0103769 -0.000761829 0)
(0.0113659 -0.000996587 0)
(0.0124777 -0.00116759 0)
(0.0134604 -0.00110397 0)
(0.0137636 -0.000456567 0)
(0.0125195 0.00127949 0)
(0.00887467 0.0041546 0)
(0.00265264 0.00563676 0)
(0.000558297 -0.00513739 0)
(0.00355123 -0.00790952 0)
(0.00679873 -0.0070293 0)
(0.00957265 -0.00495961 0)
(0.0115333 -0.00294592 0)
(0.0127545 -0.00148615 0)
(0.0134595 -0.00067089 0)
(0.0138769 -0.000405632 0)
(0.0141874 -0.000539965 0)
(0.0145111 -0.000933096 0)
(0.0149136 -0.0014762 0)
(0.0154134 -0.00208218 0)
(0.0159792 -0.00264806 0)
(0.0165126 -0.0029894 0)
(0.0168109 -0.00274653 0)
(0.0165163 -0.00128181 0)
(0.0150565 0.0023134 0)
(0.0118233 0.00866532 0)
(0.00681659 0.0162469 0)
(0.00115007 0.0162127 0)
(0.000522156 -0.00899363 0)
(0.00332129 -0.0143289 0)
(0.00629041 -0.0132104 0)
(0.00883459 -0.00980982 0)
(0.0106693 -0.00632917 0)
(0.0118641 -0.00367735 0)
(0.0126061 -0.00205351 0)
(0.0130754 -0.00132669 0)
(0.0134039 -0.00125495 0)
(0.0136718 -0.00159539 0)
(0.013915 -0.00214073 0)
(0.0141292 -0.00270396 0)
(0.0142665 -0.00306051 0)
(0.0142186 -0.00285657 0)
(0.0137935 -0.00150661 0)
(0.0126856 0.00183962 0)
(0.0106237 0.00800984 0)
(0.00747227 0.0170348 0)
(0.00366522 0.0256648 0)
(0.000413753 0.0217986 0)
(0.000453498 -0.0124225 0)
(0.00274416 -0.0197716 0)
(0.00498754 -0.0182313 0)
(0.00678152 -0.0136038 0)
(0.00798761 -0.00890293 0)
(0.00872847 -0.00532689 0)
(0.00917646 -0.0031016 0)
(0.00946093 -0.00202098 0)
(0.00965464 -0.00174896 0)
(0.00978905 -0.00196184 0)
(0.00987063 -0.0023875 0)
(0.0098871 -0.00277475 0)
(0.00980093 -0.00281362 0)
(0.00953305 -0.00203041 0)
(0.00893959 0.000290408 0)
(0.00785475 0.00501349 0)
(0.00615645 0.0128003 0)
(0.0038881 0.0230805 0)
(0.00151824 0.0313575 0)
(4.7684e-05 0.0242452 0)
(0.000370544 -0.0151672 0)
(0.00199082 -0.0236807 0)
(0.00328691 -0.021436 0)
(0.00411418 -0.0157191 0)
(0.00452181 -0.0101499 0)
(0.00468844 -0.00604168 0)
(0.00475908 -0.00353639 0)
(0.00480223 -0.00230745 0)
(0.00483121 -0.00193326 0)
(0.004838 -0.00204763 0)
(0.00481257 -0.00235952 0)
(0.00474443 -0.00259406 0)
(0.00461069 -0.0023898 0)
(0.00435967 -0.00119111 0)
(0.00389284 0.00178968 0)
(0.00313639 0.00737595 0)
(0.0020701 0.0160204 0)
(0.000855052 0.0266189 0)
(-0.000105278 0.0339549 0)
(-0.000179302 0.0246738 0)
(0.000270753 -0.0170792 0)
(0.00103833 -0.0257424 0)
(0.00118779 -0.0225427 0)
(0.00092221 -0.0159887 0)
(0.000489199 -0.0100004 0)
(8.12371e-05 -0.00579235 0)
(-0.00022454 -0.00332986 0)
(-0.000436986 -0.00216108 0)
(-0.000593914 -0.00181132 0)
(-0.000723972 -0.00191613 0)
(-0.000843409 -0.00219732 0)
(-0.000964419 -0.00237263 0)
(-0.00110718 -0.00204294 0)
(-0.00130349 -0.000602584 0)
(-0.0015887 0.00274472 0)
(-0.00193002 0.00871717 0)
(-0.00220922 0.0174879 0)
(-0.00218416 0.0275573 0)
(-0.00161076 0.0336316 0)
(-0.000363793 0.0234619 0)
(0.000138171 -0.0178206 0)
(-0.000282172 -0.0254721 0)
(-0.00156479 -0.0211651 0)
(-0.00303861 -0.0142293 0)
(-0.00433018 -0.00842165 0)
(-0.0053087 -0.00459366 0)
(-0.00600082 -0.0024765 0)
(-0.00648822 -0.00154425 0)
(-0.0068455 -0.00133914 0)
(-0.00712186 -0.00153187 0)
(-0.00734733 -0.00186439 0)
(-0.00754264 -0.00205308 0)
(-0.00772042 -0.00169505 0)
(-0.00786781 -0.000218007 0)
(-0.00790746 0.0030639 0)
(-0.00767203 0.00870752 0)
(-0.00692049 0.01669 0)
(-0.00541751 0.0254665 0)
(-0.00319161 0.0302657 0)
(-0.000576879 0.0206094 0)
(-0.000205216 -0.0167425 0)
(-0.0023852 -0.0220186 0)
(-0.00532025 -0.0168655 0)
(-0.00803543 -0.0103312 0)
(-0.010093 -0.00540646 0)
(-0.0115019 -0.00243832 0)
(-0.0124293 -0.000972959 0)
(-0.0130451 -0.0004788 0)
(-0.0134778 -0.000552086 0)
(-0.0138145 -0.000916665 0)
(-0.0141072 -0.00135512 0)
(-0.0143751 -0.00162601 0)
(-0.0145945 -0.00139724 0)
(-0.0146724 -0.000223475 0)
(-0.0144041 0.00240387 0)
(-0.013509 0.00689911 0)
(-0.0116548 0.0131917 0)
(-0.0086468 0.0200186 0)
(-0.00477892 0.0236577 0)
(-0.000801326 0.0160484 0)
(-0.000854121 -0.0127238 0)
(-0.00539739 -0.0145337 0)
(-0.00991051 -0.00951959 0)
(-0.0133128 -0.00461927 0)
(-0.0153855 -0.00148323 0)
(-0.0164907 7.0307e-05 0)
(-0.0170427 0.000590892 0)
(-0.017329 0.000532668 0)
(-0.0175267 0.000180601 0)
(-0.0177386 -0.000297198 0)
(-0.0180144 -0.000777973 0)
(-0.018352 -0.00112752 0)
(-0.0186819 -0.00115946 0)
(-0.0188455 -0.000618002 0)
(-0.0185596 0.000808991 0)
(-0.0174204 0.00342465 0)
(-0.014997 0.00724561 0)
(-0.011062 0.0115567 0)
(-0.00604376 0.0141186 0)
(-0.00101658 0.00989575 0)
(-0.00204271 -0.0043574 0)
(-0.00720689 -0.00375877 0)
(-0.0108489 -0.00169455 0)
(-0.0127203 -0.000258441 0)
(-0.013293 0.00040741 0)
(-0.0132086 0.000586321 0)
(-0.0128906 0.000531116 0)
(-0.0125753 0.000385242 0)
(-0.0123793 0.000211235 0)
(-0.012351 3.1056e-05 0)
(-0.0125027 -0.000145437 0)
(-0.012816 -0.000305049 0)
(-0.0132328 -0.000422083 0)
(-0.013629 -0.000448335 0)
(-0.0137858 -0.000301572 0)
(-0.0133776 0.000146942 0)
(-0.0119759 0.0010006 0)
(-0.0092409 0.00220437 0)
(-0.00538661 0.00325249 0)
(-0.00127379 0.00273443 0)
)
;

boundaryField
{
    leftWall
    {
        type            fixedValue;
        value           uniform (0 0 0);
    }
    rightWall
    {
        type            fixedValue;
        value           uniform (0 0 0);
    }
    topWall
    {
        type            fixedValue;
        value           uniform (0 0 0);
    }
    bottomWall
    {
        type            fixedValue;
        value           uniform (0 0 0);
    }
    frontAndBackPlanes
    {
        type            empty;
    }
}


// ************************************************************************* //
