/*--------------------------------*- C++ -*----------------------------------*\
| =========                 |                                                 |
| \\      /  F ield         | OpenFOAM: The Open Source CFD Toolbox           |
|  \\    /   O peration     | Version:  2506                                  |
|   \\  /    A nd           | Website:  www.openfoam.com                      |
|    \\/     M anipulation  |                                                 |
\*---------------------------------------------------------------------------*/
FoamFile
{
    version     2.0;
    format      ascii;
    arch        "LSB;label=32;scalar=64";
    class       surfaceScalarField;
    location    "115.6";
    object      phi;
}
// * * * * * * * * * * * * * * * * * * * * * * * * * * * * * * * * * * * * * //

dimensions      [1 0 -1 0 0 0 0];

oriented        oriented;

internalField   nonuniform List<scalar> 
370
(
0.000307593
-0.000344307
0.000818038
-0.000510381
0.00126233
-0.000444195
0.00156953
-0.000307084
0.00174796
-0.000178304
0.00183657
-8.84672e-05
0.00187862
-4.18995e-05
0.00191009
-3.13138e-05
0.00195716
-4.6899e-05
0.00203741
-8.00744e-05
0.00216196
-0.000124358
0.0023371
-0.000174952
0.00256343
-0.000226139
0.00282976
-0.000266127
0.00309933
-0.000269367
0.00328424
-0.000184697
0.00321101
7.34372e-05
0.00266633
0.000544891
0.00144762
0.0012189
0.00144772
0.000431733
-0.000776006
0.00115842
-0.00123698
0.00185371
-0.00113936
0.00239211
-0.000845337
0.00275997
-0.000545998
0.00299248
-0.000320811
0.00313817
-0.000187416
0.00324146
-0.000134426
0.0033355
-0.00014076
0.00344104
-0.000185431
0.00356769
-0.000250816
0.0037141
-0.000321175
0.0038652
-0.000377039
0.00398505
-0.000385774
0.0040053
-0.000289404
0.00382099
-1.80037e-07
0.00328929
0.000605355
0.00227858
0.00155581
0.00092065
0.00257701
0.00236846
0.000420213
-0.00119618
0.00110611
-0.00192276
0.00175927
-0.00179236
0.00226949
-0.00135536
0.00262708
-0.000903396
0.00286334
-0.000556862
0.00301818
-0.000342052
0.00312575
-0.000241785
0.00320975
-0.000224558
0.00328341
-0.000258881
0.00335043
-0.000317624
0.00340484
-0.000375371
0.00342824
-0.000400231
0.00338466
-0.000341973
0.00321636
-0.000120888
0.00284539
0.000371013
0.00222366
0.00122732
0.00135988
0.00241981
0.000459844
0.00347723
0.00282839
0.000363025
-0.00155915
0.000918534
-0.00247813
0.00141296
-0.00228659
0.0017736
-0.00171578
0.00201126
-0.00114083
0.00216156
-0.000706925
0.00225775
-0.000438015
0.00232236
-0.000306169
0.00236754
-0.000269508
0.0023981
-0.000289219
0.00241386
-0.000333154
0.00240939
-0.000370675
0.00237111
-0.00036172
0.00227305
-0.000243682
0.00207626
7.61398e-05
0.00174288
0.000704629
0.00125804
0.00171239
0.000676007
0.00300207
0.000171806
0.00398161
0.00300027
0.000282788
-0.00184188
0.000655339
-0.00285053
0.000931764
-0.00256281
0.00109153
-0.00187531
0.00117073
-0.00121978
0.00120809
-0.000744042
0.00122752
-0.000457205
0.00123859
-0.000317002
0.00124274
-0.000273434
0.00123878
-0.000285019
0.0012251
-0.000319249
0.00119846
-0.000343802
0.00115029
-0.000313314
0.00106356
-0.000156718
0.000914533
0.000225409
0.000688143
0.000931262
0.000397068
0.00200371
0.000113156
0.00328621
-3.85287e-05
0.00413347
0.00296182
0.00017654
-0.00201836
0.000310086
-0.00298391
0.000320708
-0.00257321
0.000253107
-0.00180747
0.000164127
-0.00113056
8.54557e-05
-0.000665131
2.4989e-05
-0.000396503
-2.14297e-05
-0.000270352
-6.02051e-05
-0.000234429
-9.56509e-05
-0.000249345
-0.00013021
-0.000284462
-0.000167133
-0.00030665
-0.000212816
-0.0002674
-0.000275881
-9.34167e-05
-0.000358965
0.000308737
-0.000448965
0.00102151
-0.000503176
0.00205816
-0.000449923
0.00323318
-0.000240803
0.00392452
0.00272108
5.52169e-06
-0.00202382
-0.000175229
-0.00280299
-0.000480382
-0.00226784
-0.000796217
-0.0014914
-0.00105953
-0.000867013
-0.00125729
-0.000467135
-0.00140129
-0.00025228
-0.00150839
-0.000163032
-0.00159185
-0.000150745
-0.00165998
-0.000180991
-0.0017181
-0.000226125
-0.00177
-0.000254526
-0.00181639
-0.000220791
-0.00184908
-6.04995e-05
-0.00183967
0.000299563
-0.00174215
0.00092422
-0.00149395
0.00181019
-0.00104623
0.00278566
-0.000446624
0.00332507
0.00227452
-0.000261288
-0.00176246
-0.00087247
-0.00219163
-0.00154085
-0.00159923
-0.00210124
-0.000930784
-0.00251289
-0.000455137
-0.00279687
-0.000182938
-0.00299052
-5.84072e-05
-0.0031269
-2.64445e-05
-0.00323034
-4.70981e-05
-0.00331676
-9.43623e-05
-0.00339447
-0.000148211
-0.00346303
-0.000185768
-0.00350894
-0.000174678
-0.00349845
-7.07801e-05
-0.00337517
0.000176485
-0.0030644
0.000613652
-0.00249467
0.00124066
-0.00164653
0.00193769
-0.000657535
0.00233621
0.00161703
-0.000681533
-0.00108084
-0.0017904
-0.00108258
-0.00274411
-0.000645305
-0.00339259
-0.000282083
-0.00377766
-6.98496e-05
-0.00398935
2.8959e-05
-0.00410684
5.92859e-05
-0.0041804
4.73132e-05
-0.00424287
1.5561e-05
-0.00431395
-2.30969e-05
-0.00439923
-6.27581e-05
-0.00449046
-9.43644e-05
-0.00456034
-0.000104641
-0.00455596
-7.49966e-05
-0.00440012
2.08059e-05
-0.00398789
0.000201585
-0.00323088
0.000483797
-0.00211444
0.000821382
-0.000829216
0.00105109
0.000787861
-0.00108076
-0.00216315
-0.00280824
-0.00309011
-0.00315975
-0.00313059
-0.00307112
-0.00302363
-0.0030079
-0.00303084
-0.00309344
-0.00318766
-0.00329217
-0.00336704
-0.00334612
-0.00314442
-0.00266052
-0.00183905
-0.00078789
)
;

boundaryField
{
    leftWall
    {
        type            calculated;
        value           nonuniform List<scalar> 10(0 0 -5.42101e-20 0 0 -2.1684e-19 4.33681e-19 0 0 0);
    }
    rightWall
    {
        type            calculated;
        value           uniform 0;
    }
    topWall
    {
        type            calculated;
        value           uniform 0;
    }
    bottomWall
    {
        type            calculated;
        value           uniform 0;
    }
    frontAndBackPlanes
    {
        type            empty;
    }
}


// ************************************************************************* //
