/*--------------------------------*- C++ -*----------------------------------*\
| =========                 |                                                 |
| \\      /  F ield         | OpenFOAM: The Open Source CFD Toolbox           |
|  \\    /   O peration     | Version:  2506                                  |
|   \\  /    A nd           | Website:  www.openfoam.com                      |
|    \\/     M anipulation  |                                                 |
\*---------------------------------------------------------------------------*/
FoamFile
{
    version     2.0;
    format      ascii;
    arch        "LSB;label=32;scalar=64";
    class       surfaceScalarField;
    location    "9.6";
    object      phi;
}
// * * * * * * * * * * * * * * * * * * * * * * * * * * * * * * * * * * * * * //

dimensions      [1 0 -1 0 0 0 0];

oriented        oriented;

internalField   nonuniform List<scalar> 
370
(
-9.23608e-05
-3.04116e-05
-3.6215e-05
-5.61555e-05
4.29581e-05
-7.91895e-05
0.000149041
-0.000106105
0.000280399
-0.000131383
0.000436526
-0.000156154
0.000619025
-0.000182527
0.000831141
-0.000212145
0.00107713
-0.000246015
0.0013614
-0.000284308
0.00168729
-0.000325913
0.00205491
-0.000367655
0.00245786
-0.00040297
0.00287688
-0.000419034
0.00326827
-0.000391378
0.0035428
-0.000274436
0.00351455
2.84926e-05
0.00297096
0.000544078
0.00165845
0.0013132
0.00165894
4.64083e-07
-3.0869e-05
5.70281e-05
-0.000112707
0.000173026
-0.000195181
0.000339859
-0.000272939
0.000552351
-0.000343884
0.000807211
-0.000411027
0.00110322
-0.000478556
0.00144062
-0.000549561
0.00181961
-0.000625016
0.00223824
-0.000702955
0.00268957
-0.000777264
0.00315766
-0.000835764
0.00361186
-0.000857183
0.0039992
-0.000806371
0.0042348
-0.000626958
0.00419322
-0.000232763
0.0037299
0.000492033
0.00266209
0.00161229
0.00111416
0.0028617
0.00277348
1.37708e-05
-4.46217e-05
7.58197e-05
-0.00017472
0.000192593
-0.000311924
0.000358972
-0.000439302
0.000569208
-0.000554118
0.000819134
-0.000660956
0.00110618
-0.000765612
0.00142841
-0.000871791
0.00178279
-0.000979409
0.00216299
-0.00108317
0.00255639
-0.00117067
0.00294031
-0.00121969
0.00327754
-0.00119442
0.00351168
-0.0010405
0.00356418
-0.000679412
0.00333838
-6.81777e-06
0.00274691
0.00108381
0.00178005
0.00257971
0.000658218
0.00398423
0.00343215
7.18092e-06
-5.17736e-05
5.04796e-05
-0.000217959
0.000136048
-0.000397441
0.000260977
-0.000564203
0.000420584
-0.000713712
0.000611167
-0.000851537
0.000830428
-0.000984876
0.00107662
-0.00111799
0.00134701
-0.00124981
0.00163582
-0.00137198
0.00193156
-0.00146641
0.00221378
-0.00150191
0.00244979
-0.00143043
0.0025924
-0.00118309
0.00258111
-0.000668034
0.00235147
0.000223036
0.00186103
0.00157475
0.00114018
0.0033014
0.000383861
0.00474158
0.00381666
-7.27445e-06
-4.44599e-05
9.18773e-07
-0.000226073
3.44108e-05
-0.000430864
9.37011e-05
-0.000623453
0.000175836
-0.000795829
0.000278532
-0.000954228
0.000401188
-0.00110753
0.000544363
-0.00126116
0.00070853
-0.00141397
0.000892261
-0.00155572
0.00108977
-0.00166392
0.00128755
-0.00169968
0.00146125
-0.00160412
0.00157413
-0.00129593
0.0015799
-0.000673662
0.00143327
0.000370008
0.00111136
0.00189739
0.000650738
0.00376327
0.000197625
0.00519622
0.00401523
-2.52877e-05
-1.9124e-05
-6.00483e-05
-0.000191214
-8.83045e-05
-0.000402523
-0.000107669
-0.000604038
-0.000119372
-0.000784102
-0.000123809
-0.00094978
-0.000119099
-0.00111223
-0.000101181
-0.00127908
-6.46508e-05
-0.0014505
-4.25665e-06
-0.00161611
8.26246e-05
-0.0017508
0.000192658
-0.0018097
0.000312497
-0.00172391
0.000416491
-0.00139981
0.000469685
-0.000726604
0.000439994
0.000400249
0.000319069
0.00201944
0.000148101
0.00393607
1.76302e-05
0.00532885
0.00403414
-4.0382e-05
2.13141e-05
-0.000113647
-0.000117835
-0.00020217
-0.0003139
-0.000303285
-0.000502863
-0.000417649
-0.000669709
-0.000544345
-0.000823067
-0.00067955
-0.000977017
-0.000816372
-0.00114224
-0.000945005
-0.00132185
-0.00105335
-0.00150774
-0.00112868
-0.00167544
-0.00116071
-0.0017776
-0.00114605
-0.00173841
-0.00109116
-0.00145435
-0.00100947
-0.000807644
-0.000908374
0.000300278
-0.000769253
0.0018822
-0.000548809
0.00371832
-0.000241371
0.00502435
0.00379437
-4.09298e-05
6.23081e-05
-0.000128495
-3.01383e-05
-0.000256531
-0.000185749
-0.000425715
-0.00033361
-0.000636509
-0.000458877
-0.000887083
-0.000572471
-0.0011738
-0.000690279
-0.00149096
-0.000825066
-0.00182954
-0.000983252
-0.00217558
-0.00116166
-0.00250904
-0.00134189
-0.00280401
-0.0014824
-0.00303006
-0.00151183
-0.00315277
-0.00133059
-0.00313082
-0.000827856
-0.00291195
8.38786e-05
-0.00242334
0.00139689
-0.00162865
0.00292749
-0.000654158
0.00405356
0.00314209
-5.10488e-06
6.74882e-05
-5.41883e-05
1.90996e-05
-0.000175304
-6.44966e-05
-0.000370991
-0.000137837
-0.000635378
-0.000194441
-0.000963706
-0.000244111
-0.00135572
-0.000298238
-0.00181485
-0.000365905
-0.00234496
-0.000453094
-0.00294523
-0.000561316
-0.00360335
-0.000683562
-0.00428746
-0.000797763
-0.00493666
-0.000861398
-0.0054527
-0.000812168
-0.00569556
-0.000581266
-0.00550108
-0.000105799
-0.00468035
0.000581429
-0.00318492
0.00143724
-0.00128584
0.00215886
0.00185841
6.75767e-05
8.68618e-05
2.25366e-05
-0.000115188
-0.000309562
-0.000553628
-0.000851827
-0.00121769
-0.00167074
-0.00223197
-0.0029153
-0.0037124
-0.00457218
-0.00538111
-0.00595726
-0.00605651
-0.00546817
-0.00402463
-0.00186086
)
;

boundaryField
{
    leftWall
    {
        type            calculated;
        value           nonuniform List<scalar> 10(0 0 0 6.77626e-21 0 0 2.71051e-20 0 0 0);
    }
    rightWall
    {
        type            calculated;
        value           nonuniform List<scalar> 10(0 0 0 0 0 -8.67362e-19 0 0 0 0);
    }
    topWall
    {
        type            calculated;
        value           uniform 0;
    }
    bottomWall
    {
        type            calculated;
        value           uniform 0;
    }
    frontAndBackPlanes
    {
        type            empty;
    }
}


// ************************************************************************* //
