/*--------------------------------*- C++ -*----------------------------------*\
| =========                 |                                                 |
| \\      /  F ield         | OpenFOAM: The Open Source CFD Toolbox           |
|  \\    /   O peration     | Version:  2506                                  |
|   \\  /    A nd           | Website:  www.openfoam.com                      |
|    \\/     M anipulation  |                                                 |
\*---------------------------------------------------------------------------*/
FoamFile
{
    version     2.0;
    format      ascii;
    arch        "LSB;label=32;scalar=64";
    class       volVectorField;
    location    "9.6";
    object      U;
}
// * * * * * * * * * * * * * * * * * * * * * * * * * * * * * * * * * * * * * //

dimensions      [0 1 -1 0 0 0 0];

internalField   nonuniform List<vector> 
200
(
(-0.000267446 -0.000147887 0)
(-0.000327036 -0.000213285 0)
(-4.20366e-05 -0.000211003 0)
(0.000384287 -0.000251916 0)
(0.000875227 -0.00030105 0)
(0.00147047 -0.000351831 0)
(0.00217376 -0.000411385 0)
(0.00299318 -0.000485764 0)
(0.00394439 -0.000579779 0)
(0.0050466 -0.000697394 0)
(0.00631766 -0.000840882 0)
(0.00776749 -0.00100859 0)
(0.00938809 -0.00119046 0)
(0.0111365 -0.00135936 0)
(0.0128992 -0.00145211 0)
(0.0144074 -0.00132254 0)
(0.0150804 -0.000635248 0)
(0.014014 0.00122812 0)
(0.010199 0.00452036 0)
(0.00312106 0.00658953 0)
(-3.45312e-05 -0.000270824 0)
(4.80736e-05 -0.000721091 0)
(0.000426216 -0.00114036 0)
(0.00102366 -0.00155879 0)
(0.00181716 -0.00194637 0)
(0.00279245 -0.00232196 0)
(0.00394053 -0.00271266 0)
(0.00525997 -0.00314015 0)
(0.00675323 -0.00361575 0)
(0.00841902 -0.0041362 0)
(0.0102421 -0.00467673 0)
(0.012179 -0.00517901 0)
(0.0141384 -0.00553096 0)
(0.0159533 -0.00553195 0)
(0.0173477 -0.00483311 0)
(0.0178981 -0.00284249 0)
(0.0169766 0.00136995 0)
(0.0138128 0.00870727 0)
(0.00827743 0.0179009 0)
(0.00148267 0.0190739 0)
(1.27777e-06 -0.000308367 0)
(0.000134853 -0.00119522 0)
(0.000508387 -0.00213567 0)
(0.00110345 -0.00300917 0)
(0.00189283 -0.00379854 0)
(0.00285484 -0.00453826 0)
(0.00397572 -0.00527125 0)
(0.00524727 -0.00602673 0)
(0.00666099 -0.00680918 0)
(0.00819979 -0.0075889 0)
(0.00982723 -0.00828877 0)
(0.0114735 -0.00876413 0)
(0.0130181 -0.00877295 0)
(0.0142702 -0.00793222 0)
(0.0149518 -0.00565989 0)
(0.0146892 -0.00112736 0)
(0.0130216 0.00663544 0)
(0.00972345 0.0178327 0)
(0.00518092 0.0291803 0)
(0.000721427 0.02645 0)
(-5.97695e-06 -0.000419554 0)
(8.04814e-05 -0.00169165 0)
(0.000348914 -0.00304223 0)
(0.000791132 -0.00429314 0)
(0.00138787 -0.00541662 0)
(0.00212041 -0.00645614 0)
(0.00297625 -0.00746581 0)
(0.00394797 -0.00847817 0)
(0.00502783 -0.00948727 0)
(0.00620024 -0.0104346 0)
(0.00743183 -0.0111909 0)
(0.00865908 -0.0115311 0)
(0.0097742 -0.0111014 0)
(0.010613 -0.00938178 0)
(0.0109504 -0.00565088 0)
(0.0105013 0.000994961 0)
(0.00901154 0.0113494 0)
(0.00641166 0.0249868 0)
(0.00314668 0.0370046 0)
(0.000365822 0.030725 0)
(-1.58823e-05 -0.000429248 0)
(-3.70771e-05 -0.00192516 0)
(4.72257e-05 -0.00356389 0)
(0.000243887 -0.00509222 0)
(0.000541098 -0.00646032 0)
(0.000927656 -0.00771779 0)
(0.00139735 -0.00893083 0)
(0.00195067 -0.0101382 0)
(0.00259103 -0.0113281 0)
(0.00331826 -0.0124201 0)
(0.00411982 -0.0132419 0)
(0.00495836 -0.0134991 0)
(0.00575756 -0.0127447 0)
(0.00639151 -0.0103518 0)
(0.00668571 -0.00551339 0)
(0.0064291 0.00267232 0)
(0.0054545 0.0148136 0)
(0.00375648 0.0299445 0)
(0.00170361 0.0420347 0)
(0.000157621 0.033122 0)
(-3.17312e-05 -0.000294717 0)
(-0.000181806 -0.00181765 0)
(-0.000314764 -0.00359341 0)
(-0.000414325 -0.00527274 0)
(-0.000478583 -0.00677561 0)
(-0.000512591 -0.00815688 0)
(-0.000514329 -0.00949868 0)
(-0.000471353 -0.0108534 0)
(-0.000363178 -0.0122146 0)
(-0.000166464 -0.013493 0)
(0.000138325 -0.014487 0)
(0.000552616 -0.0148423 0)
(0.00104368 -0.0140225 0)
(0.00153185 -0.0112958 0)
(0.00189133 -0.00577464 0)
(0.00197186 0.00342898 0)
(0.00165328 0.0167385 0)
(0.00100195 0.0327237 0)
(0.000266918 0.0446286 0)
(-4.79599e-05 0.0340747 0)
(-4.53448e-05 -9.434e-06 0)
(-0.000306572 -0.00134642 0)
(-0.000641831 -0.00308904 0)
(-0.00103723 -0.00476382 0)
(-0.00148678 -0.00625699 0)
(-0.00199077 -0.00763236 0)
(-0.00254052 -0.00899441 0)
(-0.00311414 -0.0104184 0)
(-0.00367677 -0.0119154 0)
(-0.00418227 -0.0134037 0)
(-0.00457766 -0.0146696 0)
(-0.00481328 -0.015321 0)
(-0.00485942 -0.0147446 0)
(-0.00472225 -0.0121042 0)
(-0.00443933 -0.00642725 0)
(-0.00403955 0.00315089 0)
(-0.00354509 0.0168232 0)
(-0.00278558 0.0327931 0)
(-0.00168793 0.0441817 0)
(-0.000316082 0.0332947 0)
(-4.26738e-05 0.000364329 0)
(-0.000318927 -0.000609207 0)
(-0.000760037 -0.00212057 0)
(-0.00137789 -0.00357946 0)
(-0.00217073 -0.00485201 0)
(-0.00313397 -0.00601822 0)
(-0.00425648 -0.00720726 0)
(-0.00551979 -0.0085213 0)
(-0.00689471 -0.0100014 0)
(-0.00833513 -0.0115964 0)
(-0.00977209 -0.0131163 0)
(-0.0111123 -0.0141701 0)
(-0.0122424 -0.0141137 0)
(-0.0130323 -0.0120594 0)
(-0.0133215 -0.00701128 0)
(-0.0128539 0.00182094 0)
(-0.0113678 0.0144157 0)
(-0.00860818 0.0289429 0)
(-0.00483191 0.0392816 0)
(-0.000821164 0.0298006 0)
(9.64614e-06 0.000623888 0)
(-6.31604e-05 7.38635e-05 0)
(-0.000408052 -0.00098616 0)
(-0.00106906 -0.00196916 0)
(-0.00203172 -0.00277369 0)
(-0.00326815 -0.00349343 0)
(-0.00476646 -0.0042601 0)
(-0.00653493 -0.00518207 0)
(-0.00859256 -0.0063234 0)
(-0.0109515 -0.00768044 0)
(-0.0135927 -0.0091357 0)
(-0.0164354 -0.0103898 0)
(-0.0192984 -0.0109035 0)
(-0.0218605 -0.00991878 0)
(-0.0236303 -0.00661473 0)
(-0.02392 -0.00038077 0)
(-0.021769 0.00881141 0)
(-0.0167841 0.0196222 0)
(-0.00955005 0.0277983 0)
(-0.001696 0.0219913 0)
(0.000147084 0.000328922 0)
(0.000377286 0.000181229 0)
(0.000292931 -0.000113174 0)
(-0.000132028 -0.00034542 0)
(-0.000833854 -0.000504261 0)
(-0.00174926 -0.000634577 0)
(-0.00287221 -0.000783563 0)
(-0.00424202 -0.000988678 0)
(-0.0059312 -0.00127785 0)
(-0.00803085 -0.00166638 0)
(-0.0106257 -0.00214262 0)
(-0.0137454 -0.00264012 0)
(-0.0172851 -0.00300806 0)
(-0.0209117 -0.00301241 0)
(-0.0239922 -0.00238895 0)
(-0.0255911 -0.000908204 0)
(-0.0246301 0.00161349 0)
(-0.0202536 0.00507586 0)
(-0.0126569 0.00831896 0)
(-0.00341024 0.00758209 0)
)
;

boundaryField
{
    leftWall
    {
        type            fixedValue;
        value           uniform (0 0 0);
    }
    rightWall
    {
        type            fixedValue;
        value           uniform (0 0 0);
    }
    topWall
    {
        type            fixedValue;
        value           uniform (0 0 0);
    }
    bottomWall
    {
        type            fixedValue;
        value           uniform (0 0 0);
    }
    frontAndBackPlanes
    {
        type            empty;
    }
}


// ************************************************************************* //
