/*--------------------------------*- C++ -*----------------------------------*\
| =========                 |                                                 |
| \\      /  F ield         | OpenFOAM: The Open Source CFD Toolbox           |
|  \\    /   O peration     | Version:  2506                                  |
|   \\  /    A nd           | Website:  www.openfoam.com                      |
|    \\/     M anipulation  |                                                 |
\*---------------------------------------------------------------------------*/
FoamFile
{
    version     2.0;
    format      ascii;
    arch        "LSB;label=32;scalar=64";
    class       volVectorField;
    location    "14.6";
    object      U;
}
// * * * * * * * * * * * * * * * * * * * * * * * * * * * * * * * * * * * * * //

dimensions      [0 1 -1 0 0 0 0];

internalField   nonuniform List<vector> 
200
(
(-0.000250925 -0.000109215 0)
(-0.00027805 -0.000182123 0)
(7.76514e-05 -0.000223176 0)
(0.000647974 -0.000309074 0)
(0.00136852 -0.000399676 0)
(0.00226218 -0.000484413 0)
(0.00331601 -0.000566879 0)
(0.00451647 -0.000650719 0)
(0.00585229 -0.000738504 0)
(0.00731071 -0.000832001 0)
(0.0088735 -0.000932199 0)
(0.0105134 -0.00103858 0)
(0.0121896 -0.00114644 0)
(0.0138359 -0.00123889 0)
(0.0153285 -0.00126423 0)
(0.0164042 -0.00107993 0)
(0.0165453 -0.000345361 0)
(0.0148958 0.00152212 0)
(0.010545 0.00473987 0)
(0.00314656 0.00663014 0)
(-1.7068e-05 -0.000299495 0)
(0.000204106 -0.000929881 0)
(0.000833044 -0.00160278 0)
(0.00181231 -0.0022945 0)
(0.00311088 -0.00294006 0)
(0.00469745 -0.00352807 0)
(0.00653706 -0.00406293 0)
(0.00859291 -0.00454748 0)
(0.0108224 -0.00497488 0)
(0.0131693 -0.00532494 0)
(0.0155545 -0.005562 0)
(0.017866 -0.0056306 0)
(0.019947 -0.00544293 0)
(0.0215814 -0.00484766 0)
(0.022474 -0.00356388 0)
(0.0222113 -0.00106525 0)
(0.0201893 0.00351613 0)
(0.0157977 0.0108846 0)
(0.00914228 0.0196147 0)
(0.00157902 0.0197402 0)
(2.60094e-05 -0.000554962 0)
(0.000369125 -0.00193682 0)
(0.00109725 -0.00340409 0)
(0.00218948 -0.00481411 0)
(0.00360345 -0.00610014 0)
(0.00530012 -0.00724648 0)
(0.00724113 -0.00825351 0)
(0.00938371 -0.00911122 0)
(0.0116727 -0.00978352 0)
(0.0140304 -0.0102009 0)
(0.0163453 -0.0102574 0)
(0.0184634 -0.00980653 0)
(0.0201813 -0.0086463 0)
(0.0212423 -0.00648341 0)
(0.0213324 -0.0028687 0)
(0.0200489 0.00287408 0)
(0.0170505 0.0114317 0)
(0.0122359 0.0227171 0)
(0.00627675 0.0331274 0)
(0.000836293 0.0281804 0)
(2.19154e-05 -0.00092515 0)
(0.000330641 -0.00305293 0)
(0.000963686 -0.005223 0)
(0.00190473 -0.00727501 0)
(0.00312051 -0.0091334 0)
(0.00458113 -0.0107799 0)
(0.00625836 -0.0122096 0)
(0.00811901 -0.013393 0)
(0.0101141 -0.0142535 0)
(0.0121658 -0.0146579 0)
(0.0141561 -0.0144178 0)
(0.0159209 -0.0132935 0)
(0.017253 -0.0109888 0)
(0.0179118 -0.00712304 0)
(0.0176354 -0.00118443 0)
(0.0161109 0.00746065 0)
(0.0131966 0.0191698 0)
(0.00897642 0.0330004 0)
(0.00421379 0.0435255 0)
(0.000459751 0.0336152 0)
(8.21823e-06 -0.00118355 0)
(0.000169806 -0.00385811 0)
(0.000543161 -0.00657005 0)
(0.00113006 -0.00913217 0)
(0.00192143 -0.0114592 0)
(0.00290844 -0.0135335 0)
(0.00408443 -0.0153478 0)
(0.00543919 -0.0168513 0)
(0.00694467 -0.0179182 0)
(0.00853846 -0.018339 0)
(0.0101113 -0.0178325 0)
(0.0115053 -0.0160701 0)
(0.012528 -0.0126905 0)
(0.0129774 -0.00728038 0)
(0.0126442 0.000664315 0)
(0.0113206 0.0116474 0)
(0.00897403 0.0256818 0)
(0.00578035 0.0410481 0)
(0.00242575 0.0509722 0)
(0.000180735 0.036944 0)
(-1.61336e-05 -0.00122215 0)
(-8.33784e-05 -0.00412176 0)
(-9.67626e-05 -0.00713058 0)
(-2.74054e-05 -0.0100138 0)
(0.000147384 -0.0126716 0)
(0.000444638 -0.0150899 0)
(0.00088486 -0.0172636 0)
(0.0014901 -0.0191212 0)
(0.00226359 -0.0204807 0)
(0.00317016 -0.0210423 0)
(0.00412363 -0.0204205 0)
(0.0049906 -0.0182016 0)
(0.00561477 -0.0139872 0)
(0.0058538 -0.00737761 0)
(0.00557317 0.00207908 0)
(0.00467696 0.0147507 0)
(0.00328044 0.0302743 0)
(0.00163782 0.0462791 0)
(0.000222267 0.055157 0)
(-0.000166284 0.0382102 0)
(-4.91668e-05 -0.000962855 0)
(-0.000384737 -0.00367068 0)
(-0.000854486 -0.00665834 0)
(-0.00141554 -0.00959948 0)
(-0.00202474 -0.0123688 0)
(-0.00264437 -0.0149667 0)
(-0.003227 -0.0173995 0)
(-0.00372027 -0.0195809 0)
(-0.00408594 -0.0212733 0)
(-0.0043201 -0.0220837 0)
(-0.00446109 -0.021524 0)
(-0.00457665 -0.0191119 0)
(-0.00473206 -0.0144423 0)
(-0.00494931 -0.00716985 0)
(-0.00520207 0.0030366 0)
(-0.00536727 0.0162974 0)
(-0.00515433 0.0318893 0)
(-0.00430627 0.0471291 0)
(-0.00275368 0.0545288 0)
(-0.00057223 0.0367512 0)
(-6.98217e-05 -0.000402862 0)
(-0.000594382 -0.0024642 0)
(-0.00145616 -0.00502442 0)
(-0.00263468 -0.00763375 0)
(-0.00409271 -0.0101458 0)
(-0.00579085 -0.0125848 0)
(-0.00767457 -0.0149839 0)
(-0.00967646 -0.0172568 0)
(-0.0117269 -0.0191266 0)
(-0.0137624 -0.0201338 0)
(-0.0157207 -0.0197376 0)
(-0.0175188 -0.0174647 0)
(-0.0190249 -0.0129983 0)
(-0.0200327 -0.00614562 0)
(-0.0202207 0.00321219 0)
(-0.0191609 0.0149813 0)
(-0.0165132 0.0284641 0)
(-0.0121779 0.0413178 0)
(-0.0067142 0.047191 0)
(-0.00116289 0.0314935 0)
(-2.93866e-05 0.000224321 0)
(-0.000419429 -0.000895989 0)
(-0.00132471 -0.00258801 0)
(-0.00279814 -0.00436322 0)
(-0.00482323 -0.00609027 0)
(-0.00737807 -0.00782868 0)
(-0.0104386 -0.00964633 0)
(-0.0139688 -0.0114883 0)
(-0.0178964 -0.0131079 0)
(-0.0220846 -0.014086 0)
(-0.0263075 -0.0139577 0)
(-0.0302397 -0.0123852 0)
(-0.0334671 -0.00923932 0)
(-0.0355086 -0.00452717 0)
(-0.0357727 0.00174302 0)
(-0.0335529 0.00957448 0)
(-0.0285294 0.0186321 0)
(-0.0207008 0.0274242 0)
(-0.011149 0.031753 0)
(-0.00188322 0.0216464 0)
(0.000116191 0.000266816 0)
(0.000181318 5.33345e-05 0)
(-0.000243957 -0.000344891 0)
(-0.00124186 -0.000749439 0)
(-0.00276198 -0.00112779 0)
(-0.0048061 -0.00151832 0)
(-0.00740457 -0.00196369 0)
(-0.0106039 -0.00246463 0)
(-0.014407 -0.00295579 0)
(-0.018697 -0.0033103 0)
(-0.0231936 -0.00338952 0)
(-0.0274778 -0.00311527 0)
(-0.0310686 -0.00249777 0)
(-0.0334863 -0.00158003 0)
(-0.0342492 -0.000329162 0)
(-0.0328557 0.00144601 0)
(-0.0287614 0.00388579 0)
(-0.0216784 0.00672316 0)
(-0.0124379 0.00873639 0)
(-0.00303178 0.00677306 0)
)
;

boundaryField
{
    leftWall
    {
        type            fixedValue;
        value           uniform (0 0 0);
    }
    rightWall
    {
        type            fixedValue;
        value           uniform (0 0 0);
    }
    topWall
    {
        type            fixedValue;
        value           uniform (0 0 0);
    }
    bottomWall
    {
        type            fixedValue;
        value           uniform (0 0 0);
    }
    frontAndBackPlanes
    {
        type            empty;
    }
}


// ************************************************************************* //
