/*--------------------------------*- C++ -*----------------------------------*\
| =========                 |                                                 |
| \\      /  F ield         | OpenFOAM: The Open Source CFD Toolbox           |
|  \\    /   O peration     | Version:  2506                                  |
|   \\  /    A nd           | Website:  www.openfoam.com                      |
|    \\/     M anipulation  |                                                 |
\*---------------------------------------------------------------------------*/
FoamFile
{
    version     2.0;
    format      ascii;
    arch        "LSB;label=32;scalar=64";
    class       surfaceScalarField;
    location    "131.2";
    object      phi;
}
// * * * * * * * * * * * * * * * * * * * * * * * * * * * * * * * * * * * * * //

dimensions      [1 0 -1 0 0 0 0];

oriented        oriented;

internalField   nonuniform List<scalar> 
370
(
0.000356743
-0.000386907
0.0009219
-0.000565104
0.00140626
-0.000484279
0.0017334
-0.000327053
0.00191512
-0.00018161
0.00199597
-8.07293e-05
0.00202424
-2.81489e-05
0.00203924
-1.48665e-05
0.00206887
-2.94838e-05
0.00213173
-6.27122e-05
0.00223897
-0.000107081
0.00239646
-0.000157326
0.00260424
-0.000207615
0.0028507
-0.000246287
0.00309902
-0.000248143
0.00326172
-0.000162513
0.00317223
8.96676e-05
0.00262009
0.000552331
0.00141425
0.001206
0.00141434
0.000470963
-0.000857842
0.00125472
-0.00134878
0.00199513
-0.00122459
0.00255891
-0.000890713
0.0029341
-0.00055666
0.00316073
-0.000307219
0.00329221
-0.000159488
0.00337693
-9.94418e-05
0.00345072
-0.000103123
0.00353538
-0.000147219
0.00364092
-0.000212455
0.00376593
-0.000282173
0.00389514
-0.000336664
0.00399279
-0.000343761
0.00399181
-0.000246987
0.00378703
4.24472e-05
0.00324365
0.000633237
0.00223683
0.00155933
0.000899738
0.00254325
0.00231415
0.000442972
-0.00130078
0.00115957
-0.00206528
0.00183424
-0.00189912
0.00235336
-0.00140968
0.00270955
-0.000912685
0.00293769
-0.000535184
0.00308078
-0.000302413
0.00317505
-0.000193537
0.00324533
-0.00017323
0.00330527
-0.00020699
0.00335863
-0.000265642
0.0033993
-0.000322664
0.00340878
-0.000345969
0.00335131
-0.000286113
0.00317001
-6.54956e-05
0.00279416
0.000418477
0.00217342
0.00125417
0.00132244
0.00241049
0.00044413
0.00342171
0.00275835
0.000370928
-0.00167166
0.000931002
-0.00262524
0.00142174
-0.00238971
0.00177267
-0.00176043
0.0019984
-0.00113822
0.00213735
-0.000673942
0.00222411
-0.00038898
0.0022813
-0.000250539
0.00232059
-0.000212334
0.00234623
-0.000232447
0.00235755
-0.000276775
0.00234877
-0.000313695
0.00230615
-0.000303164
0.00220421
-0.00018398
0.00200565
0.000133253
0.00167586
0.000748464
0.0012018
0.00172843
0.000638939
0.00297354
0.000158185
0.00390262
0.0029166
0.000278762
-0.00195038
0.000635286
-0.00298164
0.000889469
-0.00264372
0.0010275
-0.00189826
0.00108963
-0.00120016
0.00111603
-0.000700137
0.00113005
-0.00040281
0.00113964
-0.000259935
0.00114466
-0.000217159
0.00114281
-0.000230404
0.00113183
-0.000265612
0.00110807
-0.00028974
0.00106284
-0.000257741
0.00097964
-0.000100591
0.000836581
0.000276508
0.000619855
0.000965389
0.000344425
0.00200405
8.17249e-05
0.00323642
-4.91126e-05
0.0040336
0.00286755
0.000164017
-0.00211435
0.000268566
-0.00308606
0.00024789
-0.00262286
0.00015592
-0.0018061
5.22422e-05
-0.00109628
-3.28315e-05
-0.000614869
-9.38422e-05
-0.000341608
-0.000137089
-0.000216499
-0.00017065
-0.000183411
-0.000199857
-0.00020101
-0.000227742
-0.000237542
-0.000257781
-0.000259514
-0.00029615
-0.000219185
-0.000350893
-4.56552e-05
-0.000423016
0.000348829
-0.000499054
0.00104163
-0.000536484
0.00204168
-0.000465796
0.00316592
-0.000243453
0.0038114
0.00262415
-1.13617e-05
-0.00210293
-0.000225069
-0.00287221
-0.000560547
-0.0022872
-0.000895728
-0.00147072
-0.00116725
-0.000824572
-0.00136507
-0.000416856
-0.00150438
-0.000202123
-0.00160424
-0.000116457
-0.00167901
-0.000108457
-0.00173782
-0.000142018
-0.00178636
-0.00018883
-0.0018283
-0.000217392
-0.00186374
-0.00018356
-0.00188406
-2.51543e-05
-0.00186036
0.000325314
-0.00174869
0.000930148
-0.00148916
0.00178233
-0.00103609
0.00271302
-0.000439332
0.00321476
0.00218487
-0.00028063
-0.00182224
-0.000921482
-0.00223122
-0.0016114
-0.00159711
-0.00218048
-0.000901463
-0.00259031
-0.000414561
-0.00286619
-0.0001408
-0.00304832
-1.98202e-05
-0.00317147
6.87436e-06
-0.00326137
-1.83916e-05
-0.00333434
-6.88785e-05
-0.00339877
-0.000124235
-0.00345389
-0.000162105
-0.00348594
-0.000151353
-0.00346105
-4.98755e-05
-0.00332541
0.000189834
-0.00300715
0.000612055
-0.00243867
0.00121401
-0.00160351
0.001878
-0.000637776
0.00224914
0.00154713
-0.0007055
-0.00111667
-0.00184029
-0.00109628
-0.00280161
-0.000635607
-0.00344167
-0.000261225
-0.00380804
-4.80135e-05
-0.00400106
5.23921e-05
-0.00409844
7.77156e-05
-0.00415344
6.20324e-05
-0.00419946
2.7777e-05
-0.00425498
-1.32121e-05
-0.00432559
-5.34845e-05
-0.0044024
-8.5153e-05
-0.00445826
-9.53571e-05
-0.00444159
-6.64139e-05
-0.00427768
2.60473e-05
-0.00386633
0.000200834
-0.00312369
0.000471496
-0.00203835
0.000792764
-0.000796827
0.0010077
0.000750342
-0.0011166
-0.00221274
-0.00284817
-0.00310922
-0.00315707
-0.00310452
-0.00302665
-0.00296447
-0.00293656
-0.00294964
-0.003003
-0.00308804
-0.00318329
-0.0032496
-0.00322346
-0.00302253
-0.00255095
-0.00175812
-0.000750365
)
;

boundaryField
{
    leftWall
    {
        type            calculated;
        value           nonuniform List<scalar> 10(0 0 0 -1.0842e-19 0 0 0 0 0 -8.67362e-19);
    }
    rightWall
    {
        type            calculated;
        value           nonuniform List<scalar> 10(0 0 0 -4.33681e-19 -4.33681e-19 0 0 0 0 0);
    }
    topWall
    {
        type            calculated;
        value           uniform 0;
    }
    bottomWall
    {
        type            calculated;
        value           uniform 0;
    }
    frontAndBackPlanes
    {
        type            empty;
    }
}


// ************************************************************************* //
