/*--------------------------------*- C++ -*----------------------------------*\
| =========                 |                                                 |
| \\      /  F ield         | OpenFOAM: The Open Source CFD Toolbox           |
|  \\    /   O peration     | Version:  2506                                  |
|   \\  /    A nd           | Website:  www.openfoam.com                      |
|    \\/     M anipulation  |                                                 |
\*---------------------------------------------------------------------------*/
FoamFile
{
    version     2.0;
    format      ascii;
    arch        "LSB;label=32;scalar=64";
    class       volVectorField;
    location    "131.2";
    object      U;
}
// * * * * * * * * * * * * * * * * * * * * * * * * * * * * * * * * * * * * * //

dimensions      [0 1 -1 0 0 0 0];

internalField   nonuniform List<vector> 
200
(
(0.00054271 -0.00132629 0)
(0.00267077 -0.00168083 0)
(0.00490073 -0.00122952 0)
(0.00665514 -0.00065336 0)
(0.00771687 -0.000211843 0)
(0.0082325 4.09764e-05 0)
(0.00842257 0.000129928 0)
(0.00848174 0.000101893 0)
(0.00855291 1.85836e-07 0)
(0.00873202 -0.000145682 0)
(0.00907957 -0.00032221 0)
(0.00963134 -0.000526552 0)
(0.0104038 -0.000755896 0)
(0.0113833 -0.000989879 0)
(0.0124847 -0.00115991 0)
(0.0134562 -0.0010953 0)
(0.013749 -0.000447992 0)
(0.0124976 0.00128425 0)
(0.00885321 0.00414942 0)
(0.00264469 0.00562041 0)
(0.000564402 -0.00520086 0)
(0.00358548 -0.00799651 0)
(0.00685871 -0.00709601 0)
(0.00965055 -0.00499559 0)
(0.0116194 -0.00295514 0)
(0.0128409 -0.00147668 0)
(0.0135407 -0.000650385 0)
(0.0139499 -0.000379721 0)
(0.0142508 -0.000512053 0)
(0.0145645 -0.000904705 0)
(0.0149568 -0.00144757 0)
(0.0154461 -0.00205284 0)
(0.0160014 -0.00261729 0)
(0.0165238 -0.00295671 0)
(0.0168111 -0.00271214 0)
(0.0165058 -0.00124752 0)
(0.0150376 0.00234156 0)
(0.0118014 0.00867569 0)
(0.00679979 0.0162259 0)
(0.00114643 0.016169 0)
(0.00052569 -0.00908787 0)
(0.00334079 -0.0144601 0)
(0.00632304 -0.0133118 0)
(0.00887496 -0.00986496 0)
(0.0107116 -0.00634356 0)
(0.0119038 -0.00366291 0)
(0.0126408 -0.00202168 0)
(0.0131038 -0.00128596 0)
(0.0134256 -0.00121055 0)
(0.0136868 -0.00154984 0)
(0.0139233 -0.00209466 0)
(0.0141309 -0.00265691 0)
(0.0142614 -0.00301172 0)
(0.0142067 -0.00280576 0)
(0.013775 -0.00145521 0)
(0.012662 0.00188627 0)
(0.0105984 0.00804128 0)
(0.00745017 0.0170362 0)
(0.00365158 0.0256235 0)
(0.000411486 0.0217374 0)
(0.000455026 -0.0125314 0)
(0.00274994 -0.0199192 0)
(0.00499335 -0.0183405 0)
(0.00678389 -0.0136576 0)
(0.00798451 -0.00890986 0)
(0.0087195 -0.00530215 0)
(0.0091623 -0.0030588 0)
(0.00944262 -0.00196971 0)
(0.00963307 -0.00169476 0)
(0.00976486 -0.00190714 0)
(0.00984418 -0.00233268 0)
(0.00985855 -0.00271904 0)
(0.00977033 -0.00275607 0)
(0.00950046 -0.00197104 0)
(0.00890503 0.000348855 0)
(0.00782077 0.00506198 0)
(0.00612572 0.0128255 0)
(0.00386473 0.023066 0)
(0.00150571 0.0312941 0)
(4.58947e-05 0.0241698 0)
(0.00037039 -0.0152771 0)
(0.00198555 -0.0238211 0)
(0.00327171 -0.0215305 0)
(0.00408771 -0.0157554 0)
(0.00448556 -0.0101409 0)
(0.00464532 -0.00600498 0)
(0.00471204 -0.00348569 0)
(0.00475357 -0.00225163 0)
(0.00478247 -0.00187679 0)
(0.00479003 -0.00199206 0)
(0.00476582 -0.00230456 0)
(0.00469905 -0.00253852 0)
(0.00456673 -0.00233256 0)
(0.00431724 -0.00113269 0)
(0.0038526 0.00184479 0)
(0.00309991 0.00741702 0)
(0.0020398 0.0160318 0)
(0.000834062 0.0265836 0)
(-0.00011461 0.0338686 0)
(-0.000179883 0.0245864 0)
(0.000269272 -0.0171798 0)
(0.00102541 -0.0258593 0)
(0.00115931 -0.0226091 0)
(0.000879379 -0.0160004 0)
(0.000436397 -0.00997383 0)
(2.38393e-05 -0.00574523 0)
(-0.000283092 -0.00327606 0)
(-0.00049524 -0.00210639 0)
(-0.000650135 -0.00175832 0)
(-0.00077733 -0.00186517 0)
(-0.000893572 -0.00214743 0)
(-0.00101126 -0.00232221 0)
(-0.00115058 -0.00199086 0)
(-0.00134318 -0.000550074 0)
(-0.00162367 0.00279154 0)
(-0.00195876 0.00874592 0)
(-0.00223017 0.0174817 0)
(-0.00219627 0.0275005 0)
(-0.00161471 0.0335267 0)
(-0.000363688 0.0233673 0)
(0.000134862 -0.0179063 0)
(-0.000299914 -0.0255563 0)
(-0.00159769 -0.0211986 0)
(-0.00308406 -0.0142179 0)
(-0.00438242 -0.00838344 0)
(-0.00536263 -0.00454388 0)
(-0.00605342 -0.00242461 0)
(-0.00653801 -0.0014943 0)
(-0.00689143 -0.00129266 0)
(-0.00716338 -0.00148836 0)
(-0.00738421 -0.0018224 0)
(-0.00757476 -0.00201101 0)
(-0.00774745 -0.00165237 0)
(-0.00788913 -0.000176899 0)
(-0.00792196 0.00309675 0)
(-0.00767927 0.00872036 0)
(-0.00692115 0.0166676 0)
(-0.0054137 0.0253963 0)
(-0.00318671 0.030154 0)
(-0.000575392 0.0205163 0)
(-0.000208102 -0.0168105 0)
(-0.002403 -0.0220712 0)
(-0.00535116 -0.0168725 0)
(-0.00807396 -0.010305 0)
(-0.0101331 -0.00536408 0)
(-0.0115394 -0.00239147 0)
(-0.0124619 -0.00092805 0)
(-0.0130718 -0.000438166 0)
(-0.0134976 -0.000516227 0)
(-0.0138277 -0.000884291 0)
(-0.0141138 -0.00132448 0)
(-0.0143753 -0.00159578 0)
(-0.0145879 -0.00136746 0)
(-0.0146587 -0.000196622 0)
(-0.0143832 0.00242197 0)
(-0.0134829 0.00689927 0)
(-0.0116269 0.0131621 0)
(-0.00862212 0.0199501 0)
(-0.00476286 0.0235572 0)
(-0.000798037 0.0159681 0)
(-0.000858233 -0.0127705 0)
(-0.00541755 -0.0145584 0)
(-0.00993901 -0.00950996 0)
(-0.0133409 -0.0045898 0)
(-0.0154066 -0.0014476 0)
(-0.0165022 0.000104235 0)
(-0.0170443 0.000620139 0)
(-0.0173211 0.000556887 0)
(-0.0175103 0.000200935 0)
(-0.0177145 -0.000279499 0)
(-0.0179829 -0.000761595 0)
(-0.0183134 -0.00111151 0)
(-0.0186363 -0.00114383 0)
(-0.0187931 -0.000604291 0)
(-0.0185016 0.000817231 0)
(-0.0173602 0.00342175 0)
(-0.0149402 0.00722384 0)
(-0.0110163 0.0115098 0)
(-0.00601631 0.0140506 0)
(-0.00101136 0.00984107 0)
(-0.00205086 -0.00437424 0)
(-0.0072298 -0.00376419 0)
(-0.0108726 -0.00168887 0)
(-0.0127361 -0.000248419 0)
(-0.0132978 0.00041734 0)
(-0.0132022 0.000594093 0)
(-0.012874 0.000536811 0)
(-0.0125505 0.000389313 0)
(-0.012348 0.000214369 0)
(-0.0123143 3.36539e-05 0)
(-0.0124614 -0.000143039 0)
(-0.0127701 -0.000302507 0)
(-0.0131822 -0.000419193 0)
(-0.0135737 -0.000445196 0)
(-0.0137268 -0.000298779 0)
(-0.013317 0.000147977 0)
(-0.0119182 0.000997281 0)
(-0.00919337 0.00219379 0)
(-0.00535667 0.00323432 0)
(-0.00126594 0.00271745 0)
)
;

boundaryField
{
    leftWall
    {
        type            fixedValue;
        value           uniform (0 0 0);
    }
    rightWall
    {
        type            fixedValue;
        value           uniform (0 0 0);
    }
    topWall
    {
        type            fixedValue;
        value           uniform (0 0 0);
    }
    bottomWall
    {
        type            fixedValue;
        value           uniform (0 0 0);
    }
    frontAndBackPlanes
    {
        type            empty;
    }
}


// ************************************************************************* //
