/*--------------------------------*- C++ -*----------------------------------*\
| =========                 |                                                 |
| \\      /  F ield         | OpenFOAM: The Open Source CFD Toolbox           |
|  \\    /   O peration     | Version:  2506                                  |
|   \\  /    A nd           | Website:  www.openfoam.com                      |
|    \\/     M anipulation  |                                                 |
\*---------------------------------------------------------------------------*/
FoamFile
{
    version     2.0;
    format      ascii;
    arch        "LSB;label=32;scalar=64";
    class       surfaceScalarField;
    location    "140.6";
    object      phi;
}
// * * * * * * * * * * * * * * * * * * * * * * * * * * * * * * * * * * * * * //

dimensions      [1 0 -1 0 0 0 0];

oriented        oriented;

internalField   nonuniform List<scalar> 
370
(
0.000382099
-0.000408881
0.000975498
-0.000593352
0.00148067
-0.000505102
0.0018184
-0.000337651
0.00200223
-0.000183732
0.00207955
-7.72195e-05
0.00210125
-2.15899e-05
0.00210836
-6.99068e-06
0.00212936
-2.08734e-05
0.00218352
-5.40262e-05
0.00228199
-9.83353e-05
0.00243043
-0.00014829
0.00262857
-0.000197992
0.00286456
-0.00023583
0.00310149
-0.000236766
0.00325201
-0.000150355
0.00315321
9.89616e-05
0.00259637
0.000557005
0.00139679
0.00119973
0.00139687
0.000491213
-0.000900069
0.00130443
-0.0014065
0.00206823
-0.0012688
0.00264534
-0.000914652
0.00302466
-0.000562931
0.00324868
-0.000301115
0.00337323
-0.000146014
0.00344863
-8.22612e-05
0.00351231
-8.44236e-05
0.00358647
-0.000128048
0.0036813
-0.00019302
0.00379536
-0.000262202
0.00391325
-0.00031574
0.00399924
-0.000321667
0.00398684
-0.000224204
0.00377205
6.45966e-05
0.00322184
0.000649338
0.00221625
0.00156276
0.000889291
0.00252684
0.00228623
0.000454694
-0.00135473
0.0011871
-0.00213882
0.00187288
-0.00195446
0.00239666
-0.00143829
0.00275224
-0.000918361
0.00297632
-0.00052505
0.00311349
-0.000283031
0.003201
-0.00016962
0.0032643
-0.000147569
0.00331727
-0.000180865
0.0033637
-0.000239295
0.00339741
-0.000295755
0.00339985
-0.000318025
0.00333538
-0.00025703
0.00314764
-3.62982e-05
0.00276838
0.000444015
0.00214826
0.00126963
0.00130372
0.00240746
0.000436314
0.00339438
0.00272261
0.000374892
-0.00172959
0.000937224
-0.00270105
0.00142601
-0.00244311
0.00177193
-0.00178404
0.00199152
-0.00113778
0.00212463
-0.000657996
0.00220654
-0.000364771
0.00225987
-0.000222775
0.00229607
-0.000183602
0.00231914
-0.000203768
0.00232817
-0.000248162
0.00231721
-0.00028463
0.00227245
-0.0002731
0.00216865
-0.000153059
0.00196933
0.000163197
0.00164145
0.000772068
0.00117306
0.0017382
0.000620115
0.00296057
0.000151352
0.00386327
0.00287402
0.000276505
-0.00200605
0.000624644
-0.00304908
0.000867359
-0.00268567
0.000994181
-0.00191069
0.0010474
-0.00119082
0.00106829
-0.000678707
0.00107952
-0.000375828
0.00108821
-0.000231292
0.00109351
-0.000188739
0.00109264
-0.000202723
0.001083
-0.000238351
0.00106071
-0.000262171
0.00101704
-0.000229263
0.000935764
-7.16154e-05
0.000795944
0.000303192
0.000584405
0.000983783
0.000317255
0.00200553
6.56764e-05
0.00321231
-5.43995e-05
0.00398348
0.00281967
0.000157172
-0.00216318
0.000246869
-0.00313866
0.000210232
-0.00264888
0.000105985
-0.00180627
-4.90108e-06
-0.00107976
-9.37459e-05
-0.00058969
-0.000155268
-0.000314136
-0.000197141
-0.000189252
-0.000228237
-0.000157477
-0.000254369
-0.000176425
-0.000278888
-0.000213668
-0.000305398
-0.000235497
-0.000339957
-0.000194537
-0.000390516
-2.08868e-05
-0.000456836
0.000369687
-0.000525466
0.00105259
-0.000553987
0.00203422
-0.000474079
0.00313256
-0.000244813
0.00375434
0.00257491
-1.9799e-05
-0.00214333
-0.000250782
-0.00290755
-0.000601902
-0.0022976
-0.000946997
-0.00146101
-0.00122286
-0.000803734
-0.00142063
-0.000391755
-0.00155791
-0.000176688
-0.00165441
-9.2591e-05
-0.00172486
-8.68761e-05
-0.00177894
-0.000122179
-0.00182258
-0.000169871
-0.0018594
-0.00019852
-0.00188914
-0.000164635
-0.00190338
-6.48206e-06
-0.00187217
0.000338638
-0.00175301
0.000933599
-0.00148734
0.00176872
-0.00103119
0.00267656
-0.000435659
0.00315892
0.00213929
-0.000290751
-0.00185253
-0.000946816
-0.00225136
-0.00164786
-0.00159639
-0.00222157
-0.000887143
-0.00263061
-0.000394528
-0.00290237
-0.000119839
-0.00307933
4.27441e-07
-0.00319549
2.37223e-05
-0.00327838
-3.8363e-06
-0.00334454
-5.58646e-05
-0.00340228
-0.000111985
-0.00345065
-0.000150015
-0.00347573
-0.00013941
-0.00344298
-3.9079e-05
-0.00330102
0.00019682
-0.00297877
0.000611493
-0.00241065
0.00120073
-0.00158182
0.00184786
-0.000627752
0.00220494
0.00151158
-0.000717754
-0.00113471
-0.00186584
-0.00110315
-0.00283128
-0.0006308
-0.00346743
-0.000250837
-0.00382448
-3.73254e-05
-0.00400811
6.39477e-05
-0.00409458
8.70314e-05
-0.00414019
6.94763e-05
-0.00417796
3.40663e-05
-0.00422564
-8.06064e-06
-0.0042889
-4.85969e-05
-0.00435844
-8.03474e-05
-0.00440719
-9.05484e-05
-0.00438418
-6.19718e-05
-0.00421605
2.88055e-05
-0.00380497
0.000200524
-0.00306944
0.000465313
-0.00199975
0.000778259
-0.000780362
0.00098563
0.000731244
-0.00113465
-0.00223767
-0.00286832
-0.003119
-0.00315618
-0.00309209
-0.00300493
-0.00293532
-0.00290113
-0.00290908
-0.00295757
-0.00303781
-0.00312827
-0.00319015
-0.00316126
-0.00296065
-0.00249527
-0.00171694
-0.000731264
)
;

boundaryField
{
    leftWall
    {
        type            calculated;
        value           uniform 0;
    }
    rightWall
    {
        type            calculated;
        value           nonuniform List<scalar> 10(0 0 0 0 0 0 4.33681e-19 0 0 0);
    }
    topWall
    {
        type            calculated;
        value           uniform 0;
    }
    bottomWall
    {
        type            calculated;
        value           uniform 0;
    }
    frontAndBackPlanes
    {
        type            empty;
    }
}


// ************************************************************************* //
