/*--------------------------------*- C++ -*----------------------------------*\
| =========                 |                                                 |
| \\      /  F ield         | OpenFOAM: The Open Source CFD Toolbox           |
|  \\    /   O peration     | Version:  2506                                  |
|   \\  /    A nd           | Website:  www.openfoam.com                      |
|    \\/     M anipulation  |                                                 |
\*---------------------------------------------------------------------------*/
FoamFile
{
    version     2.0;
    format      ascii;
    arch        "LSB;label=32;scalar=64";
    class       surfaceScalarField;
    location    "30.4";
    object      phi;
}
// * * * * * * * * * * * * * * * * * * * * * * * * * * * * * * * * * * * * * //

dimensions      [1 0 -1 0 0 0 0];

oriented        oriented;

internalField   nonuniform List<scalar> 
370
(
-5.91217e-05
-4.51255e-05
7.10449e-05
-0.000130164
0.000282568
-0.000211519
0.000559547
-0.000276974
0.000874987
-0.000315433
0.00120311
-0.000328118
0.00152489
-0.000321768
0.00182979
-0.000304896
0.00211551
-0.000285717
0.00238631
-0.000270795
0.00265052
-0.000264211
0.00291732
-0.000266795
0.00319151
-0.000274191
0.00346629
-0.000274781
0.00370976
-0.000243465
0.00383735
-0.000127582
0.0036925
0.000144862
0.00304496
0.000647573
0.00166619
0.00137881
0.00166622
9.85949e-05
-0.000143715
0.000399015
-0.000430568
0.000856972
-0.000669448
0.00141531
-0.00083527
0.00202036
-0.000920434
0.00262689
-0.000934595
0.0032024
-0.000897214
0.00372779
-0.000830228
0.00419497
-0.00075284
0.00460261
-0.000678378
0.00495091
-0.000612455
0.00523551
-0.000551348
0.00544089
-0.000479527
0.00553135
-0.000365207
0.00544052
-0.0001526
0.00506703
0.000245931
0.0042728
0.000939135
0.00293323
0.0019872
0.00119436
0.00311776
0.00286063
0.000179983
-0.000323684
0.000622654
-0.000873197
0.00123663
-0.00128335
0.00193377
-0.0015323
0.00264159
-0.00162811
0.00330833
-0.00160117
0.00390328
-0.00149198
0.00441296
-0.00133973
0.00483507
-0.00117477
0.00517173
-0.00101487
0.00542288
-0.000863449
0.00557974
-0.000708071
0.00561856
-0.000518224
0.00549544
-0.000241982
0.00514423
0.000198702
0.0044914
0.000898833
0.00348377
0.00194685
0.00215374
0.00331734
0.000768877
0.00450275
0.00362959
0.000229507
-0.000553165
0.000755721
-0.00139933
0.00143519
-0.00196266
0.00215138
-0.00224825
0.00282102
-0.00229743
0.00339586
-0.00217564
0.00385803
-0.00195377
0.00421062
-0.00169193
0.00446724
-0.00143103
0.0046429
-0.00119019
0.00474634
-0.000966585
0.00477364
-0.000735104
0.00470296
-0.0004473
0.00449482
-3.36399e-05
0.00409225
0.000601431
0.00345004
0.00154118
0.00255224
0.00284479
0.00147421
0.00439553
0.000469356
0.00550779
0.00409906
0.000253304
-0.000806424
0.000785042
-0.00193091
0.00141503
-0.00259234
0.00201419
-0.00284695
0.00250413
-0.00278676
0.00285414
-0.00252498
0.00307069
-0.00216963
0.00318142
-0.001802
0.0032205
-0.00146952
0.00321769
-0.00118686
0.00319075
-0.000939185
0.00314025
-0.000684204
0.0030469
-0.000353597
0.00287059
0.000142962
0.00256882
0.000903443
0.00210404
0.00200616
0.00147837
0.00347067
0.000773005
0.00510112
0.000194469
0.00608655
0.00429365
0.000226327
-0.00103268
0.000639444
-0.00234376
0.00105797
-0.00301032
0.00137214
-0.00316028
0.00153115
-0.00294473
0.00153865
-0.00253138
0.00143384
-0.00206378
0.00126923
-0.0016365
0.0010936
-0.00129312
0.000941555
-0.00103417
0.000829019
-0.000826091
0.000752319
-0.000607013
0.000690109
-0.000290954
0.000609479
0.000223951
0.000480823
0.00103241
0.000291103
0.00219617
6.69524e-05
0.00369511
-0.000110885
0.00527928
-0.000132361
0.00610829
0.00416139
0.000108511
-0.00114106
0.000219606
-0.0024544
0.000217497
-0.0030073
5.89188e-05
-0.00300036
-0.000243455
-0.00264078
-0.000642007
-0.0021313
-0.00107321
-0.00163127
-0.00147979
-0.00122886
-0.00182272
-0.000949364
-0.00208337
-0.00077283
-0.00225988
-0.000648967
-0.00236052
-0.000505769
-0.00239642
-0.000254473
-0.00237075
0.000198793
-0.00227388
0.000936028
-0.00208193
0.00200467
-0.00174737
0.00336097
-0.00121645
0.00474874
-0.000525531
0.00541765
0.00363597
-0.000140456
-0.00100041
-0.000546037
-0.0020481
-0.00116054
-0.00239142
-0.00190538
-0.0022536
-0.00269234
-0.00185177
-0.00344288
-0.00137891
-0.00410628
-0.000966398
-0.00465949
-0.000674509
-0.00510054
-0.000507384
-0.00543828
-0.000434261
-0.00568126
-0.000405203
-0.00582727
-0.000358978
-0.00585497
-0.000226012
-0.00572445
6.89829e-05
-0.00537127
0.000583503
-0.00473198
0.00136596
-0.00374927
0.00237876
-0.00242519
0.00342508
-0.000957053
0.0039498
0.00267903
-0.000466034
-0.000534085
-0.00146915
-0.00104397
-0.00269537
-0.00116334
-0.00391953
-0.00102702
-0.00499808
-0.000770731
-0.00586901
-0.000505778
-0.00653519
-0.000298429
-0.00703653
-0.000171757
-0.00742357
-0.000119202
-0.00773742
-0.000119424
-0.00799602
-0.000145716
-0.00818605
-0.000168102
-0.00825709
-0.00015416
-0.00812287
-6.44291e-05
-0.00767554
0.000136897
-0.00678845
0.000479491
-0.00537291
0.000963757
-0.0034502
0.00150278
-0.00133417
0.00183406
0.00134497
-0.000533775
-0.00157664
-0.00273795
-0.00376227
-0.00453013
-0.00503324
-0.00532939
-0.00549927
-0.00561697
-0.00573518
-0.0058799
-0.00604716
-0.00620058
-0.00626434
-0.00612682
-0.00564678
-0.00468256
-0.00317941
-0.00134508
)
;

boundaryField
{
    leftWall
    {
        type            calculated;
        value           nonuniform List<scalar> 10(0 -4.23516e-22 8.47033e-22 0 0 0 0 8.47033e-22 0 3.38813e-21);
    }
    rightWall
    {
        type            calculated;
        value           nonuniform List<scalar> 10(0 0 0 0 0 0 0 0 0 -4.33681e-19);
    }
    topWall
    {
        type            calculated;
        value           uniform 0;
    }
    bottomWall
    {
        type            calculated;
        value           uniform 0;
    }
    frontAndBackPlanes
    {
        type            empty;
    }
}


// ************************************************************************* //
