/*--------------------------------*- C++ -*----------------------------------*\
| =========                 |                                                 |
| \\      /  F ield         | OpenFOAM: The Open Source CFD Toolbox           |
|  \\    /   O peration     | Version:  2506                                  |
|   \\  /    A nd           | Website:  www.openfoam.com                      |
|    \\/     M anipulation  |                                                 |
\*---------------------------------------------------------------------------*/
FoamFile
{
    version     2.0;
    format      ascii;
    arch        "LSB;label=32;scalar=64";
    class       surfaceScalarField;
    location    "79.2";
    object      phi;
}
// * * * * * * * * * * * * * * * * * * * * * * * * * * * * * * * * * * * * * //

dimensions      [1 0 -1 0 0 0 0];

oriented        oriented;

internalField   nonuniform List<scalar> 
370
(
0.000155872
-0.000213581
0.000498505
-0.000342551
0.000823284
-0.00032466
0.00107662
-0.000253192
0.00125485
-0.00017807
0.0013778
-0.000122776
0.00147193
-9.39461e-05
0.00156184
-8.9721e-05
0.00166741
-0.000105382
0.00180388
-0.000136268
0.0019828
-0.000178725
0.00221227
-0.00022926
0.00249447
-0.000281978
0.00281862
-0.000323932
0.00314648
-0.000327629
0.00338647
-0.000239758
0.00334812
3.85833e-05
0.00281192
0.000536433
0.00154644
0.00126569
0.00154655
0.000305626
-0.000519162
0.000850612
-0.000887415
0.00140519
-0.000879062
0.00186938
-0.00071718
0.00222344
-0.000531903
0.00248563
-0.000384745
0.00268721
-0.000295291
0.00285912
-0.00026139
0.00302613
-0.000272154
0.00320506
-0.000314956
0.00340431
-0.000377736
0.00362265
-0.000447351
0.0038451
-0.000504164
0.00403434
-0.000512913
0.00411781
-0.000410836
0.00397734
-9.90201e-05
0.00346963
0.000546571
0.00243113
0.00157519
0.000994317
0.00270273
0.00254099
0.000342647
-0.000861747
0.000924361
-0.00146896
0.00150503
-0.00145949
0.00198673
-0.0011986
0.00235239
-0.000897265
0.00262088
-0.000652932
0.00282118
-0.000495279
0.00297985
-0.000419762
0.00311636
-0.000408363
0.00324206
-0.000440356
0.00336023
-0.000495601
0.00346501
-0.000551814
0.00353774
-0.000576587
0.00354062
-0.000515476
0.00341057
-0.000280468
0.00306186
0.00025001
0.00242559
0.00118316
0.0015068
0.00249427
0.000521818
0.00368797
0.00306293
0.000331225
-0.0011929
0.000863443
-0.00200097
0.00136343
-0.00195919
0.00175247
-0.00158729
0.00202894
-0.00117338
0.00221866
-0.000842281
0.00234986
-0.000626128
0.00244394
-0.000513478
0.00251395
-0.000478026
0.00256631
-0.000492359
0.00260222
-0.000531153
0.00261726
-0.0005665
0.00259816
-0.000557133
0.00251751
-0.000434463
0.00233112
-9.37129e-05
0.00198868
0.000592809
0.00146627
0.00170592
0.000814805
0.00314607
0.000224345
0.0042787
0.00328739
0.000289348
-0.00148216
0.000705667
-0.00241705
0.00104933
-0.00230252
0.00127778
-0.00181536
0.00141233
-0.00130754
0.00148635
-0.000915905
0.00152524
-0.000664635
0.00154324
-0.000531094
0.0015467
-0.000481106
0.00153818
-0.000483461
0.00151848
-0.000511071
0.00148571
-0.000533347
0.00143187
-0.000502915
0.00133877
-0.000340969
0.00117692
6.8531e-05
0.000922886
0.000847237
0.000582247
0.00204694
0.000227742
0.00350092
3.06054e-06
0.00450365
0.00329057
0.000209695
-0.00169175
0.000434579
-0.00264167
0.00054621
-0.00241378
0.000559144
-0.00182789
0.00051912
-0.0012671
0.000460585
-0.000856965
0.000399614
-0.000603269
0.000340268
-0.000471358
0.000282201
-0.000422655
0.000224936
-0.000425811
0.00016814
-0.000453891
0.00010928
-0.0004741
4.11033e-05
-0.000434346
-4.75551e-05
-0.00025191
-0.000163648
0.000185038
-0.000294538
0.000978541
-0.000398005
0.00215081
-0.000397445
0.00350072
-0.000230897
0.00433737
0.00305978
6.1799e-05
-0.00175345
-1.53081e-05
-0.00256427
-0.000219919
-0.00220879
-0.000471086
-0.00157632
-0.000708877
-0.00102891
-0.000910363
-0.000655083
-0.00107578
-0.00043747
-0.00121336
-0.000333399
-0.00133098
-0.000304653
-0.00143403
-0.000322382
-0.00152663
-0.000360918
-0.00161298
-0.000387369
-0.00169576
-0.000351186
-0.00176908
-0.000178191
-0.0018046
0.000220954
-0.00174824
0.00092259
-0.00152858
0.00193153
-0.00108871
0.00306119
-0.000472756
0.00372167
0.00258712
-0.000198936
-0.00155439
-0.000708367
-0.00205454
-0.00130437
-0.00161241
-0.00183816
-0.00104213
-0.00226104
-0.000605632
-0.00257964
-0.000336103
-0.00281943
-0.000197306
-0.00300654
-0.000145922
-0.00316137
-0.00014946
-0.00329784
-0.000185555
-0.00342413
-0.000234281
-0.00354074
-0.000270403
-0.00363483
-0.000256747
-0.00367121
-0.000141458
-0.00358609
0.000136194
-0.00329292
0.000629763
-0.00270784
0.00134679
-0.0018039
0.00215754
-0.000727374
0.00264537
0.00185984
-0.000599386
-0.000954865
-0.00161906
-0.00103455
-0.00254844
-0.000682639
-0.00323
-0.000360172
-0.00368175
-0.000153504
-0.00396985
-4.76437e-05
-0.00415842
-8.38149e-06
-0.00429815
-5.8519e-06
-0.00442248
-2.48142e-05
-0.00455003
-5.76893e-05
-0.00468875
-9.5251e-05
-0.00483194
-0.000126924
-0.004951
-0.000137389
-0.00498756
-0.000104615
-0.00485599
4.90193e-06
-0.00443324
0.000207289
-0.00361707
0.000530884
-0.00238418
0.000924882
-0.000942316
0.00120368
0.000917597
-0.000954717
-0.00198895
-0.00267121
-0.00303099
-0.00318413
-0.00323142
-0.00323947
-0.00324501
-0.00326953
-0.00332694
-0.00342193
-0.00354861
-0.00368576
-0.00379016
-0.00378505
-0.00357757
-0.0030465
-0.00212146
-0.00091765
)
;

boundaryField
{
    leftWall
    {
        type            calculated;
        value           uniform 0;
    }
    rightWall
    {
        type            calculated;
        value           nonuniform List<scalar> 10(1.0842e-19 -2.1684e-19 -4.33681e-19 0 0 0 0 0 0 0);
    }
    topWall
    {
        type            calculated;
        value           uniform 0;
    }
    bottomWall
    {
        type            calculated;
        value           uniform 0;
    }
    frontAndBackPlanes
    {
        type            empty;
    }
}


// ************************************************************************* //
