/*--------------------------------*- C++ -*----------------------------------*\
| =========                 |                                                 |
| \\      /  F ield         | OpenFOAM: The Open Source CFD Toolbox           |
|  \\    /   O peration     | Version:  2506                                  |
|   \\  /    A nd           | Website:  www.openfoam.com                      |
|    \\/     M anipulation  |                                                 |
\*---------------------------------------------------------------------------*/
FoamFile
{
    version     2.0;
    format      ascii;
    arch        "LSB;label=32;scalar=64";
    class       surfaceScalarField;
    location    "14.4";
    object      phi;
}
// * * * * * * * * * * * * * * * * * * * * * * * * * * * * * * * * * * * * * //

dimensions      [1 0 -1 0 0 0 0];

oriented        oriented;

internalField   nonuniform List<scalar> 
370
(
-8.30053e-05
-2.83858e-05
-1.89112e-05
-6.41004e-05
8.58845e-05
-0.000104807
0.00023577
-0.000149902
0.000428098
-0.000192348
0.000659412
-0.000231337
0.000926925
-0.000267539
0.00122833
-0.000301428
0.00156116
-0.000332858
0.00192201
-0.000360877
0.0023056
-0.000383615
0.00270363
-0.000398058
0.00310294
-0.000399328
0.00348023
-0.000377309
0.00379175
-0.000311515
0.00394904
-0.000157265
0.00379552
0.000153579
0.00311383
0.000681801
0.00169427
0.0014197
0.00169436
1.77794e-05
-4.6162e-05
0.000120551
-0.000166865
0.000310077
-0.000294327
0.000579166
-0.00041899
0.000920525
-0.000533713
0.00132612
-0.000636944
0.00178774
-0.000729176
0.00229648
-0.000810178
0.00284111
-0.000877509
0.00340603
-0.000925814
0.00396886
-0.000946466
0.00449781
-0.000927024
0.00494807
-0.000849599
0.0052575
-0.000686753
0.00533963
-0.000393647
0.00508017
0.000102197
0.00433676
0.00089698
0.00299295
0.00202559
0.00121949
0.00319313
0.00291383
4.12542e-05
-8.74061e-05
0.000169191
-0.000294777
0.000384464
-0.000509574
0.000679733
-0.000714239
0.00104644
-0.000900413
0.00147578
-0.00106628
0.00195846
-0.00121186
0.00248338
-0.0013351
0.00303534
-0.00142948
0.00359242
-0.00148291
0.00412346
-0.00147752
0.00458595
-0.00138952
0.00492436
-0.00118801
0.00506894
-0.000831337
0.00493622
-0.000260923
0.00443615
0.000602262
0.00351054
0.00182255
0.00219843
0.00333759
0.000791327
0.00460008
0.00370505
3.63243e-05
-0.000123713
0.000148041
-0.000406453
0.000332977
-0.000694464
0.000585726
-0.000966952
0.000899689
-0.00121435
0.00126829
-0.00143487
0.00168464
-0.00162821
0.0021396
-0.00179006
0.00261886
-0.00190875
0.00309992
-0.00196397
0.00354972
-0.00192731
0.00392395
-0.00176373
0.00416813
-0.00143217
0.00422002
-0.000883204
0.0040146
-5.54701e-05
0.00349508
0.00112179
0.00264869
0.00266891
0.00156138
0.00442477
0.000509581
0.00565167
0.00421451
1.71485e-05
-0.000140839
7.9014e-05
-0.000468263
0.00018996
-0.000805348
0.000349619
-0.00112656
0.000556247
-0.00142095
0.000808018
-0.00168663
0.00110344
-0.00192362
0.00143876
-0.00212538
0.00180433
-0.0022743
0.00218081
-0.00234042
0.00253706
-0.00228351
0.00283097
-0.00205757
0.00301346
-0.00161455
0.00303371
-0.000903353
0.00284573
0.000132602
0.00241627
0.00155133
0.0017585
0.00332672
0.000969562
0.00521365
0.000275514
0.00634558
0.00448997
-1.36552e-05
-0.000127155
-2.59326e-05
-0.000455919
-2.23284e-05
-0.000808879
3.46308e-06
-0.0011523
5.47993e-05
-0.00147225
0.000136825
-0.00176863
0.000255273
-0.00204205
0.000414068
-0.00228414
0.000610874
-0.00247105
0.000832706
-0.00256215
0.00105407
-0.00250468
0.00123953
-0.00224275
0.0013503
-0.00172497
0.00135167
-0.000904402
0.00121839
0.000266185
0.000948184
0.00182186
0.000581377
0.00369382
0.000218185
0.00557706
1.08514e-06
0.00656284
0.00449119
-4.9396e-05
-7.77274e-05
-0.000148623
-0.000356618
-0.000273621
-0.000683801
-0.000414101
-0.00101175
-0.000562411
-0.00132389
-0.000708882
-0.00162212
-0.000841034
-0.00190985
-0.000946788
-0.00217831
-0.00101926
-0.00239842
-0.00106101
-0.00252005
-0.00108464
-0.00248044
-0.00110768
-0.00221884
-0.00114402
-0.00168762
-0.00119608
-0.00085137
-0.00124759
0.000318625
-0.00125142
0.00182664
-0.00114109
0.00358439
-0.00085099
0.00528777
-0.000389514
0.00610199
0.004102
-7.25453e-05
-5.14844e-06
-0.000239615
-0.000189469
-0.000481512
-0.000441817
-0.000792183
-0.000701008
-0.00116508
-0.000950943
-0.00158962
-0.00119753
-0.00205106
-0.00144832
-0.00253216
-0.00169703
-0.00301564
-0.00191448
-0.00348587
-0.00204891
-0.00392663
-0.00203814
-0.00431438
-0.00182897
-0.00461025
-0.00138931
-0.00475569
-0.000703499
-0.00467218
0.000237384
-0.00425906
0.00141558
-0.00345211
0.00277926
-0.00226039
0.00409762
-0.000893537
0.00473634
0.00320903
-4.62776e-05
4.11654e-05
-0.000196189
-3.94701e-05
-0.000474969
-0.000162939
-0.000883838
-0.000292056
-0.00141987
-0.000414841
-0.00207807
-0.000539241
-0.00285213
-0.000674112
-0.00373023
-0.000818538
-0.00468877
-0.000955058
-0.00568617
-0.00104971
-0.00665867
-0.00106268
-0.00751902
-0.000964598
-0.0081574
-0.000746341
-0.00844413
-0.000412254
-0.00824992
4.71152e-05
-0.00743382
0.000602795
-0.00593542
0.00128364
-0.00381621
0.00198071
-0.00146379
0.00238566
0.00174606
4.12095e-05
1.84371e-06
-0.000160985
-0.000452945
-0.000867711
-0.00140688
-0.00208085
-0.00289903
-0.00385315
-0.00490084
-0.00595998
-0.00691956
-0.00765997
-0.00806616
-0.00801352
-0.00740607
-0.00611863
-0.00413493
-0.0017471
)
;

boundaryField
{
    leftWall
    {
        type            calculated;
        value           nonuniform List<scalar> 10(1.05879e-22 0 3.38813e-21 -6.77626e-21 0 0 2.71051e-20 0 0 0);
    }
    rightWall
    {
        type            calculated;
        value           nonuniform List<scalar> 10(1.0842e-19 0 0 0 0 0 0 0 0 0);
    }
    topWall
    {
        type            calculated;
        value           uniform 0;
    }
    bottomWall
    {
        type            calculated;
        value           uniform 0;
    }
    frontAndBackPlanes
    {
        type            empty;
    }
}


// ************************************************************************* //
