/*--------------------------------*- C++ -*----------------------------------*\
| =========                 |                                                 |
| \\      /  F ield         | OpenFOAM: The Open Source CFD Toolbox           |
|  \\    /   O peration     | Version:  2506                                  |
|   \\  /    A nd           | Website:  www.openfoam.com                      |
|    \\/     M anipulation  |                                                 |
\*---------------------------------------------------------------------------*/
FoamFile
{
    version     2.0;
    format      ascii;
    arch        "LSB;label=32;scalar=64";
    class       surfaceScalarField;
    location    "36.6";
    object      phi;
}
// * * * * * * * * * * * * * * * * * * * * * * * * * * * * * * * * * * * * * //

dimensions      [1 0 -1 0 0 0 0];

oriented        oriented;

internalField   nonuniform List<scalar> 
370
(
-4.02019e-05
-5.77226e-05
0.000107055
-0.000147247
0.000323521
-0.000216448
0.000583213
-0.000259669
0.000858016
-0.000274773
0.00112821
-0.000270158
0.00138458
-0.000256337
0.00162696
-0.000242352
0.00186178
-0.000234788
0.0020994
-0.000237589
0.00235144
-0.000252
0.00262766
-0.000276193
0.00293116
-0.000303471
0.00325107
-0.00031988
0.00354949
-0.000298396
0.00373623
-0.000186711
0.00363667
9.95959e-05
0.00302212
0.000614602
0.00165968
0.00136249
0.00165971
0.00012118
-0.000178891
0.000448377
-0.000474409
0.00090683
-0.000674841
0.00142505
-0.000777804
0.00195068
-0.000800307
0.00245076
-0.00077012
0.00290966
-0.000715126
0.00332486
-0.000657433
0.00370162
-0.000611432
0.00404781
-0.000583665
0.00436874
-0.000572826
0.00466153
-0.000568869
0.00490863
-0.000550479
0.00506926
-0.000480416
0.00506908
-0.000298132
0.00479368
8.87768e-05
0.00409867
0.000794693
0.00284071
0.00187267
0.00116294
0.00304039
0.00282273
0.000206606
-0.000385468
0.000672645
-0.000940356
0.00126908
-0.00127112
0.00189532
-0.00140382
0.00248785
-0.00139258
0.00301533
-0.00129733
0.00346922
-0.00116874
0.00385419
-0.00104213
0.00418014
-0.000937117
0.00445599
-0.000859262
0.00468441
-0.000801006
0.00485662
-0.000740847
0.00494675
-0.00064039
0.00490632
-0.000439791
0.00466239
-5.40289e-05
0.0041279
0.000623433
0.00323963
0.00168312
0.00201831
0.00309418
0.000721512
0.00433737
0.00354436
0.000257079
-0.000642486
0.00079385
-0.00147693
0.00142599
-0.00190293
0.00203244
-0.00200985
0.00255133
-0.001911
0.00296494
-0.00171045
0.00328162
-0.00148494
0.00352088
-0.00128092
0.00370328
-0.00111908
0.00384421
-0.000999776
0.00394959
-0.000905983
0.00401199
-0.000802871
0.00400668
-0.000634735
0.00388905
-0.000321845
0.00359773
0.000237563
0.00307545
0.00114596
0.00229732
0.00246149
0.00133106
0.0040607
0.000419593
0.0052491
0.00396409
0.000277671
-0.000920045
0.00080034
-0.00199925
0.00135106
-0.00245308
0.00180973
-0.00246782
0.00213376
-0.00223427
0.00233133
-0.00190728
0.00243418
-0.0015871
0.00247859
-0.00132468
0.00249502
-0.00113491
0.00250353
-0.00100773
0.0025118
-0.000913719
0.00251344
-0.000804017
0.00248624
-0.000607059
0.00239139
-0.00022658
0.00217753
0.000451781
0.00180465
0.00151916
0.00127014
0.00299632
0.000653225
0.00467795
0.000153796
0.00574884
0.00411804
0.000246154
-0.00116602
0.000634992
-0.00238753
0.000960409
-0.00277764
0.00113778
-0.00264418
0.00116365
-0.00225914
0.00108094
-0.00182364
0.000942617
-0.00144795
0.000793453
-0.00117478
0.000663366
-0.00100414
0.000567263
-0.000910982
0.000506881
-0.000852699
0.000472387
-0.000768891
0.000443578
-0.000577639
0.000392176
-0.000174617
0.000291319
0.000553113
0.00013312
0.0016778
-5.17362e-05
0.00318162
-0.000182626
0.00480926
-0.000156992
0.00572354
0.00396119
0.000127261
-0.00129301
0.000215206
-0.00247468
0.000145445
-0.00270672
-8.27332e-05
-0.00241473
-0.000414807
-0.00192589
-0.000784902
-0.00145254
-0.00114022
-0.00109178
-0.00144942
-0.000864817
-0.00169995
-0.000752875
-0.00189191
-0.000718263
-0.00203226
-0.000711566
-0.00212999
-0.000670353
-0.00219135
-0.000515478
-0.00221441
-0.000150781
-0.00217315
0.00051252
-0.00203017
0.00153543
-0.00172782
0.00287982
-0.00121071
0.00429263
-0.000524021
0.0050372
0.00343731
-0.000124682
-0.00116796
-0.000529929
-0.00206839
-0.00113272
-0.00210251
-0.00181478
-0.00173124
-0.00247709
-0.00126234
-0.0030656
-0.000863001
-0.00356278
-0.00059372
-0.00397377
-0.000453012
-0.00431375
-0.000412079
-0.00459833
-0.000432842
-0.00483636
-0.000472667
-0.00502345
-0.000482373
-0.00513497
-0.000403068
-0.00511939
-0.000165503
-0.00490195
0.000295862
-0.00439725
0.00103143
-0.00353547
0.00201865
-0.00231174
0.00306939
-0.000919546
0.00364536
0.0025179
-0.000489228
-0.000678246
-0.00148118
-0.00107517
-0.0025896
-0.000992464
-0.00358807
-0.000731203
-0.00438766
-0.00046142
-0.00499068
-0.000258893
-0.00544265
-0.000140842
-0.0057995
-9.53552e-05
-0.00610921
-0.000101614
-0.00640221
-0.000139111
-0.00668686
-0.000187285
-0.00694492
-0.000223599
-0.00712506
-0.000222211
-0.00713816
-0.000151687
-0.00687125
2.96602e-05
-0.00617991
0.000340735
-0.00496217
0.000801464
-0.00322403
0.00133169
-0.00125909
0.00168074
0.00125894
-0.000677678
-0.00175141
-0.00274205
-0.00347145
-0.00393129
-0.00418888
-0.00432867
-0.00442316
-0.00452405
-0.00466253
-0.00484926
-0.00507233
-0.00529405
-0.00544525
-0.0054151
-0.00507391
-0.00427205
-0.00294002
-0.00125904
)
;

boundaryField
{
    leftWall
    {
        type            calculated;
        value           nonuniform List<scalar> 10(0 1.05879e-22 0 0 0 0 0 0 0 0);
    }
    rightWall
    {
        type            calculated;
        value           uniform 0;
    }
    topWall
    {
        type            calculated;
        value           uniform 0;
    }
    bottomWall
    {
        type            calculated;
        value           uniform 0;
    }
    frontAndBackPlanes
    {
        type            empty;
    }
}


// ************************************************************************* //
