/*--------------------------------*- C++ -*----------------------------------*\
| =========                 |                                                 |
| \\      /  F ield         | OpenFOAM: The Open Source CFD Toolbox           |
|  \\    /   O peration     | Version:  2506                                  |
|   \\  /    A nd           | Website:  www.openfoam.com                      |
|    \\/     M anipulation  |                                                 |
\*---------------------------------------------------------------------------*/
FoamFile
{
    version     2.0;
    format      ascii;
    arch        "LSB;label=32;scalar=64";
    class       surfaceScalarField;
    location    "98.4";
    object      phi;
}
// * * * * * * * * * * * * * * * * * * * * * * * * * * * * * * * * * * * * * //

dimensions      [1 0 -1 0 0 0 0];

oriented        oriented;

internalField   nonuniform List<scalar> 
370
(
0.000242244
-0.000287757
0.000680153
-0.000437833
0.00107207
-0.000391809
0.00135445
-0.00028224
0.00153076
-0.00017616
0.00163212
-0.000101193
0.00169486
-6.25593e-05
0.00175026
-5.52156e-05
0.00182182
-7.13665e-05
0.00192595
-0.000103931
0.00207381
-0.000147659
0.00227238
-0.000198357
0.00252298
-0.000250379
0.0028148
-0.0002916
0.00311076
-0.000295734
0.00332165
-0.000210665
0.00326638
5.55132e-05
0.00272827
0.000538334
0.0014909
0.00123758
0.00149101
0.000378902
-0.000666619
0.0010289
-0.00108773
0.00166405
-0.00102681
0.00216955
-0.000787555
0.00252937
-0.000535792
0.00277196
-0.000343581
0.00293889
-0.000229276
0.00306904
-0.000185162
0.0031921
-0.000194216
0.0033272
-0.000238811
0.00348341
-0.000303643
0.00365946
-0.000374182
0.00384045
-0.000431138
0.00399017
-0.000441089
0.00403889
-0.000344212
0.00387441
-4.59357e-05
0.00335671
0.000573455
0.00233812
0.00155718
0.000949989
0.00262592
0.0024411
0.000388867
-0.00105543
0.00103246
-0.00173118
0.00165592
-0.00165008
0.00215393
-0.00128533
0.0025138
-0.000895415
0.00276184
-0.000591368
0.00293365
-0.000400838
0.00306043
-0.000311689
0.00316425
-0.000297793
0.00325766
-0.000331966
0.00334424
-0.000389967
0.00341814
-0.000447829
0.003461
-0.000473734
0.00343627
-0.000416105
0.00328451
-0.000192182
0.00292551
0.000313332
0.00229973
0.00119951
0.00141585
0.00244131
0.000483446
0.00355854
0.00292465
0.000351245
-0.00140662
0.000899082
-0.00227885
0.00139727
-0.00214803
0.00177027
-0.00165807
0.00202382
-0.00114868
0.00218962
-0.000756882
0.00229907
-0.000510005
0.0023744
-0.00038673
0.00242825
-0.000351369
0.00246621
-0.000369648
0.00248876
-0.000412232
0.00249099
-0.000449779
0.00245951
-0.000441978
0.00236761
-0.000323915
0.00217544
2.75019e-07
0.00183793
0.000651127
0.00133831
0.00169942
0.000729287
0.00305061
0.000191699
0.00409635
0.00311645
0.000286954
-0.0016935
0.000679709
-0.00267141
0.000985397
-0.00245345
0.00117422
-0.0018466
0.00127636
-0.00125052
0.00132859
-0.000808804
0.00135557
-0.000536687
0.00136887
-0.000399736
0.00137197
-0.000354178
0.00136522
-0.000362601
0.00134804
-0.000394764
0.00131789
-0.000419338
0.00126643
-0.000390227
0.00117612
-0.000233306
0.00101927
0.000157438
0.000781155
0.000889546
0.000469773
0.0020111
0.000157475
0.00336319
-2.29005e-05
0.00427695
0.00309364
0.000191171
-0.0018846
0.000364084
-0.00284412
0.000417349
-0.00250644
0.000383236
-0.00181218
0.000314554
-0.00118153
0.000244438
-0.000738384
0.000184175
-0.000476126
0.000132864
-0.000348132
8.6428e-05
-0.000307451
4.20457e-05
-0.000317929
-1.86928e-06
-0.00035056
-4.82803e-05
-0.000372638
-0.000103824
-0.00033439
-0.0001781
-0.000158729
-0.000275643
0.000255292
-0.000383644
0.000997861
-0.00045934
0.0020871
-0.000428632
0.00333275
-0.000237118
0.00408564
0.0028566
3.02215e-05
-0.00191474
-0.000107462
-0.00270622
-0.000371431
-0.00224219
-0.000660561
-0.00152275
-0.000912766
-0.000929025
-0.00111102
-0.000539837
-0.00126255
-0.000324312
-0.00138092
-0.00022947
-0.00147734
-0.000210754
-0.00155897
-0.000236017
-0.00163068
-0.000278571
-0.0016965
-0.000306537
-0.00175799
-0.00027261
-0.00180782
-0.000108612
-0.00181766
0.000265433
-0.00173852
0.000919022
-0.00150415
0.00185302
-0.00106183
0.00289069
-0.000456984
0.00348099
0.00239969
-0.000235777
-0.00167887
-0.000805335
-0.00213644
-0.00144384
-0.00160341
-0.00199264
-0.000973651
-0.00240763
-0.000513748
-0.00270385
-0.000243332
-0.0029148
-0.000113083
-0.00307051
-7.34891e-05
-0.00319351
-8.74905e-05
-0.00329925
-0.000130016
-0.00339587
-0.00018169
-0.00348338
-0.000218762
-0.00354869
-0.000207043
-0.00355768
-9.93613e-05
-0.00345097
0.000158987
-0.00314931
0.000617616
-0.00257599
0.00127996
-0.0017079
0.00202282
-0.000685299
0.00245856
0.00171446
-0.000648395
-0.00103037
-0.00172131
-0.00106328
-0.00266494
-0.000659498
-0.00332619
-0.000312111
-0.00373814
-0.00010152
-0.00397602
-5.17805e-06
-0.00412231
3.34627e-05
-0.00422252
2.697e-05
-0.00430798
-1.79007e-06
-0.00440134
-3.64264e-05
-0.00450749
-7.53168e-05
-0.00461906
-0.000106968
-0.00470848
-0.00011741
-0.00472089
-8.67443e-05
-0.00457566
1.39668e-05
-0.00416101
0.000203162
-0.00338247
0.000501614
-0.00222134
0.000861861
-0.000874455
0.00111181
0.000840064
-0.00103026
-0.00209331
-0.00275253
-0.00306436
-0.0031656
-0.00317053
-0.00313682
-0.00310962
-0.0031112
-0.00314742
-0.00322254
-0.00332933
-0.00344656
-0.00353315
-0.00351903
-0.00331572
-0.00281398
-0.001952
-0.000840102
)
;

boundaryField
{
    leftWall
    {
        type            calculated;
        value           uniform 0;
    }
    rightWall
    {
        type            calculated;
        value           nonuniform List<scalar> 10(0 -2.1684e-19 0 0 4.33681e-19 0 0 0 0 0);
    }
    topWall
    {
        type            calculated;
        value           uniform 0;
    }
    bottomWall
    {
        type            calculated;
        value           uniform 0;
    }
    frontAndBackPlanes
    {
        type            empty;
    }
}


// ************************************************************************* //
