/*--------------------------------*- C++ -*----------------------------------*\
| =========                 |                                                 |
| \\      /  F ield         | OpenFOAM: The Open Source CFD Toolbox           |
|  \\    /   O peration     | Version:  2506                                  |
|   \\  /    A nd           | Website:  www.openfoam.com                      |
|    \\/     M anipulation  |                                                 |
\*---------------------------------------------------------------------------*/
FoamFile
{
    version     2.0;
    format      ascii;
    arch        "LSB;label=32;scalar=64";
    class       surfaceScalarField;
    location    "47.2";
    object      phi;
}
// * * * * * * * * * * * * * * * * * * * * * * * * * * * * * * * * * * * * * //

dimensions      [1 0 -1 0 0 0 0];

oriented        oriented;

internalField   nonuniform List<scalar> 
370
(
2.51173e-06
-8.77899e-05
0.000176604
-0.00017406
0.000387998
-0.000211342
0.000603854
-0.000215791
0.000805166
-0.000201238
0.000987646
-0.0001824
0.00115707
-0.000169337
0.00132466
-0.000167509
0.00150406
-0.000179311
0.00170932
-0.000205172
0.0019533
-0.000243881
0.00224534
-0.000291945
0.0025868
-0.000341355
0.00296303
-0.000376125
0.00332979
-0.000366662
0.00358951
-0.00025961
0.00354648
4.31262e-05
0.00297693
0.000569663
0.00164178
0.00133525
0.00164184
0.000153376
-0.000241139
0.000496418
-0.000517022
0.000913041
-0.000627844
0.00133066
-0.000633265
0.00171583
-0.000586249
0.00206008
-0.000526475
0.00236966
-0.000478745
0.00265798
-0.000455656
0.00294017
-0.000461319
0.00322919
-0.000494005
0.00353238
-0.000546879
0.00384705
-0.000606421
0.00415419
-0.000648299
0.00440909
-0.000630819
0.00452928
-0.000486662
0.00438681
-0.000116943
0.00383034
0.000599778
0.00269016
0.00171003
0.00110822
0.00291737
0.00275016
0.000229001
-0.000470082
0.000675355
-0.00096321
0.00118296
-0.0011352
0.00166465
-0.00111467
0.00208557
-0.00100686
0.0024417
-0.000882288
0.00274381
-0.000780543
0.00300738
-0.00071891
0.00324673
-0.000700355
0.00347167
-0.000718618
0.00368475
-0.000759638
0.0038778
-0.000799132
0.00402644
-0.000796606
0.00408315
-0.0006872
0.00397208
-0.000375279
0.00359436
0.000261076
0.00287029
0.00132414
0.00180621
0.00277439
0.00064443
0.00407941
0.00339472
0.000265152
-0.000735137
0.000746656
-0.00144444
0.0012534
-0.00164156
0.00169547
-0.0015563
0.00204751
-0.00135843
0.00231711
-0.00115143
0.00252381
-0.000986778
0.00268751
-0.000882169
0.00282364
-0.000836034
0.00294147
-0.000835993
0.00304334
-0.000861049
0.0031227
-0.000878029
0.00316003
-0.000833461
0.0031174
-0.000644112
0.00293663
-0.000194078
0.00255029
0.000647818
0.00192398
0.00195083
0.00111335
0.00358539
0.000341358
0.00485172
0.00373624
0.000270662
-0.00100566
0.00071472
-0.00188812
0.00113205
-0.00205836
0.00144754
-0.0018712
0.00165619
-0.00156649
0.00178212
-0.00127678
0.0018541
-0.0010582
0.00189512
-0.000922636
0.00192017
-0.000860535
0.00193738
-0.000852642
0.00194912
-0.000872217
0.00195131
-0.000879624
0.00193047
-0.000812023
0.00185995
-0.000573006
0.00169869
-3.22681e-05
0.00140451
0.000942499
0.000970125
0.00238569
0.000473124
0.00408284
9.07118e-05
0.00523451
0.00382713
0.000231382
-0.00123686
0.000545505
-0.00220177
0.000772502
-0.00228472
0.00087669
-0.0019747
0.000883255
-0.00157238
0.000832314
-0.00122519
0.00075596
-0.000981219
0.000673836
-0.000839895
0.000595861
-0.000781932
0.000525987
-0.000782117
0.000464039
-0.000809587
0.000405248
-0.000820121
0.00033891
-0.000744954
0.000248901
-0.000482273
0.000119515
9.77924e-05
-4.35538e-05
0.0011062
-0.00020343
0.00254615
-0.000280645
0.00416057
-0.000192076
0.00514634
0.00363521
0.000119196
-0.00135584
0.000170242
-0.00225225
8.27033e-05
-0.00219645
-0.000107483
-0.00178377
-0.000344711
-0.00133445
-0.000587099
-0.000982135
-0.000812989
-0.000754676
-0.00101525
-0.000636974
-0.00119413
-0.000602364
-0.00135283
-0.000622697
-0.00149583
-0.000665834
-0.00162803
-0.000687138
-0.00175193
-0.000620257
-0.00186033
-0.000373073
-0.00192273
0.000160965
-0.0018761
0.00106027
-0.00164433
0.00231502
-0.001173
0.00368979
-0.000511657
0.00448539
0.00312371
-0.000115472
-0.00124012
-0.000488827
-0.00187826
-0.00100103
-0.00168347
-0.00152976
-0.00125428
-0.0020073
-0.000856201
-0.00241454
-0.000574238
-0.00275728
-0.000411276
-0.00305065
-0.000342941
-0.00331058
-0.000341753
-0.00354998
-0.000382601
-0.00377623
-0.00043887
-0.00398709
-0.000475553
-0.00416324
-0.000443362
-0.00425827
-0.0002773
-0.00419225
9.56713e-05
-0.00386071
0.000729417
-0.00317317
0.00162811
-0.00211015
0.00262729
-0.000849787
0.0032254
0.00227408
-0.000479496
-0.000760321
-0.00137768
-0.000979378
-0.00229279
-0.000767553
-0.00304954
-0.00049677
-0.00361998
-0.000285079
-0.00403915
-0.000154445
-0.00435802
-9.18275e-05
-0.00462308
-7.73076e-05
-0.00486963
-9.46448e-05
-0.00512019
-0.000131476
-0.00538279
-0.000175702
-0.00564566
-0.000212115
-0.00586868
-0.00021977
-0.00597478
-0.000170616
-0.00585192
-2.66064e-05
-0.00535869
0.000236741
-0.00437473
0.000644665
-0.00288276
0.00113576
-0.00113917
0.00148214
0.00113504
-0.000759972
-0.00173858
-0.00250527
-0.00300123
-0.00328562
-0.00343946
-0.00353076
-0.00360759
-0.00370179
-0.00383284
-0.00400814
-0.00421985
-0.00443923
-0.00460946
-0.00463569
-0.00439858
-0.00375357
-0.00261751
-0.00113514
)
;

boundaryField
{
    leftWall
    {
        type            calculated;
        value           nonuniform List<scalar> 10(0 0 0 0 0 0 1.0842e-19 0 0 0);
    }
    rightWall
    {
        type            calculated;
        value           uniform 0;
    }
    topWall
    {
        type            calculated;
        value           uniform 0;
    }
    bottomWall
    {
        type            calculated;
        value           uniform 0;
    }
    frontAndBackPlanes
    {
        type            empty;
    }
}


// ************************************************************************* //
