/*--------------------------------*- C++ -*----------------------------------*\
| =========                 |                                                 |
| \\      /  F ield         | OpenFOAM: The Open Source CFD Toolbox           |
|  \\    /   O peration     | Version:  2506                                  |
|   \\  /    A nd           | Website:  www.openfoam.com                      |
|    \\/     M anipulation  |                                                 |
\*---------------------------------------------------------------------------*/
FoamFile
{
    version     2.0;
    format      ascii;
    arch        "LSB;label=32;scalar=64";
    class       volVectorField;
    location    "27.2";
    object      U;
}
// * * * * * * * * * * * * * * * * * * * * * * * * * * * * * * * * * * * * * //

dimensions      [0 1 -1 0 0 0 0];

internalField   nonuniform List<vector> 
200
(
(-0.000250039 -8.36916e-05 0)
(-0.000148132 -0.000214259 0)
(0.000515878 -0.000336239 0)
(0.00153703 -0.000485141 0)
(0.0027682 -0.000598686 0)
(0.00415191 -0.000658631 0)
(0.00559544 -0.000673793 0)
(0.00702152 -0.000662042 0)
(0.00838304 -0.000645088 0)
(0.00966401 -0.000644642 0)
(0.0108745 -0.0006791 0)
(0.0120415 -0.000760729 0)
(0.0131938 -0.000891454 0)
(0.0143388 -0.00105238 0)
(0.0154171 -0.00117945 0)
(0.016208 -0.00110614 0)
(0.016225 -0.000461313 0)
(0.0146001 0.00135155 0)
(0.0103652 0.00456565 0)
(0.00309862 0.00651783 0)
(3.12619e-05 -0.000573501 0)
(0.000740493 -0.0018393 0)
(0.00220736 -0.00306645 0)
(0.00425334 -0.00410218 0)
(0.006678 -0.00480985 0)
(0.00929213 -0.00516427 0)
(0.0119262 -0.00520995 0)
(0.0144462 -0.00503186 0)
(0.0167611 -0.00472914 0)
(0.0188184 -0.004392 0)
(0.0205898 -0.00408293 0)
(0.0220508 -0.00381969 0)
(0.0231555 -0.00355374 0)
(0.023805 -0.00313214 0)
(0.0238076 -0.00222706 0)
(0.0228302 -0.000222464 0)
(0.0203308 0.00382273 0)
(0.0157136 0.0107387 0)
(0.00904023 0.0192418 0)
(0.0015534 0.0194623 0)
(0.000118608 -0.00157734 0)
(0.00129183 -0.0046492 0)
(0.00332912 -0.00732686 0)
(0.00598098 -0.00934308 0)
(0.0089441 -0.0105747 0)
(0.0119671 -0.0110379 0)
(0.0148544 -0.010855 0)
(0.0174694 -0.0102059 0)
(0.0197312 -0.00927677 0)
(0.0215996 -0.00821611 0)
(0.0230531 -0.00710274 0)
(0.024061 -0.00591876 0)
(0.0245558 -0.00452013 0)
(0.0244061 -0.00259447 0)
(0.023379 0.000400457 0)
(0.0211782 0.00522711 0)
(0.017525 0.0127069 0)
(0.0123351 0.023009 0)
(0.00624774 0.0328227 0)
(0.000821082 0.0278609 0)
(0.000162122 -0.0030842 0)
(0.00161367 -0.00837141 0)
(0.00394934 -0.0125252 0)
(0.00681332 -0.0153459 0)
(0.00982256 -0.0167901 0)
(0.0126904 -0.016988 0)
(0.0152251 -0.0162053 0)
(0.017324 -0.0147645 0)
(0.018959 -0.0129633 0)
(0.0201489 -0.0110112 0)
(0.0209254 -0.00898906 0)
(0.0212994 -0.0068198 0)
(0.0212327 -0.0042435 0)
(0.0206108 -0.000794797 0)
(0.0192089 0.00418059 0)
(0.0168541 0.0114057 0)
(0.0133838 0.0214729 0)
(0.00888658 0.0337866 0)
(0.00408153 0.0433245 0)
(0.000424875 0.0332423 0)
(0.000198115 -0.00484644 0)
(0.00172405 -0.0124373 0)
(0.00399416 -0.0178809 0)
(0.00659161 -0.0211534 0)
(0.00910751 -0.0223767 0)
(0.011265 -0.0218773 0)
(0.0129174 -0.0201395 0)
(0.0140365 -0.0176822 0)
(0.0146835 -0.014938 0)
(0.0149643 -0.0121732 0)
(0.0149837 -0.00944713 0)
(0.0148068 -0.0065906 0)
(0.0144293 -0.00319737 0)
(0.0137228 0.0013569 0)
(0.0125478 0.00777581 0)
(0.0107394 0.0167451 0)
(0.00820197 0.0285653 0)
(0.00507612 0.0419253 0)
(0.00198322 0.0505206 0)
(9.47951e-05 0.0362729 0)
(0.000202112 -0.00659582 0)
(0.00145394 -0.0161453 0)
(0.00310151 -0.0223951 0)
(0.00476419 -0.0256119 0)
(0.00610462 -0.0261511 0)
(0.0069257 -0.0245996 0)
(0.00718029 -0.0217232 0)
(0.00695351 -0.0182699 0)
(0.00641235 -0.0148056 0)
(0.00574393 -0.0116221 0)
(0.00509963 -0.00870668 0)
(0.00455892 -0.00574396 0)
(0.00411444 -0.00214116 0)
(0.00364136 0.00288903 0)
(0.00304465 0.0101115 0)
(0.00221952 0.0201142 0)
(0.00117403 0.0328715 0)
(0.000101514 0.046448 0)
(-0.000577235 0.0537232 0)
(-0.000273745 0.0368132 0)
(0.000129277 -0.0077922 0)
(0.000541109 -0.0182925 0)
(0.000783482 -0.0245474 0)
(0.000659611 -0.0271354 0)
(4.27289e-05 -0.0266466 0)
(-0.00108656 -0.023939 0)
(-0.00260896 -0.0200859 0)
(-0.00432224 -0.0160474 0)
(-0.00600583 -0.0124502 0)
(-0.00747424 -0.00950801 0)
(-0.00861501 -0.0070452 0)
(-0.00939349 -0.00456018 0)
(-0.0098277 -0.00130897 0)
(-0.00994801 0.00355424 0)
(-0.00973766 0.0107446 0)
(-0.00915161 0.0206758 0)
(-0.00804841 0.0330148 0)
(-0.00624356 0.0455208 0)
(-0.00374045 0.0513466 0)
(-0.000726418 0.0342527 0)
(-8.60335e-05 -0.00757969 0)
(-0.00120664 -0.0172274 0)
(-0.00320818 -0.0224251 0)
(-0.00590253 -0.0238976 0)
(-0.00902266 -0.0224204 0)
(-0.0123107 -0.019071 0)
(-0.0155151 -0.0150433 0)
(-0.0184256 -0.0112991 0)
(-0.0209035 -0.00835624 0)
(-0.0228865 -0.00627104 0)
(-0.0243649 -0.00473114 0)
(-0.0253402 -0.00316944 0)
(-0.0257731 -0.000868656 0)
(-0.0255086 0.00292246 0)
(-0.0243662 0.00882626 0)
(-0.0221004 0.0171431 0)
(-0.018451 0.0274628 0)
(-0.0133359 0.0377503 0)
(-0.00727071 0.0422965 0)
(-0.00124329 0.0280018 0)
(-0.000392243 -0.00525296 0)
(-0.00323894 -0.011789 0)
(-0.00763383 -0.0150381 0)
(-0.012827 -0.01548 0)
(-0.0180692 -0.0137823 0)
(-0.0228436 -0.010905 0)
(-0.0268636 -0.00783647 0)
(-0.0300555 -0.00529074 0)
(-0.0325024 -0.00357971 0)
(-0.0343584 -0.00265513 0)
(-0.0357591 -0.0022206 0)
(-0.036748 -0.00183682 0)
(-0.0372297 -0.000992621 0)
(-0.0369375 0.000854344 0)
(-0.0354462 0.00422246 0)
(-0.032269 0.00938481 0)
(-0.0269443 0.0160989 0)
(-0.019368 0.023033 0)
(-0.0103998 0.0265046 0)
(-0.0017522 0.0180172 0)
(-0.000508841 -0.00130421 0)
(-0.00319662 -0.00277223 0)
(-0.0074589 -0.00341417 0)
(-0.0122945 -0.00333755 0)
(-0.0168151 -0.00272297 0)
(-0.020481 -0.00185843 0)
(-0.0231159 -0.00103312 0)
(-0.0248317 -0.000436059 0)
(-0.0258982 -0.000133731 0)
(-0.0266134 -0.000100116 0)
(-0.0272094 -0.000255312 0)
(-0.0278008 -0.000492048 0)
(-0.028351 -0.000685223 0)
(-0.0286388 -0.000678684 0)
(-0.0282839 -0.000252525 0)
(-0.0267083 0.00078951 0)
(-0.0232453 0.00253524 0)
(-0.017489 0.00476496 0)
(-0.0100048 0.00648846 0)
(-0.00236751 0.00518242 0)
)
;

boundaryField
{
    leftWall
    {
        type            fixedValue;
        value           uniform (0 0 0);
    }
    rightWall
    {
        type            fixedValue;
        value           uniform (0 0 0);
    }
    topWall
    {
        type            fixedValue;
        value           uniform (0 0 0);
    }
    bottomWall
    {
        type            fixedValue;
        value           uniform (0 0 0);
    }
    frontAndBackPlanes
    {
        type            empty;
    }
}


// ************************************************************************* //
