/*--------------------------------*- C++ -*----------------------------------*\
| =========                 |                                                 |
| \\      /  F ield         | OpenFOAM: The Open Source CFD Toolbox           |
|  \\    /   O peration     | Version:  2506                                  |
|   \\  /    A nd           | Website:  www.openfoam.com                      |
|    \\/     M anipulation  |                                                 |
\*---------------------------------------------------------------------------*/
FoamFile
{
    version     2.0;
    format      ascii;
    arch        "LSB;label=32;scalar=64";
    class       volVectorField;
    location    "132.8";
    object      U;
}
// * * * * * * * * * * * * * * * * * * * * * * * * * * * * * * * * * * * * * //

dimensions      [0 1 -1 0 0 0 0];

internalField   nonuniform List<vector> 
200
(
(0.000551035 -0.00134077 0)
(0.00270107 -0.00169782 0)
(0.00494958 -0.00124079 0)
(0.00671578 -0.000657866 0)
(0.00778215 -0.000211417 0)
(0.00829689 4.42014e-05 0)
(0.00848279 0.000134369 0)
(0.00853621 0.000106582 0)
(0.00860099 4.65987e-06 0)
(0.00877353 -0.000141469 0)
(0.00911453 -0.000318097 0)
(0.00965967 -0.0005223 0)
(0.0104252 -0.00075125 0)
(0.0113973 -0.000984616 0)
(0.0124905 -0.00115387 0)
(0.0134531 -0.00108847 0)
(0.0137376 -0.000441215 0)
(0.0124806 0.00128805 0)
(0.00883641 0.00414539 0)
(0.00263845 0.00560759 0)
(0.000569179 -0.00525051 0)
(0.00361227 -0.00806458 0)
(0.00690565 -0.00714824 0)
(0.00971152 -0.00502383 0)
(0.0116869 -0.00296248 0)
(0.0129086 -0.00146943 0)
(0.0136044 -0.000634502 0)
(0.0140072 -0.000359596 0)
(0.0143006 -0.000490345 0)
(0.0146064 -0.000882596 0)
(0.0149908 -0.00142524 0)
(0.015472 -0.00202991 0)
(0.016019 -0.00259321 0)
(0.0165329 -0.00293106 0)
(0.0168115 -0.0026851 0)
(0.0164978 -0.00122046 0)
(0.0150229 0.00236388 0)
(0.0117843 0.00868407 0)
(0.0067867 0.0162096 0)
(0.00114359 0.0161348 0)
(0.000528456 -0.0091616 0)
(0.00335605 -0.0145628 0)
(0.00634857 -0.0133911 0)
(0.00890655 -0.00990821 0)
(0.0107446 -0.006355 0)
(0.011935 -0.00365182 0)
(0.012668 -0.00199698 0)
(0.013126 -0.00125429 0)
(0.0134426 -0.00117598 0)
(0.0136986 -0.00151434 0)
(0.0139299 -0.00205872 0)
(0.0141323 -0.00262016 0)
(0.0142576 -0.00297354 0)
(0.0141976 -0.00276594 0)
(0.0137606 -0.00141483 0)
(0.0126436 0.00192303 0)
(0.0105787 0.00806622 0)
(0.00743295 0.0170376 0)
(0.00364096 0.0255914 0)
(0.000409721 0.0216897 0)
(0.000456218 -0.0126166 0)
(0.00275444 -0.0200347 0)
(0.00499788 -0.018426 0)
(0.00678572 -0.0136998 0)
(0.00798207 -0.00891547 0)
(0.00871248 -0.005283 0)
(0.00915121 -0.00302552 0)
(0.00942827 -0.00192978 0)
(0.00961617 -0.00165252 0)
(0.00974589 -0.00186449 0)
(0.00982344 -0.00228989 0)
(0.00983617 -0.00267553 0)
(0.00974634 -0.00271108 0)
(0.00947493 -0.00192456 0)
(0.00887797 0.00039471 0)
(0.00779418 0.00510013 0)
(0.0061017 0.0128456 0)
(0.00384647 0.0230549 0)
(0.00149593 0.0312447 0)
(4.45009e-05 0.0241109 0)
(0.000370263 -0.0153631 0)
(0.0019814 -0.0239309 0)
(0.00325978 -0.0216045 0)
(0.00406697 -0.0157839 0)
(0.00445718 -0.010134 0)
(0.00461153 -0.00597645 0)
(0.00467519 -0.00344623 0)
(0.00471546 -0.00220811 0)
(0.00474427 -0.00183275 0)
(0.00475242 -0.00194869 0)
(0.00472914 -0.00226166 0)
(0.00466345 -0.00249514 0)
(0.00453223 -0.00228782 0)
(0.00428395 -0.00108697 0)
(0.00382104 0.00188799 0)
(0.00307131 0.00744934 0)
(0.00201607 0.016041 0)
(0.000817636 0.0265563 0)
(-0.00012191 0.0338013 0)
(-0.000180341 0.0245181 0)
(0.000268129 -0.0172585 0)
(0.00101532 -0.0259507 0)
(0.00113704 -0.0226611 0)
(0.000845906 -0.0160097 0)
(0.000395076 -0.0099533 0)
(-2.12518e-05 -0.00570858 0)
(-0.000329054 -0.00323409 0)
(-0.000540835 -0.00206368 0)
(-0.000694167 -0.00171691 0)
(-0.000819166 -0.00182537 0)
(-0.000932926 -0.00210847 0)
(-0.00104801 -0.00228282 0)
(-0.00118465 -0.00195016 0)
(-0.00137434 -0.000509004 0)
(-0.00165113 0.00282822 0)
(-0.00198133 0.00876854 0)
(-0.00224662 0.017477 0)
(-0.00220577 0.0274563 0)
(-0.00161779 0.0334448 0)
(-0.000363607 0.0232934 0)
(0.000132373 -0.0179733 0)
(-0.000313691 -0.0256221 0)
(-0.00162344 -0.0212249 0)
(-0.00311962 -0.0142091 0)
(-0.0044233 -0.00835382 0)
(-0.00540488 -0.00450511 0)
(-0.00609466 -0.002384 0)
(-0.00657706 -0.00145515 0)
(-0.00692747 -0.00125628 0)
(-0.00719598 -0.00145437 0)
(-0.00741319 -0.00178962 0)
(-0.0076 -0.00197817 0)
(-0.00776871 -0.00161904 0)
(-0.00790593 -0.00014479 0)
(-0.00793344 0.00312245 0)
(-0.00768505 0.00873049 0)
(-0.00692174 0.0166503 0)
(-0.00541077 0.0253417 0)
(-0.0031829 0.0300668 0)
(-0.00057423 0.0204437 0)
(-0.000210346 -0.0168636 0)
(-0.00241692 -0.0221123 0)
(-0.00537537 -0.0168781 0)
(-0.00810415 -0.0102847 0)
(-0.0101646 -0.00533115 0)
(-0.0115689 -0.00235497 0)
(-0.0124874 -0.000892967 0)
(-0.0130926 -0.000406371 0)
(-0.0135131 -0.000488182 0)
(-0.013838 -0.000859003 0)
(-0.0141191 -0.00130056 0)
(-0.0143755 -0.0015722 0)
(-0.0145829 -0.00134421 0)
(-0.0146481 -0.000175655 0)
(-0.014367 0.00243612 0)
(-0.0134626 0.00689944 0)
(-0.0116051 0.013139 0)
(-0.00860287 0.0198967 0)
(-0.00475032 0.0234788 0)
(-0.000795468 0.0159054 0)
(-0.000861445 -0.0128069 0)
(-0.0054333 -0.0145777 0)
(-0.00996131 -0.00950246 0)
(-0.0133628 -0.00456686 0)
(-0.0154232 -0.00141986 0)
(-0.0165113 0.000130646 0)
(-0.0170458 0.000642913 0)
(-0.0173149 0.00057578 0)
(-0.0174975 0.000216842 0)
(-0.0176957 -0.000265633 0)
(-0.0179584 -0.000748767 0)
(-0.0182834 -0.00109899 0)
(-0.0186007 -0.0011316 0)
(-0.0187522 -0.000593558 0)
(-0.0184564 0.00082369 0)
(-0.0173132 0.00341951 0)
(-0.0148959 0.00720686 0)
(-0.0109806 0.0114731 0)
(-0.00599488 0.0139975 0)
(-0.00100728 0.00979836 0)
(-0.00205722 -0.00438737 0)
(-0.00724765 -0.00376839 0)
(-0.0108912 -0.00168443 0)
(-0.0127484 -0.000240581 0)
(-0.0133016 0.00042511 0)
(-0.0131973 0.000600172 0)
(-0.012861 0.00054126 0)
(-0.0125312 0.000392501 0)
(-0.0123237 0.000216849 0)
(-0.0122858 3.57224e-05 0)
(-0.0124291 -0.000141134 0)
(-0.0127342 -0.000300501 0)
(-0.0131427 -0.000416925 0)
(-0.0135306 -0.000442739 0)
(-0.0136807 -0.000296597 0)
(-0.0132697 0.000148784 0)
(-0.0118732 0.000994691 0)
(-0.00915624 0.00218553 0)
(-0.00533329 0.00322013 0)
(-0.00125981 0.00270419 0)
)
;

boundaryField
{
    leftWall
    {
        type            fixedValue;
        value           uniform (0 0 0);
    }
    rightWall
    {
        type            fixedValue;
        value           uniform (0 0 0);
    }
    topWall
    {
        type            fixedValue;
        value           uniform (0 0 0);
    }
    bottomWall
    {
        type            fixedValue;
        value           uniform (0 0 0);
    }
    frontAndBackPlanes
    {
        type            empty;
    }
}


// ************************************************************************* //
