/*--------------------------------*- C++ -*----------------------------------*\
| =========                 |                                                 |
| \\      /  F ield         | OpenFOAM: The Open Source CFD Toolbox           |
|  \\    /   O peration     | Version:  2506                                  |
|   \\  /    A nd           | Website:  www.openfoam.com                      |
|    \\/     M anipulation  |                                                 |
\*---------------------------------------------------------------------------*/
FoamFile
{
    version     2.0;
    format      ascii;
    arch        "LSB;label=32;scalar=64";
    class       surfaceScalarField;
    location    "48.8";
    object      phi;
}
// * * * * * * * * * * * * * * * * * * * * * * * * * * * * * * * * * * * * * //

dimensions      [1 0 -1 0 0 0 0];

oriented        oriented;

internalField   nonuniform List<scalar> 
370
(
9.53618e-06
-9.3094e-05
0.000189976
-0.000180402
0.000404081
-0.000214048
0.000618145
-0.000213993
0.000814285
-0.000196059
0.00098985
-0.000175479
0.00115202
-0.000162075
0.00131293
-0.000160826
0.00148671
-0.000173677
0.00168758
-0.000200771
0.00192847
-0.000240785
0.00221883
-0.000290253
0.00256018
-0.000341236
0.00293803
-0.000377735
0.0033081
-0.000369956
0.00357248
-0.000264263
0.00353383
3.87628e-05
0.00296894
0.000565006
0.00163796
0.00133109
0.00163803
0.000159893
-0.000252957
0.000509297
-0.000529722
0.00092654
-0.000631163
0.00133855
-0.000625853
0.00171372
-0.000571054
0.00204586
-0.000507446
0.00234315
-0.00045919
0.00262025
-0.000437738
0.00289292
-0.000446169
0.00317445
-0.000482104
0.00347235
-0.000538489
0.00378422
-0.000601915
0.00409145
-0.000648253
0.00434971
-0.000635783
0.00447662
-0.000496664
0.00434358
-0.000131018
0.00379912
0.000583423
0.00267097
0.00169336
0.00110066
0.00290158
0.00273879
0.000233918
-0.000486815
0.00068266
-0.000978294
0.00118634
-0.0011346
0.00165882
-0.00109804
0.00206769
-0.000979613
0.00241115
-0.000850588
0.0027014
-0.000749123
0.00295457
-0.000690592
0.00318514
-0.000676424
0.00340288
-0.000699523
0.00361044
-0.000745714
0.00380001
-0.000791141
0.00394798
-0.000795887
0.00400778
-0.000695238
0.00390415
-0.0003927
0.00353806
0.000235384
0.0028286
0.00129318
0.00178078
0.00274147
0.0006347
0.00404792
0.00337362
0.000267931
-0.000754649
0.000747809
-0.0014579
0.00124728
-0.00163368
0.00167896
-0.00152928
0.00202026
-0.00132045
0.00228045
-0.00111032
0.00247949
-0.000947715
0.00263699
-0.000847647
0.00276772
-0.00080671
0.00288045
-0.000811799
0.00297741
-0.00084221
0.00305251
-0.00086578
0.00308733
-0.000830232
0.00304544
-0.000652882
0.00286987
-0.000216685
0.00249343
0.000612243
0.00188112
0.00190588
0.00108712
0.00353585
0.000331532
0.00480383
0.00370531
0.000271296
-0.00102581
0.000710944
-0.00189718
0.00112016
-0.00204239
0.00142738
-0.00183593
0.00163008
-0.00152258
0.0017529
-0.00123258
0.00182377
-0.00101803
0.0018643
-0.000887631
0.00188823
-0.0008301
0.00190296
-0.000825971
0.00191076
-0.000849448
0.00190813
-0.000862559
0.00188272
-0.000804226
0.00180946
-0.000579031
0.00164908
-5.57479e-05
0.00135982
0.000902019
0.000935039
0.00233116
0.000451312
0.00402003
8.28687e-05
0.00517265
0.00378835
0.000230405
-0.00125605
0.000539076
-0.0022054
0.00075971
-0.00226241
0.000860422
-0.00193598
0.000867888
-0.0015294
0.000821103
-0.00118517
0.000750053
-0.000946376
0.000672453
-0.000809426
0.000597021
-0.000754054
0.000527305
-0.000755617
0.000463333
-0.000784811
0.000400909
-0.00079944
0.000330054
-0.000732657
0.000235445
-0.00048371
0.000102223
7.81485e-05
-6.22316e-05
0.00106711
-0.00021998
0.00248949
-0.000291554
0.00409213
-0.00019602
0.00507751
0.00359249
0.000117238
-0.00137308
0.000163418
-0.00225106
7.33065e-05
-0.00217162
-0.000114194
-0.00174778
-0.000344052
-0.00129886
-0.00057679
-0.00095178
-0.000793133
-0.000729395
-0.000987439
-0.000614474
-0.00116051
-0.000580314
-0.00131551
-0.000599928
-0.00145668
-0.000642913
-0.00158885
-0.000666515
-0.00171473
-0.000606016
-0.00182745
-0.000370221
-0.00189647
0.000147923
-0.00185722
0.00102856
-0.00163242
0.00226532
-0.00116663
0.00362687
-0.000509303
0.00442058
0.00308335
-0.00011794
-0.00125491
-0.000493976
-0.00187443
-0.00100373
-0.00166115
-0.00152413
-0.00122666
-0.00199007
-0.000832249
-0.00238494
-0.000556264
-0.00271607
-0.000397631
-0.00299906
-0.000330838
-0.00324981
-0.000328911
-0.00348111
-0.000367965
-0.00370052
-0.000422819
-0.00390647
-0.000459865
-0.00408081
-0.000430977
-0.00417842
-0.000271896
-0.00412011
9.0318e-05
-0.00380125
0.000710365
-0.00312988
0.00159455
-0.00208448
0.00258199
-0.00084041
0.00317688
0.00224309
-0.000483448
-0.000771181
-0.00138141
-0.000975817
-0.00228797
-0.000753837
-0.00303144
-0.000482475
-0.00358826
-0.000274779
-0.00399549
-0.00014844
-0.00430411
-8.84378e-05
-0.0045598
-7.45989e-05
-0.00479698
-9.11824e-05
-0.00503786
-0.000126531
-0.00529085
-0.000169287
-0.00554524
-0.000204926
-0.0057626
-0.000213063
-0.00586791
-0.000166032
-0.00575082
-2.62154e-05
-0.00527111
0.000231197
-0.00430792
0.000631857
-0.00284167
0.00111617
-0.00112396
0.00145949
0.00111926
-0.000770863
-0.00174598
-0.00249902
-0.00298076
-0.00325489
-0.00340276
-0.00349069
-0.00356483
-0.00365557
-0.00378169
-0.00395057
-0.0041551
-0.00436778
-0.00453344
-0.00455928
-0.00432773
-0.00369553
-0.00257907
-0.00111936
)
;

boundaryField
{
    leftWall
    {
        type            calculated;
        value           nonuniform List<scalar> 10(0 0 0 0 -5.42101e-20 0 0 2.1684e-19 0 0);
    }
    rightWall
    {
        type            calculated;
        value           uniform 0;
    }
    topWall
    {
        type            calculated;
        value           uniform 0;
    }
    bottomWall
    {
        type            calculated;
        value           uniform 0;
    }
    frontAndBackPlanes
    {
        type            empty;
    }
}


// ************************************************************************* //
