/*--------------------------------*- C++ -*----------------------------------*\
| =========                 |                                                 |
| \\      /  F ield         | OpenFOAM: The Open Source CFD Toolbox           |
|  \\    /   O peration     | Version:  2506                                  |
|   \\  /    A nd           | Website:  www.openfoam.com                      |
|    \\/     M anipulation  |                                                 |
\*---------------------------------------------------------------------------*/
FoamFile
{
    version     2.0;
    format      ascii;
    arch        "LSB;label=32;scalar=64";
    class       surfaceScalarField;
    location    "99.4";
    object      phi;
}
// * * * * * * * * * * * * * * * * * * * * * * * * * * * * * * * * * * * * * //

dimensions      [1 0 -1 0 0 0 0];

oriented        oriented;

internalField   nonuniform List<scalar> 
370
(
0.000246373
-0.000291322
0.000688856
-0.000442408
0.00108405
-0.000395085
0.00136793
-0.000283747
0.0015443
-0.000176216
0.00164477
-0.000100307
0.00170613
-6.11809e-05
0.00175996
-5.3651e-05
0.00182994
-6.9789e-05
0.00193255
-0.000102409
0.00207894
-0.000146183
0.00227603
-0.00019688
0.0025251
-0.000248857
0.00281534
-0.000290015
0.00310969
-0.00029412
0.00331903
-0.000209114
0.00326274
5.65242e-05
0.00272434
0.000538631
0.0014882
0.00123635
0.00148831
0.000382286
-0.000673568
0.00103719
-0.0010972
0.00167616
-0.00103391
0.00218371
-0.000791122
0.00254399
-0.000536298
0.00278586
-0.000341977
0.00295135
-0.000226469
0.00307972
-0.000181816
0.00320087
-0.000190727
0.00333403
-0.000235353
0.00348831
-0.00030024
0.00366243
-0.000370785
0.0038415
-0.000427696
0.00398934
-0.000437615
0.00403631
-0.00034085
0.00387052
-4.30906e-05
0.00335208
0.00057521
0.00233413
0.00155682
0.00094805
0.00262264
0.00243647
0.000390913
-0.00106443
0.00103727
-0.00174342
0.00166268
-0.00165912
0.00216148
-0.0012897
0.0025212
-0.000895767
0.00276845
-0.000588981
0.00293912
-0.000396899
0.00306461
-0.000307057
0.00316711
-0.000292973
0.00325919
-0.000327181
0.00334445
-0.00038525
0.00341704
-0.000443125
0.00345859
-0.000468992
0.00343261
-0.00041137
0.00327971
-0.000187693
0.00292008
0.00031681
0.00229459
0.00120097
0.00141208
0.00243959
0.000481854
0.00355308
0.00291842
0.000352055
-0.00141642
0.000900464
-0.00229166
0.00139847
-0.0021569
0.00177073
-0.00166169
0.00202327
-0.00114803
0.00218807
-0.000753498
0.00229665
-0.000505198
0.00237126
-0.000381383
0.00242452
-0.000345959
0.00246197
-0.000364355
0.00248405
-0.000407056
0.00248584
-0.000444637
0.00245394
-0.000436812
0.0023617
-0.000318849
0.0021687
5.59424e-06
0.00183154
0.000654261
0.00133292
0.00169987
0.000725695
0.00304707
0.000190346
0.00408865
0.00310886
0.000286739
-0.0017031
0.00067827
-0.00268301
0.00098213
-0.0024605
0.00116911
-0.00184838
0.00126979
-0.00124841
0.00132106
-0.000804469
0.00134755
-0.000531393
0.0013607
-0.000394237
0.00136385
-0.000348819
0.00135724
-0.000357463
0.00134026
-0.000389789
0.00131028
-0.000414375
0.00125896
-0.000385193
0.0011687
-0.000228303
0.00101271
0.000161886
0.000775181
0.000892095
0.000465034
0.00201032
0.000154541
0.00335784
-2.39675e-05
0.00426738
0.00308498
0.00019025
-0.00189327
0.000360687
-0.00285325
0.000411224
-0.00251077
0.000374948
-0.0018118
0.000304951
-0.00117811
0.000234287
-0.000733505
0.000174024
-0.000470836
0.000123044
-0.000342968
7.71103e-05
-0.000302599
3.32999e-05
-0.000313368
-1.0033e-05
-0.000346171
-5.58328e-05
-0.00036829
-0.000110754
-0.000329983
-0.00018431
-0.00015445
-0.000280867
0.000258749
-0.000387736
0.000999273
-0.000462104
0.00208499
-0.000429989
0.003326
-0.000237354
0.00407495
0.00284771
2.87e-05
-0.00192189
-0.000111788
-0.00271254
-0.000378453
-0.00224383
-0.00066933
-0.00152063
-0.000922249
-0.000924896
-0.00112045
-0.000535018
-0.00127145
-0.00031955
-0.00138906
-0.000225081
-0.00148459
-0.000206784
-0.00156531
-0.000232369
-0.00163612
-0.000275091
-0.00170104
-0.00030309
-0.00176155
-0.000269187
-0.00181026
-0.000105459
-0.00181885
0.000267632
-0.00173854
0.000919264
-0.00150334
0.00185007
-0.00106075
0.00288366
-0.000456296
0.00347069
0.00239149
-0.000237446
-0.00168435
-0.000809715
-0.00214005
-0.00145017
-0.00160309
-0.00199974
-0.000970773
-0.00241449
-0.000509857
-0.00270983
-0.000239402
-0.00291963
-0.00010948
-0.00307406
-7.0389e-05
-0.00319571
-8.48645e-05
-0.00330016
-0.000127663
-0.00339553
-0.000179467
-0.00348179
-0.00021657
-0.00354582
-0.000204899
-0.00355354
-9.74822e-05
-0.00344576
0.000160111
-0.00314354
0.000617302
-0.00257053
0.00127731
-0.00170382
0.00201717
-0.000683472
0.00245051
0.00170809
-0.000650583
-0.00103367
-0.00172589
-0.00106451
-0.00267021
-0.000658486
-0.00333069
-0.000310018
-0.00374102
-9.92429e-05
-0.00397653
-3.62613e-06
-0.00412112
3.53644e-05
-0.00421972
2.84553e-05
-0.00430341
-9.38994e-07
-0.00439538
-3.54644e-05
-0.00450018
-7.44432e-05
-0.00461043
-0.000106108
-0.00469857
-0.000116549
-0.00470988
-8.59604e-05
-0.00456398
1.44096e-05
-0.00414953
0.000203047
-0.00337246
0.000500425
-0.0022143
0.000859188
-0.000871489
0.00110782
0.000836651
-0.00103356
-0.00209784
-0.00275605
-0.00306579
-0.00316477
-0.00316814
-0.00313254
-0.00310386
-0.00310458
-0.00313984
-0.0032141
-0.00332002
-0.0034364
-0.00352221
-0.00350765
-0.00330446
-0.0028039
-0.0019446
-0.000836689
)
;

boundaryField
{
    leftWall
    {
        type            calculated;
        value           nonuniform List<scalar> 10(0 0 0 -1.0842e-19 0 0 0 0 0 0);
    }
    rightWall
    {
        type            calculated;
        value           uniform 0;
    }
    topWall
    {
        type            calculated;
        value           uniform 0;
    }
    bottomWall
    {
        type            calculated;
        value           uniform 0;
    }
    frontAndBackPlanes
    {
        type            empty;
    }
}


// ************************************************************************* //
