/*--------------------------------*- C++ -*----------------------------------*\
| =========                 |                                                 |
| \\      /  F ield         | OpenFOAM: The Open Source CFD Toolbox           |
|  \\    /   O peration     | Version:  2506                                  |
|   \\  /    A nd           | Website:  www.openfoam.com                      |
|    \\/     M anipulation  |                                                 |
\*---------------------------------------------------------------------------*/
FoamFile
{
    version     2.0;
    format      ascii;
    arch        "LSB;label=32;scalar=64";
    class       volVectorField;
    location    "99.4";
    object      U;
}
// * * * * * * * * * * * * * * * * * * * * * * * * * * * * * * * * * * * * * //

dimensions      [0 1 -1 0 0 0 0];

internalField   nonuniform List<vector> 
200
(
(0.000339032 -0.000974297 0)
(0.00193152 -0.00126973 0)
(0.00371417 -0.000961159 0)
(0.00519013 -0.000552581 0)
(0.00615182 -0.00023278 0)
(0.00670468 -4.80715e-05 0)
(0.00701285 1.29161e-05 0)
(0.00722795 -1.88696e-05 0)
(0.00746741 -0.000113477 0)
(0.00781453 -0.000250995 0)
(0.00832623 -0.000423062 0)
(0.0090411 -0.000628922 0)
(0.009981 -0.000865918 0)
(0.0111374 -0.00111217 0)
(0.0124281 -0.00129624 0)
(0.0135973 -0.00124323 0)
(0.0140658 -0.00059021 0)
(0.0129268 0.00121229 0)
(0.00925839 0.00425447 0)
(0.00279181 0.00592212 0)
(0.000447461 -0.00399057 0)
(0.00292846 -0.00634227 0)
(0.00570979 -0.00584179 0)
(0.00816379 -0.00434257 0)
(0.00998446 -0.00282333 0)
(0.011214 -0.00170539 0)
(0.0120258 -0.00108729 0)
(0.0126044 -0.000912788 0)
(0.0130997 -0.00107422 0)
(0.0136155 -0.00146644 0)
(0.0142109 -0.00200484 0)
(0.0149038 -0.00261532 0)
(0.0156653 -0.00319802 0)
(0.016397 -0.00356244 0)
(0.016891 -0.00333326 0)
(0.016776 -0.00184419 0)
(0.015454 0.00187548 0)
(0.0122566 0.00854545 0)
(0.00713758 0.0166619 0)
(0.00121891 0.0169947 0)
(0.000457224 -0.0072841 0)
(0.0029613 -0.0119535 0)
(0.00568794 -0.0113913 0)
(0.00809027 -0.00884873 0)
(0.00989254 -0.00612336 0)
(0.0111368 -0.00400291 0)
(0.0119768 -0.00269456 0)
(0.0125668 -0.00212249 0)
(0.0130234 -0.00210688 0)
(0.0134199 -0.00245653 0)
(0.01379 -0.0030001 0)
(0.0141305 -0.00357004 0)
(0.0143947 -0.00394576 0)
(0.0144742 -0.00376163 0)
(0.0141715 -0.00240059 0)
(0.0131634 0.00105543 0)
(0.0111289 0.00752946 0)
(0.00791011 0.0171066 0)
(0.00393465 0.026481 0)
(0.000459305 0.0229221 0)
(0.000424056 -0.0104372 0)
(0.00262937 -0.0170843 0)
(0.00486633 -0.0162596 0)
(0.00671942 -0.0126612 0)
(0.0080238 -0.00883161 0)
(0.00887197 -0.00584317 0)
(0.00941639 -0.00394802 0)
(0.00977917 -0.00301578 0)
(0.0100346 -0.00278713 0)
(0.0102193 -0.00299809 0)
(0.0103449 -0.00341564 0)
(0.0104032 -0.00380848 0)
(0.0103591 -0.00386779 0)
(0.0101328 -0.00309892 0)
(0.00958184 -0.000734494 0)
(0.00849309 0.00420149 0)
(0.00673756 0.0124438 0)
(0.00433332 0.0234608 0)
(0.00175986 0.0326023 0)
(8.27237e-05 0.0256499 0)
(0.00037092 -0.0131488 0)
(0.00207499 -0.0211118 0)
(0.00354849 -0.0197231 0)
(0.00457951 -0.0150901 0)
(0.00516489 -0.0103683 0)
(0.0054582 -0.00678019 0)
(0.00560147 -0.00452864 0)
(0.00567381 -0.00338568 0)
(0.00570358 -0.00301281 0)
(0.00569524 -0.00310091 0)
(0.00564718 -0.00339311 0)
(0.0055543 -0.00363052 0)
(0.00539682 -0.00344748 0)
(0.0051217 -0.00225506 0)
(0.00461989 0.000810397 0)
(0.00380062 0.00668672 0)
(0.00262754 0.0159082 0)
(0.00124538 0.0273775 0)
(6.88056e-05 0.0356261 0)
(-0.00017002 0.026313 0)
(0.000289153 -0.0152068 0)
(0.00125658 -0.0235973 0)
(0.001696 -0.0213423 0)
(0.00169432 -0.0158118 0)
(0.00144285 -0.0105381 0)
(0.00112923 -0.00670918 0)
(0.000848063 -0.00438485 0)
(0.000615741 -0.00322136 0)
(0.000415632 -0.00282625 0)
(0.00023023 -0.002882 0)
(5.02241e-05 -0.00313597 0)
(-0.000132782 -0.00331572 0)
(-0.000338388 -0.00300991 0)
(-0.000602445 -0.00156659 0)
(-0.000972198 0.00190436 0)
(-0.00142319 0.00823941 0)
(-0.00183787 0.0176854 0)
(-0.00196687 0.0286986 0)
(-0.00153879 0.0356433 0)
(-0.000365931 0.0252404 0)
(0.000157601 -0.0162223 0)
(-5.0787e-06 -0.0239109 0)
(-0.000965593 -0.0205673 0)
(-0.00220388 -0.0144841 0)
(-0.00337207 -0.00918081 0)
(-0.0043198 -0.00556532 0)
(-0.00504149 -0.00348178 0)
(-0.00559181 -0.00249924 0)
(-0.00602818 -0.00222137 0)
(-0.00639045 -0.00235322 0)
(-0.00670381 -0.00265389 0)
(-0.00698843 -0.00284092 0)
(-0.00726071 -0.00248999 0)
(-0.0075142 -0.000975514 0)
(-0.00767906 0.00247527 0)
(-0.00757309 0.00851142 0)
(-0.00693439 0.0171669 0)
(-0.00550246 0.026835 0)
(-0.00328682 0.0323904 0)
(-0.000604748 0.0223567 0)
(-0.000158108 -0.0154748 0)
(-0.00206495 -0.0210363 0)
(-0.00475232 -0.0167535 0)
(-0.00732842 -0.0108556 0)
(-0.00936192 -0.00623599 0)
(-0.0108259 -0.00334521 0)
(-0.0118523 -0.00183245 0)
(-0.0125886 -0.00124627 0)
(-0.0131483 -0.00122857 0)
(-0.0136111 -0.00152571 0)
(-0.0140276 -0.00192991 0)
(-0.0144186 -0.00219146 0)
(-0.0147644 -0.00195164 0)
(-0.0149739 -0.000717457 0)
(-0.0148345 0.00208325 0)
(-0.0140314 0.00692475 0)
(-0.012202 0.0137806 0)
(-0.00912161 0.0213328 0)
(-0.00508335 0.0255569 0)
(-0.000863045 0.0175535 0)
(-0.00077788 -0.0118424 0)
(-0.00502264 -0.0140674 0)
(-0.00938228 -0.00971204 0)
(-0.0128 -0.00518926 0)
(-0.0150101 -0.00216464 0)
(-0.0162972 -0.000571857 0)
(-0.017034 4.12439e-05 0)
(-0.0175016 8.01799e-05 0)
(-0.0178616 -0.000193419 0)
(-0.0182198 -0.000621194 0)
(-0.0186356 -0.00107863 0)
(-0.0191083 -0.00142254 0)
(-0.0195711 -0.00144758 0)
(-0.0198605 -0.000868464 0)
(-0.0196769 0.00066395 0)
(-0.0185733 0.00349197 0)
(-0.0160775 0.00766853 0)
(-0.0119264 0.0124486 0)
(-0.00655969 0.0153978 0)
(-0.00111447 0.0109197 0)
(-0.00188877 -0.00403745 0)
(-0.00677346 -0.00365498 0)
(-0.0103995 -0.00180252 0)
(-0.012425 -0.000446976 0)
(-0.0132111 0.000225931 0)
(-0.0133471 0.000450116 0)
(-0.0132275 0.000432804 0)
(-0.013065 0.000315992 0)
(-0.012991 0.000162017 0)
(-0.0130631 -1.00944e-05 0)
(-0.0132991 -0.000185644 0)
(-0.013695 -0.00035006 0)
(-0.0141973 -0.000475079 0)
(-0.0146786 -0.00050694 0)
(-0.0149038 -0.000354026 0)
(-0.0145221 0.000127898 0)
(-0.0130616 0.00106394 0)
(-0.0101334 0.00240422 0)
(-0.00594722 0.0035939 0)
(-0.00142049 0.00305236 0)
)
;

boundaryField
{
    leftWall
    {
        type            fixedValue;
        value           uniform (0 0 0);
    }
    rightWall
    {
        type            fixedValue;
        value           uniform (0 0 0);
    }
    topWall
    {
        type            fixedValue;
        value           uniform (0 0 0);
    }
    bottomWall
    {
        type            fixedValue;
        value           uniform (0 0 0);
    }
    frontAndBackPlanes
    {
        type            empty;
    }
}


// ************************************************************************* //
