/*--------------------------------*- C++ -*----------------------------------*\
| =========                 |                                                 |
| \\      /  F ield         | OpenFOAM: The Open Source CFD Toolbox           |
|  \\    /   O peration     | Version:  2506                                  |
|   \\  /    A nd           | Website:  www.openfoam.com                      |
|    \\/     M anipulation  |                                                 |
\*---------------------------------------------------------------------------*/
FoamFile
{
    version     2.0;
    format      ascii;
    arch        "LSB;label=32;scalar=64";
    class       volVectorField;
    location    "102.4";
    object      U;
}
// * * * * * * * * * * * * * * * * * * * * * * * * * * * * * * * * * * * * * //

dimensions      [0 1 -1 0 0 0 0];

internalField   nonuniform List<vector> 
200
(
(0.000361548 -0.00101282 0)
(0.00201298 -0.00131451 0)
(0.00384433 -0.000989897 0)
(0.00534997 -0.000562602 0)
(0.00632125 -0.000229307 0)
(0.00686838 -3.71986e-05 0)
(0.00716194 2.66163e-05 0)
(0.00735846 -5.06249e-06 0)
(0.00757839 -0.000100729 0)
(0.00790643 -0.000239403 0)
(0.00839979 -0.000412137 0)
(0.00909668 -0.00061795 0)
(0.0100183 -0.000854217 0)
(0.0111557 -0.00109933 0)
(0.0124264 -0.00128226 0)
(0.0135756 -0.00122864 0)
(0.0140271 -0.000576639 0)
(0.0128782 0.00121837 0)
(0.0092142 0.00424233 0)
(0.0027761 0.00589001 0)
(0.000460517 -0.00412401 0)
(0.00300183 -0.00652413 0)
(0.00583786 -0.00597799 0)
(0.00832887 -0.00441074 0)
(0.0101649 -0.00283285 0)
(0.0113922 -0.00167484 0)
(0.01219 -0.00103423 0)
(0.0127483 -0.000850065 0)
(0.0132207 -0.00100939 0)
(0.0137129 -0.00140269 0)
(0.0142847 -0.00194245 0)
(0.0149543 -0.00255309 0)
(0.0156924 -0.00313459 0)
(0.0164007 -0.00349746 0)
(0.0168721 -0.00326842 0)
(0.0167375 -0.00178444 0)
(0.0154013 0.00191929 0)
(0.0122019 0.00855257 0)
(0.00709812 0.0166099 0)
(0.00121053 0.0169044 0)
(0.000465027 -0.0074845 0)
(0.00300474 -0.0122315 0)
(0.00576071 -0.0116025 0)
(0.00818017 -0.00895721 0)
(0.00998623 -0.00614159 0)
(0.0112242 -0.00395803 0)
(0.012052 -0.00261278 0)
(0.0126269 -0.00202331 0)
(0.0130674 -0.00200218 0)
(0.0134477 -0.00235186 0)
(0.0138018 -0.00289662 0)
(0.0141264 -0.00346673 0)
(0.0143748 -0.00384142 0)
(0.0144387 -0.00365685 0)
(0.0141212 -0.00229982 0)
(0.013101 0.00114027 0)
(0.0110638 0.00757574 0)
(0.00785427 0.0170876 0)
(0.00390045 0.0263781 0)
(0.000453464 0.0227889 0)
(0.000427773 -0.0106717 0)
(0.00264442 -0.0174014 0)
(0.00488328 -0.0164908 0)
(0.00673019 -0.0127687 0)
(0.00802338 -0.00883442 0)
(0.00885893 -0.00577548 0)
(0.00939172 -0.00384108 0)
(0.00974481 -0.00289177 0)
(0.00999242 -0.00265886 0)
(0.0101705 -0.00287104 0)
(0.0102903 -0.00329054 0)
(0.010343 -0.00368374 0)
(0.0102933 -0.00374202 0)
(0.0100614 -0.00297376 0)
(0.00950395 -0.000618025 0)
(0.00841428 0.00428889 0)
(0.00666531 0.0124738 0)
(0.00427768 0.0234028 0)
(0.00172942 0.0324454 0)
(7.82514e-05 0.0254808 0)
(0.000371163 -0.0133889 0)
(0.00206658 -0.0214175 0)
(0.00352002 -0.0199257 0)
(0.00452746 -0.0151618 0)
(0.00509203 -0.0103375 0)
(0.00537041 -0.00668622 0)
(0.00550502 -0.00440401 0)
(0.00557374 -0.00325113 0)
(0.00560321 -0.00287887 0)
(0.00559644 -0.00297101 0)
(0.00555085 -0.00326653 0)
(0.00546067 -0.00350445 0)
(0.00530555 -0.00331989 0)
(0.0050326 -0.00212842 0)
(0.00453441 0.000923996 0)
(0.0037219 0.00676152 0)
(0.00256052 0.01591 0)
(0.0011978 0.0272741 0)
(4.75824e-05 0.0354171 0)
(-0.000170887 0.026114 0)
(0.000287207 -0.0154314 0)
(0.00123183 -0.0238545 0)
(0.00163726 -0.0214851 0)
(0.00160424 -0.0158301 0)
(0.0013311 -0.0104693 0)
(0.00100635 -0.00659417 0)
(0.000722365 -0.00425297 0)
(0.00049258 -0.00308893 0)
(0.000297953 -0.00269986 0)
(0.00011941 -0.00276234 0)
(-5.32464e-05 -0.00302063 0)
(-0.000228752 -0.00320042 0)
(-0.000426984 -0.00289231 0)
(-0.000683099 -0.00145032 0)
(-0.00104292 0.00200373 0)
(-0.00148124 0.00829134 0)
(-0.00188066 0.0176523 0)
(-0.00199229 0.0285509 0)
(-0.00154738 0.0353936 0)
(-0.000365645 0.0250238 0)
(0.00015578 -0.0164154 0)
(-3.73049e-05 -0.0240998 0)
(-0.00103673 -0.0206382 0)
(-0.00230329 -0.0144503 0)
(-0.0034863 -0.00908511 0)
(-0.00443746 -0.00544385 0)
(-0.00515506 -0.00335656 0)
(-0.00569714 -0.00238062 0)
(-0.00612329 -0.00211207 0)
(-0.00647464 -0.00225175 0)
(-0.00677707 -0.00255673 0)
(-0.00705079 -0.00274435 0)
(-0.00731163 -0.00239306 0)
(-0.00755227 -0.00088405 0)
(-0.00770208 0.00254455 0)
(-0.00758094 0.00853063 0)
(-0.00692966 0.0171024 0)
(-0.00549056 0.0266623 0)
(-0.00327483 0.0321285 0)
(-0.000601358 0.022144 0)
(-0.000163634 -0.0156289 0)
(-0.00210327 -0.0211557 0)
(-0.00482071 -0.0167656 0)
(-0.0074136 -0.0107895 0)
(-0.00944973 -0.00613285 0)
(-0.0109064 -0.00323339 0)
(-0.0119199 -0.00172668 0)
(-0.012641 -0.00115198 0)
(-0.0131848 -0.00114551 0)
(-0.0136318 -0.00145097 0)
(-0.0140329 -0.00185941 0)
(-0.0144087 -0.0021222 0)
(-0.014739 -0.00188405 0)
(-0.0149326 -0.000657898 0)
(-0.0147778 0.00212057 0)
(-0.0139641 0.00691862 0)
(-0.0121328 0.0137051 0)
(-0.00906246 0.0211694 0)
(-0.00504596 0.0253241 0)
(-0.00085554 0.0173706 0)
(-0.000787106 -0.01195 0)
(-0.00506816 -0.0141239 0)
(-0.00944648 -0.00968709 0)
(-0.0128623 -0.00511764 0)
(-0.0150555 -0.00207948 0)
(-0.0163192 -0.000491905 0)
(-0.0170321 0.000108921 0)
(-0.0174776 0.00013526 0)
(-0.0178182 -0.000148281 0)
(-0.0181586 -0.000582061 0)
(-0.018557 -0.00104217 0)
(-0.019013 -0.00138665 0)
(-0.0194595 -0.00141257 0)
(-0.0197336 -0.0008383 0)
(-0.0195378 0.000680816 0)
(-0.0184305 0.00348245 0)
(-0.0159443 0.00761541 0)
(-0.0118205 0.0123387 0)
(-0.00649682 0.0152417 0)
(-0.00110259 0.0107955 0)
(-0.00190757 -0.00407652 0)
(-0.00682637 -0.00366745 0)
(-0.010454 -0.00178866 0)
(-0.0124597 -0.00042292 0)
(-0.0132189 0.000249553 0)
(-0.0133286 0.000468537 0)
(-0.0131858 0.000445443 0)
(-0.0130044 0.000324233 0)
(-0.012915 0.000167482 0)
(-0.0129747 -5.455e-06 0)
(-0.0132006 -0.000180958 0)
(-0.0135866 -0.000344666 0)
(-0.0140785 -0.000468619 0)
(-0.0145495 -0.000499743 0)
(-0.0147666 -0.000347583 0)
(-0.0143819 0.000130183 0)
(-0.012929 0.00105609 0)
(-0.0100248 0.00237973 0)
(-0.00587917 0.00355232 0)
(-0.00140273 0.0030138 0)
)
;

boundaryField
{
    leftWall
    {
        type            fixedValue;
        value           uniform (0 0 0);
    }
    rightWall
    {
        type            fixedValue;
        value           uniform (0 0 0);
    }
    topWall
    {
        type            fixedValue;
        value           uniform (0 0 0);
    }
    bottomWall
    {
        type            fixedValue;
        value           uniform (0 0 0);
    }
    frontAndBackPlanes
    {
        type            empty;
    }
}


// ************************************************************************* //
