/*--------------------------------*- C++ -*----------------------------------*\
| =========                 |                                                 |
| \\      /  F ield         | OpenFOAM: The Open Source CFD Toolbox           |
|  \\    /   O peration     | Version:  2506                                  |
|   \\  /    A nd           | Website:  www.openfoam.com                      |
|    \\/     M anipulation  |                                                 |
\*---------------------------------------------------------------------------*/
FoamFile
{
    version     2.0;
    format      ascii;
    arch        "LSB;label=32;scalar=64";
    class       surfaceScalarField;
    location    "7.8";
    object      phi;
}
// * * * * * * * * * * * * * * * * * * * * * * * * * * * * * * * * * * * * * //

dimensions      [1 0 -1 0 0 0 0];

oriented        oriented;

internalField   nonuniform List<scalar> 
370
(
-0.000100906
-3.25361e-05
-4.716e-05
-5.37572e-05
2.18999e-05
-6.90791e-05
0.000110475
-8.85989e-05
0.00021714
-0.000106691
0.000342075
-0.000124963
0.000487565
-0.000145519
0.000657484
-0.000169948
0.000856919
-0.000199465
0.00109175
-0.000234862
0.00136783
-0.000276112
0.00168934
-0.000321536
0.00205559
-0.00036628
0.00245474
-0.00039917
0.00285172
-0.000396972
0.00316663
-0.000314799
0.00322736
-6.03733e-05
0.0027988
0.000429377
0.00160527
0.00119483
0.00160629
-7.48199e-06
-2.50439e-05
3.10572e-05
-9.22805e-05
0.000118489
-0.000156504
0.000245124
-0.000215237
0.000406642
-0.000268218
0.000600769
-0.000319102
0.00082738
-0.000372143
0.001088
-0.00043058
0.00138472
-0.000496208
0.00171876
-0.000568915
0.00208822
-0.000645589
0.00248472
-0.000718052
0.00288799
-0.000769555
0.0032579
-0.000769092
0.00352361
-0.000662646
0.0035709
-0.000361963
0.0032529
0.000257997
0.00238296
0.00130015
0.00102215
0.00255699
0.00262946
4.24332e-06
-2.92615e-05
4.32738e-05
-0.000131266
0.000125446
-0.000238644
0.000245852
-0.000335629
0.000399384
-0.000421749
0.000582887
-0.000502609
0.000794883
-0.000584145
0.00103473
-0.000670433
0.00130142
-0.000762903
0.00159196
-0.000859465
0.00189918
-0.000952816
0.00220861
-0.00102749
0.00249433
-0.00105528
0.00271392
-0.000988671
0.00280387
-0.000752547
0.00267999
-0.000237894
0.00225417
0.000684332
0.00149586
0.00205962
0.000567303
0.00348729
0.00319802
-8.8705e-07
-2.83338e-05
2.32118e-05
-0.000155292
7.94881e-05
-0.000294867
0.000165522
-0.000421638
0.000276953
-0.000533173
0.000410632
-0.000636288
0.000564782
-0.000738297
0.000738308
-0.000843962
0.000929754
-0.000954353
0.00113595
-0.00106567
0.00135023
-0.0011671
0.00156007
-0.00123734
0.00174425
-0.00123946
0.00187
-0.00111441
0.00189198
-0.000774454
0.00175685
-0.000102501
0.0014211
0.0010208
0.000892694
0.00258958
0.000309806
0.00407249
0.00350943
-1.19778e-05
-1.63015e-05
-1.40317e-05
-0.000153141
3.73199e-06
-0.000312559
4.05599e-05
-0.000458431
9.3275e-05
-0.000585875
0.00015929
-0.000702299
0.000237509
-0.000816516
0.000327966
-0.000934419
0.000431048
-0.00105744
0.000546478
-0.0011811
0.000671922
-0.00129254
0.000801078
-0.00136649
0.000921217
-0.00135959
0.00101059
-0.00120376
0.00103806
-0.00080182
0.000968198
-3.22959e-05
0.000774855
0.00121509
0.000470879
0.00289557
0.000150532
0.00439577
0.00366193
-2.4513e-05
8.27909e-06
-5.67201e-05
-0.000120812
-8.26851e-05
-0.000286504
-0.000101713
-0.000439358
-0.00011646
-0.00057111
-0.000128633
-0.000690118
-0.000138033
-0.000807112
-0.000142638
-0.00092981
-0.000139001
-0.00106107
-0.000122836
-0.00119726
-9.00007e-05
-0.00132537
-3.82223e-05
-0.00141827
3.0219e-05
-0.00142802
0.000105322
-0.00127881
0.000167357
-0.0008637
0.000190935
-5.54117e-05
0.000157718
0.00124953
8.06003e-05
0.0029752
1.13204e-05
0.00446862
0.00367558
-3.39571e-05
4.23161e-05
-9.08261e-05
-6.37999e-05
-0.000156777
-0.000220446
-0.000231507
-0.000364575
-0.000317338
-0.000485256
-0.000415172
-0.000592274
-0.00052368
-0.000698596
-0.0006393
-0.000814183
-0.000756131
-0.000944231
-0.000865717
-0.00108766
-0.000957097
-0.00123398
-0.00101772
-0.00135762
-0.00103585
-0.00140984
-0.00100448
-0.00131005
-0.000925052
-0.000942773
-0.000806587
-0.000173035
-0.000650868
0.00109563
-0.000443763
0.00277135
-0.000187263
0.00421635
0.00349091
-3.08183e-05
7.32271e-05
-9.17084e-05
-2.74264e-06
-0.000181684
-0.000130345
-0.000301695
-0.000244501
-0.000453104
-0.000333819
-0.000635252
-0.000410111
-0.000846466
-0.00048737
-0.00108416
-0.000576478
-0.0013439
-0.000684471
-0.00161779
-0.00081376
-0.00189241
-0.000959339
-0.00214711
-0.00110287
-0.00235337
-0.00120345
-0.00247601
-0.00118703
-0.00247572
-0.000942156
-0.00231024
-0.000336741
-0.00193375
0.000722175
-0.00131333
0.00215532
-0.000534413
0.00344239
0.00295934
3.70182e-06
6.96343e-05
-2.39117e-05
2.50667e-05
-0.000105898
-4.821e-05
-0.000245004
-0.000105315
-0.000434363
-0.000144421
-0.000668591
-0.00017586
-0.000946789
-0.000209151
-0.0012719
-0.000251349
-0.00164866
-0.000307687
-0.00208062
-0.000381761
-0.00256569
-0.000474222
-0.00308995
-0.000578488
-0.00361881
-0.000674248
-0.00408632
-0.000718612
-0.00438549
-0.000640972
-0.0043682
-0.000350473
-0.00386042
0.000219445
-0.0027266
0.00102751
-0.00114398
0.00186554
0.0018185
6.97612e-05
9.50633e-05
4.70424e-05
-5.81637e-05
-0.000202524
-0.000378343
-0.000587459
-0.000838773
-0.00114642
-0.00152814
-0.0020023
-0.00258063
-0.00325441
-0.00397175
-0.00460985
-0.0049553
-0.00472899
-0.00369402
-0.00182199
)
;

boundaryField
{
    leftWall
    {
        type            calculated;
        value           nonuniform List<scalar> 10(0 0 -3.38813e-21 0 0 0 0 -5.42101e-20 0 0);
    }
    rightWall
    {
        type            calculated;
        value           nonuniform List<scalar> 10(1.0842e-19 0 0 0 0 0 8.67362e-19 0 0 0);
    }
    topWall
    {
        type            calculated;
        value           uniform 0;
    }
    bottomWall
    {
        type            calculated;
        value           uniform 0;
    }
    frontAndBackPlanes
    {
        type            empty;
    }
}


// ************************************************************************* //
