/*--------------------------------*- C++ -*----------------------------------*\
| =========                 |                                                 |
| \\      /  F ield         | OpenFOAM: The Open Source CFD Toolbox           |
|  \\    /   O peration     | Version:  2506                                  |
|   \\  /    A nd           | Website:  www.openfoam.com                      |
|    \\/     M anipulation  |                                                 |
\*---------------------------------------------------------------------------*/
FoamFile
{
    version     2.0;
    format      ascii;
    arch        "LSB;label=32;scalar=64";
    class       volVectorField;
    location    "7.8";
    object      U;
}
// * * * * * * * * * * * * * * * * * * * * * * * * * * * * * * * * * * * * * //

dimensions      [0 1 -1 0 0 0 0];

internalField   nonuniform List<vector> 
200
(
(-0.000286462 -0.000172289 0)
(-0.00036587 -0.000232369 0)
(-0.000104987 -0.000207924 0)
(0.000268919 -0.000230256 0)
(0.000669665 -0.000262521 0)
(0.00114744 -0.000298017 0)
(0.00170817 -0.00034392 0)
(0.00236199 -0.00040571 0)
(0.00312725 -0.000488144 0)
(0.00402759 -0.000596212 0)
(0.00508883 -0.000734471 0)
(0.00633429 -0.000904804 0)
(0.00777614 -0.00110162 0)
(0.0093985 -0.00130209 0)
(0.011122 -0.00144555 0)
(0.0127223 -0.00138701 0)
(0.0136694 -0.000798157 0)
(0.0130436 0.000936872 0)
(0.00973903 0.0041869 0)
(0.00304992 0.00644527 0)
(-3.64887e-05 -0.000266248 0)
(-8.063e-06 -0.000647588 0)
(0.000269898 -0.000963354 0)
(0.000723335 -0.00127339 0)
(0.0013262 -0.00155707 0)
(0.00206786 -0.00183836 0)
(0.00294377 -0.00214452 0)
(0.00395724 -0.00249729 0)
(0.00511689 -0.00291185 0)
(0.00643132 -0.00339472 0)
(0.00790172 -0.00393755 0)
(0.0095106 -0.00450433 0)
(0.011204 -0.0050084 0)
(0.0128644 -0.00527271 0)
(0.014272 -0.00496252 0)
(0.0150549 -0.00348065 0)
(0.01463 0.000139596 0)
(0.0122088 0.00698618 0)
(0.00752264 0.0161787 0)
(0.00138776 0.0182769 0)
(-7.7253e-06 -0.000217334 0)
(5.57311e-05 -0.000926166 0)
(0.000311934 -0.00166611 0)
(0.00073899 -0.00233257 0)
(0.00131348 -0.00292589 0)
(0.00201796 -0.00348825 0)
(0.00284303 -0.00406364 0)
(0.00378514 -0.00468352 0)
(0.00484216 -0.00536219 0)
(0.00600754 -0.00609098 0)
(0.00726249 -0.00682628 0)
(0.00856516 -0.00746781 0)
(0.00983556 -0.00782337 0)
(0.0109362 -0.00755516 0)
(0.0116504 -0.00610509 0)
(0.0116645 -0.00261877 0)
(0.010564 0.0040062 0)
(0.00807644 0.014365 0)
(0.0044298 0.0258232 0)
(0.000642204 0.0248545 0)
(-1.43585e-05 -0.000253207 0)
(1.37343e-05 -0.00123601 0)
(0.000183789 -0.00228903 0)
(0.000483784 -0.00324095 0)
(0.000898572 -0.00408245 0)
(0.00141168 -0.00486629 0)
(0.00201282 -0.00564786 0)
(0.00269671 -0.0064636 0)
(0.00345911 -0.007323 0)
(0.00429182 -0.0082 0)
(0.00517614 -0.00901673 0)
(0.00607443 -0.00961635 0)
(0.00691908 -0.00972222 0)
(0.00760004 -0.00888271 0)
(0.00795453 -0.00640889 0)
(0.0077675 -0.00134598 0)
(0.00679836 0.00734549 0)
(0.00495692 0.0198039 0)
(0.00251623 0.0320755 0)
(0.000311193 0.0284206 0)
(-2.01297e-05 -0.000206639 0)
(-7.14255e-05 -0.0013385 0)
(-4.07953e-05 -0.00261078 0)
(7.48951e-05 -0.00376961 0)
(0.000264893 -0.00478606 0)
(0.00051428 -0.00571982 0)
(0.000815466 -0.00663755 0)
(0.00116678 -0.00758244 0)
(0.00156986 -0.00856304 0)
(0.00202594 -0.00954226 0)
(0.00253097 -0.0104182 0)
(0.00306883 -0.0109927 0)
(0.00360216 -0.0109277 0)
(0.0040611 -0.00969119 0)
(0.00433517 -0.00651184 0)
(0.00427893 -0.000394238 0)
(0.00373691 0.00960497 0)
(0.00266672 0.0232718 0)
(0.00127576 0.0357944 0)
(0.000135366 0.0302978 0)
(-3.15094e-05 -5.34679e-05 0)
(-0.000174126 -0.0011943 0)
(-0.000295623 -0.00257793 0)
(-0.000388302 -0.00384929 0)
(-0.000456933 -0.00495467 0)
(-0.000512039 -0.00595939 0)
(-0.000557603 -0.00694386 0)
(-0.000589018 -0.00796345 0)
(-0.000594532 -0.00903401 0)
(-0.000557473 -0.010119 0)
(-0.000459357 -0.0111069 0)
(-0.000285144 -0.0117755 0)
(-3.2037e-05 -0.0117403 0)
(0.00027673 -0.0103968 0)
(0.000579907 -0.00689291 0)
(0.000783238 -0.000187209 0)
(0.000770786 0.0105896 0)
(0.000523771 0.0249423 0)
(0.0001625 0.0375194 0)
(-2.03389e-05 0.0310116 0)
(-4.03223e-05 0.000201156 0)
(-0.000252497 -0.000803715 0)
(-0.000505558 -0.00217831 0)
(-0.000797226 -0.00345003 0)
(-0.00113072 -0.00453612 0)
(-0.00151328 -0.00551071 0)
(-0.00194481 -0.00647239 0)
(-0.00241548 -0.00749478 0)
(-0.00290583 -0.00861031 0)
(-0.00338622 -0.00979636 0)
(-0.00381619 -0.0109495 0)
(-0.00414602 -0.0118424 0)
(-0.00432366 -0.012063 0)
(-0.00430837 -0.0109503 0)
(-0.00408588 -0.00756697 0)
(-0.00366767 -0.000806741 0)
(-0.00308319 0.0101482 0)
(-0.00231083 0.0245724 0)
(-0.00132518 0.0369624 0)
(-0.000226473 0.0304098 0)
(-3.45595e-05 0.000500173 0)
(-0.000233207 -0.000254182 0)
(-0.000539876 -0.00148032 0)
(-0.000975107 -0.00259864 0)
(-0.00154103 -0.00351272 0)
(-0.0022368 -0.00431161 0)
(-0.00305752 -0.00511174 0)
(-0.00399497 -0.00600454 0)
(-0.0050358 -0.0070439 0)
(-0.00615606 -0.00823521 0)
(-0.00731337 -0.00950903 0)
(-0.00843885 -0.010671 0)
(-0.00943263 -0.0113274 0)
(-0.0101659 -0.0108035 0)
(-0.0104849 -0.00811438 0)
(-0.0101981 -0.00210964 0)
(-0.00905873 0.00800225 0)
(-0.00692363 0.0214131 0)
(-0.00391892 0.033064 0)
(-0.000655954 0.0276535 0)
(1.61632e-05 0.000667665 0)
(5.27616e-06 0.000193799 0)
(-0.000216574 -0.000705509 0)
(-0.000680227 -0.00147005 0)
(-0.00136945 -0.00203651 0)
(-0.00225432 -0.00250472 0)
(-0.00332041 -0.00298799 0)
(-0.00457298 -0.00357475 0)
(-0.00603032 -0.00432731 0)
(-0.00771306 -0.00527929 0)
(-0.00962931 -0.00641558 0)
(-0.0117535 -0.00762519 0)
(-0.0139959 -0.00862258 0)
(-0.0161625 -0.00885673 0)
(-0.0179074 -0.00747565 0)
(-0.0186809 -0.00346265 0)
(-0.0176555 0.00393661 0)
(-0.01414 0.0142235 0)
(-0.00834693 0.0237324 0)
(-0.00152451 0.0210084 0)
(0.000147125 0.000325222 0)
(0.000391401 0.000170131 0)
(0.000347574 -9.5302e-05 0)
(2.1807e-05 -0.000280584 0)
(-0.000508052 -0.000389023 0)
(-0.00117894 -0.000466529 0)
(-0.00197739 -0.000552221 0)
(-0.00292727 -0.000673706 0)
(-0.00407844 -0.000852655 0)
(-0.00549977 -0.00110784 0)
(-0.00727148 -0.00145161 0)
(-0.00946719 -0.00187554 0)
(-0.012113 -0.00232006 0)
(-0.0151086 -0.00263304 0)
(-0.0181025 -0.00254269 0)
(-0.0203591 -0.00168309 0)
(-0.0207466 0.000313637 0)
(-0.0180609 0.00360361 0)
(-0.0119331 0.00728026 0)
(-0.00338827 0.00754179 0)
)
;

boundaryField
{
    leftWall
    {
        type            fixedValue;
        value           uniform (0 0 0);
    }
    rightWall
    {
        type            fixedValue;
        value           uniform (0 0 0);
    }
    topWall
    {
        type            fixedValue;
        value           uniform (0 0 0);
    }
    bottomWall
    {
        type            fixedValue;
        value           uniform (0 0 0);
    }
    frontAndBackPlanes
    {
        type            empty;
    }
}


// ************************************************************************* //
