/*--------------------------------*- C++ -*----------------------------------*\
| =========                 |                                                 |
| \\      /  F ield         | OpenFOAM: The Open Source CFD Toolbox           |
|  \\    /   O peration     | Version:  2506                                  |
|   \\  /    A nd           | Website:  www.openfoam.com                      |
|    \\/     M anipulation  |                                                 |
\*---------------------------------------------------------------------------*/
FoamFile
{
    version     2.0;
    format      ascii;
    arch        "LSB;label=32;scalar=64";
    class       volVectorField;
    location    "81.8";
    object      U;
}
// * * * * * * * * * * * * * * * * * * * * * * * * * * * * * * * * * * * * * //

dimensions      [0 1 -1 0 0 0 0];

internalField   nonuniform List<vector> 
200
(
(0.000193074 -0.000729164 0)
(0.00140614 -0.00098587 0)
(0.00287999 -0.00078227 0)
(0.00417232 -0.000495445 0)
(0.00508239 -0.00026227 0)
(0.00568321 -0.000123548 0)
(0.00609537 -7.83349e-05 0)
(0.00643734 -0.000108395 0)
(0.00680699 -0.000194339 0)
(0.007279 -0.000323391 0)
(0.00790941 -0.000490973 0)
(0.0087402 -0.000697484 0)
(0.00979744 -0.00093943 0)
(0.011075 -0.00119245 0)
(0.0124896 -0.00138175 0)
(0.0137787 -0.00132937 0)
(0.0143425 -0.000666292 0)
(0.0132509 0.00118391 0)
(0.00954191 0.00433586 0)
(0.00289002 0.00612184 0)
(0.000360481 -0.00312827 0)
(0.0024423 -0.00517168 0)
(0.00486572 -0.00497855 0)
(0.00708315 -0.00393176 0)
(0.0088139 -0.00279854 0)
(0.0100724 -0.00193932 0)
(0.0109897 -0.00146086 0)
(0.0117141 -0.00134052 0)
(0.0123709 -0.00150751 0)
(0.0130506 -0.00188659 0)
(0.0138075 -0.00241249 0)
(0.0146594 -0.00301952 0)
(0.0155777 -0.00360645 0)
(0.016463 -0.00397337 0)
(0.0171002 -0.00373002 0)
(0.0171038 -0.00219157 0)
(0.0158591 0.00164441 0)
(0.0126537 0.00855161 0)
(0.00741446 0.0170298 0)
(0.00127694 0.0175785 0)
(0.000403297 -0.0059695 0)
(0.00266179 -0.010137 0)
(0.00518784 -0.0100306 0)
(0.00747592 -0.0081809 0)
(0.0092578 -0.00606005 0)
(0.0105525 -0.00435686 0)
(0.0114854 -0.00328599 0)
(0.0121884 -0.00281895 0)
(0.0127647 -0.00282938 0)
(0.0132807 -0.00317018 0)
(0.0137681 -0.00369899 0)
(0.0142237 -0.00426122 0)
(0.0146009 -0.00463401 0)
(0.014789 -0.0044355 0)
(0.014583 -0.00302026 0)
(0.0136468 0.00056809 0)
(0.0116187 0.00731567 0)
(0.00832258 0.0173243 0)
(0.00418504 0.0272237 0)
(0.000502394 0.0238151 0)
(0.000396691 -0.00888062 0)
(0.00251416 -0.0149863 0)
(0.0047284 -0.0147513 0)
(0.00661745 -0.0119959 0)
(0.00799662 -0.00887796 0)
(0.00893336 -0.00636421 0)
(0.00956269 -0.00472751 0)
(0.00999931 -0.00390098 0)
(0.0103173 -0.00369101 0)
(0.0105561 -0.0038848 0)
(0.0107308 -0.00428118 0)
(0.0108356 -0.00466193 0)
(0.0108372 -0.00471378 0)
(0.0106556 -0.00391875 0)
(0.0101418 -0.00146402 0)
(0.00906177 0.00369903 0)
(0.00726009 0.0123542 0)
(0.00473693 0.0239667 0)
(0.00198233 0.0337377 0)
(0.00011588 0.026808 0)
(0.000366718 -0.0115365 0)
(0.00211688 -0.0190655 0)
(0.00371491 -0.0183883 0)
(0.00489857 -0.014657 0)
(0.00562227 -0.0106414 0)
(0.00601717 -0.00748474 0)
(0.00622149 -0.00543848 0)
(0.00632185 -0.0043558 0)
(0.00635797 -0.00397054 0)
(0.0063443 -0.00402372 0)
(0.00628595 -0.00428637 0)
(0.00618153 -0.00450901 0)
(0.00601318 -0.00431893 0)
(0.00572829 -0.00309757 0)
(0.00521927 8.24237e-05 0)
(0.00435887 0.00626401 0)
(0.00310657 0.0160145 0)
(0.00158795 0.0282041 0)
(0.0002234 0.0371358 0)
(-0.000163557 0.0276925 0)
(0.000301517 -0.0136843 0)
(0.00141357 -0.0218563 0)
(0.00207343 -0.0203966 0)
(0.00227914 -0.0157324 0)
(0.00217268 -0.0110652 0)
(0.00193306 -0.00755611 0)
(0.00166902 -0.00534464 0)
(0.00141732 -0.00417903 0)
(0.00117832 -0.0037365 0)
(0.000945772 -0.00374176 0)
(0.00071679 -0.00396238 0)
(0.000485995 -0.00413014 0)
(0.000234254 -0.00382243 0)
(-7.85369e-05 -0.00234611 0)
(-0.00051002 0.00127178 0)
(-0.00104144 0.00797023 0)
(-0.00155257 0.0180279 0)
(-0.0017935 0.0298298 0)
(-0.00147785 0.0374388 0)
(-0.000367604 0.0267514 0)
(0.000173667 -0.0148987 0)
(0.000213834 -0.0226175 0)
(-0.000491463 -0.0201012 0)
(-0.00154313 -0.0147556 0)
(-0.0026137 -0.00988694 0)
(-0.00354319 -0.00644906 0)
(-0.00429953 -0.00438703 0)
(-0.00491313 -0.00335357 0)
(-0.00542545 -0.0030075 0)
(-0.00586718 -0.00308434 0)
(-0.00625896 -0.00335439 0)
(-0.00662012 -0.00353108 0)
(-0.00697002 -0.00316884 0)
(-0.00730824 -0.00159635 0)
(-0.00757056 0.00203408 0)
(-0.00755985 0.00844663 0)
(-0.00699495 0.0177023 0)
(-0.00559864 0.0281174 0)
(-0.00337328 0.0342594 0)
(-0.000628231 0.0238404 0)
(-0.000120517 -0.0144085 0)
(-0.00180463 -0.0202122 0)
(-0.00428803 -0.0166853 0)
(-0.00675292 -0.0113405 0)
(-0.00877488 -0.00697916 0)
(-0.0102987 -0.00414388 0)
(-0.0114225 -0.00258659 0)
(-0.0122708 -0.00191746 0)
(-0.0129474 -0.00181925 0)
(-0.0135259 -0.0020616 0)
(-0.0140538 -0.00243844 0)
(-0.0145537 -0.00268923 0)
(-0.0150083 -0.00243016 0)
(-0.0153264 -0.00112646 0)
(-0.015288 0.00184748 0)
(-0.0145472 0.00701088 0)
(-0.0127162 0.014362 0)
(-0.00954958 0.0225216 0)
(-0.00534799 0.0272058 0)
(-0.000915279 0.0188275 0)
(-0.000714302 -0.0110946 0)
(-0.00470844 -0.0136746 0)
(-0.0089398 -0.00989446 0)
(-0.0123733 -0.00570254 0)
(-0.0147045 -0.00277356 0)
(-0.016166 -0.00114295 0)
(-0.0170767 -0.000438406 0)
(-0.0176939 -0.000310315 0)
(-0.0181959 -0.000517823 0)
(-0.0186894 -0.000904107 0)
(-0.0192291 -0.00134358 0)
(-0.0198211 -0.00168319 0)
(-0.0203999 -0.00169916 0)
(-0.0207956 -0.0010801 0)
(-0.0206934 0.000553967 0)
(-0.0196071 0.00357604 0)
(-0.0170307 0.00806309 0)
(-0.0126763 0.0132369 0)
(-0.00700016 0.0164962 0)
(-0.00119695 0.0117828 0)
(-0.00175726 -0.00376515 0)
(-0.00640402 -0.00356761 0)
(-0.0100216 -0.00190143 0)
(-0.0121897 -0.0006194 0)
(-0.0131698 5.40213e-05 0)
(-0.0134853 0.000312402 0)
(-0.0135244 0.000342733 0)
(-0.013504 0.00025685 0)
(-0.013535 0.000116242 0)
(-0.0136857 -4.7646e-05 0)
(-0.0139954 -0.000221608 0)
(-0.0144649 -0.000390788 0)
(-0.0150429 -0.000523379 0)
(-0.015598 -0.00056015 0)
(-0.0158793 -0.000401013 0)
(-0.0155144 0.000112099 0)
(-0.0139955 0.00112111 0)
(-0.0108942 0.00257808 0)
(-0.00642049 0.00388492 0)
(-0.00154336 0.00331942 0)
)
;

boundaryField
{
    leftWall
    {
        type            fixedValue;
        value           uniform (0 0 0);
    }
    rightWall
    {
        type            fixedValue;
        value           uniform (0 0 0);
    }
    topWall
    {
        type            fixedValue;
        value           uniform (0 0 0);
    }
    bottomWall
    {
        type            fixedValue;
        value           uniform (0 0 0);
    }
    frontAndBackPlanes
    {
        type            empty;
    }
}


// ************************************************************************* //
