/*--------------------------------*- C++ -*----------------------------------*\
| =========                 |                                                 |
| \\      /  F ield         | OpenFOAM: The Open Source CFD Toolbox           |
|  \\    /   O peration     | Version:  2506                                  |
|   \\  /    A nd           | Website:  www.openfoam.com                      |
|    \\/     M anipulation  |                                                 |
\*---------------------------------------------------------------------------*/
FoamFile
{
    version     2.0;
    format      ascii;
    arch        "LSB;label=32;scalar=64";
    class       volVectorField;
    location    "130.8";
    object      U;
}
// * * * * * * * * * * * * * * * * * * * * * * * * * * * * * * * * * * * * * //

dimensions      [0 1 -1 0 0 0 0];

internalField   nonuniform List<vector> 
200
(
(0.000540603 -0.00132262 0)
(0.0026631 -0.00167652 0)
(0.00488836 -0.00122667 0)
(0.0066398 -0.000652222 0)
(0.00770036 -0.000211955 0)
(0.00821622 4.01561e-05 0)
(0.00840735 0.000128801 0)
(0.00846799 0.000100704 0)
(0.00854078 -9.49747e-07 0)
(0.00872156 -0.000146751 0)
(0.00907077 -0.000323253 0)
(0.00962422 -0.000527629 0)
(0.0103984 -0.000757071 0)
(0.0113798 -0.000991209 0)
(0.0124833 -0.00116143 0)
(0.013457 -0.00109702 0)
(0.0137518 -0.000449698 0)
(0.012502 0.0012833 0)
(0.00885746 0.00415044 0)
(0.00264626 0.00562365 0)
(0.000563193 -0.00518829 0)
(0.0035787 -0.00797929 0)
(0.00684684 -0.00708279 0)
(0.00963512 -0.00498845 0)
(0.0116024 -0.00295329 0)
(0.0128238 -0.00147854 0)
(0.0135246 -0.000654427 0)
(0.0139354 -0.000384835 0)
(0.0142382 -0.000517566 0)
(0.0145539 -0.000910316 0)
(0.0149482 -0.00145323 0)
(0.0154396 -0.00205864 0)
(0.015997 -0.00262339 0)
(0.0165216 -0.00296319 0)
(0.016811 -0.00271897 0)
(0.0165078 -0.00125434 0)
(0.0150413 0.00233595 0)
(0.0118057 0.00867361 0)
(0.00680311 0.01623 0)
(0.00114715 0.0161777 0)
(0.00052499 -0.00906921 0)
(0.00333693 -0.0144341 0)
(0.00631658 -0.0132917 0)
(0.00886696 -0.00985402 0)
(0.0107032 -0.00634069 0)
(0.011896 -0.00366575 0)
(0.0126339 -0.00202796 0)
(0.0130981 -0.001294 0)
(0.0134212 -0.00121932 0)
(0.0136838 -0.00155884 0)
(0.0139216 -0.00210377 0)
(0.0141305 -0.00266622 0)
(0.0142624 -0.00302138 0)
(0.0142091 -0.00281583 0)
(0.0137786 -0.0014654 0)
(0.0126667 0.001877 0)
(0.0106034 0.00803501 0)
(0.00745454 0.0170358 0)
(0.00365428 0.0256316 0)
(0.000411934 0.0217495 0)
(0.000454723 -0.0125098 0)
(0.0027488 -0.01989 0)
(0.00499221 -0.0183189 0)
(0.00678342 -0.0136469 0)
(0.00798513 -0.00890847 0)
(0.00872128 -0.00530702 0)
(0.00916511 -0.00306725 0)
(0.00944625 -0.00197984 0)
(0.00963735 -0.00170548 0)
(0.00976965 -0.00191796 0)
(0.00984942 -0.00234352 0)
(0.00986421 -0.00273006 0)
(0.00977639 -0.00276747 0)
(0.00950691 -0.0019828 0)
(0.00891188 0.000337266 0)
(0.0078275 0.00505235 0)
(0.00613181 0.0128205 0)
(0.00386935 0.0230688 0)
(0.00150818 0.0313066 0)
(4.62483e-05 0.0241847 0)
(0.000370421 -0.0152554 0)
(0.00198659 -0.0237933 0)
(0.00327472 -0.0215118 0)
(0.00409295 -0.0157482 0)
(0.00449274 -0.0101427 0)
(0.00465386 -0.00601222 0)
(0.00472136 -0.0034957 0)
(0.00476321 -0.00226266 0)
(0.00479213 -0.00188796 0)
(0.00479954 -0.00200305 0)
(0.00477509 -0.00231544 0)
(0.00470805 -0.00254951 0)
(0.00457544 -0.00234389 0)
(0.00432565 -0.00114426 0)
(0.00386057 0.00183386 0)
(0.00310714 0.00740887 0)
(0.0020458 0.0160295 0)
(0.000838219 0.0265905 0)
(-0.000112763 0.0338856 0)
(-0.000179768 0.0246037 0)
(0.000269563 -0.0171599 0)
(0.00102797 -0.0258362 0)
(0.00116495 -0.0225959 0)
(0.000887856 -0.0159981 0)
(0.000446852 -0.00997905 0)
(3.52307e-05 -0.00575454 0)
(-0.000271474 -0.0032867 0)
(-0.000483704 -0.00211722 0)
(-0.000638998 -0.00176881 0)
(-0.000766754 -0.00187525 0)
(-0.000883627 -0.0021573 0)
(-0.00100197 -0.00233219 0)
(-0.00114197 -0.00200117 0)
(-0.00133531 -0.000560472 0)
(-0.00161674 0.00278227 0)
(-0.00195306 0.00874021 0)
(-0.00222602 0.0174829 0)
(-0.00219387 0.0275117 0)
(-0.00161392 0.0335474 0)
(-0.000363709 0.023386 0)
(0.000135504 -0.0178894 0)
(-0.000296413 -0.0255396 0)
(-0.00159117 -0.021192 0)
(-0.00307505 -0.0142201 0)
(-0.00437207 -0.00839097 0)
(-0.00535194 -0.00455371 0)
(-0.006043 -0.00243489 0)
(-0.00652814 -0.00150421 0)
(-0.00688232 -0.00130187 0)
(-0.00715514 -0.00149697 0)
(-0.00737689 -0.00183071 0)
(-0.00756838 -0.00201933 0)
(-0.00774209 -0.00166081 0)
(-0.00788489 -0.000185034 0)
(-0.00791908 0.00309024 0)
(-0.00767782 0.00871781 0)
(-0.00692101 0.016672 0)
(-0.00541445 0.0254102 0)
(-0.00318768 0.0301761 0)
(-0.000575686 0.0205347 0)
(-0.000207532 -0.0167971 0)
(-0.00239948 -0.0220608 0)
(-0.00534504 -0.0168711 0)
(-0.00806632 -0.0103102 0)
(-0.0101252 -0.00537245 0)
(-0.011532 -0.00240072 0)
(-0.0124554 -0.000936937 0)
(-0.0130665 -0.000446213 0)
(-0.0134936 -0.000523326 0)
(-0.013825 -0.000890696 0)
(-0.0141125 -0.00133054 0)
(-0.0143753 -0.00160176 0)
(-0.0145892 -0.00137335 0)
(-0.0146614 -0.000201935 0)
(-0.0143873 0.00241838 0)
(-0.0134881 0.00689923 0)
(-0.0116324 0.0131679 0)
(-0.008627 0.0199636 0)
(-0.00476604 0.0235771 0)
(-0.000798687 0.015984 0)
(-0.000857419 -0.0127613 0)
(-0.00541356 -0.0145535 0)
(-0.00993337 -0.00951186 0)
(-0.0133353 -0.00459562 0)
(-0.0154024 -0.00145464 0)
(-0.0164999 9.75321e-05 0)
(-0.017044 0.000614361 0)
(-0.0173226 0.0005521 0)
(-0.0175135 0.00019691 0)
(-0.0177193 -0.000283005 0)
(-0.0179892 -0.00076484 0)
(-0.0183211 -0.00111468 0)
(-0.0186453 -0.00114693 0)
(-0.0188034 -0.000607007 0)
(-0.0185131 0.000815598 0)
(-0.0173721 0.00342232 0)
(-0.0149514 0.00722814 0)
(-0.0110253 0.011519 0)
(-0.00602174 0.014064 0)
(-0.00101239 0.00985189 0)
(-0.00204925 -0.00437091 0)
(-0.00722527 -0.00376312 0)
(-0.0108679 -0.00169 0)
(-0.0127329 -0.000250404 0)
(-0.0132968 0.000415373 0)
(-0.0132035 0.000592554 0)
(-0.0128772 0.000535684 0)
(-0.0125554 0.000388507 0)
(-0.0123542 0.000213745 0)
(-0.0123216 3.31349e-05 0)
(-0.0124695 -0.000143517 0)
(-0.0127791 -0.000303013 0)
(-0.0131922 -0.000419767 0)
(-0.0135847 -0.000445818 0)
(-0.0137385 -0.000299332 0)
(-0.013329 0.000147772 0)
(-0.0119297 0.000997937 0)
(-0.00920277 0.00219589 0)
(-0.0053626 0.00323792 0)
(-0.0012675 0.00272081 0)
)
;

boundaryField
{
    leftWall
    {
        type            fixedValue;
        value           uniform (0 0 0);
    }
    rightWall
    {
        type            fixedValue;
        value           uniform (0 0 0);
    }
    topWall
    {
        type            fixedValue;
        value           uniform (0 0 0);
    }
    bottomWall
    {
        type            fixedValue;
        value           uniform (0 0 0);
    }
    frontAndBackPlanes
    {
        type            empty;
    }
}


// ************************************************************************* //
