/*--------------------------------*- C++ -*----------------------------------*\
| =========                 |                                                 |
| \\      /  F ield         | OpenFOAM: The Open Source CFD Toolbox           |
|  \\    /   O peration     | Version:  2506                                  |
|   \\  /    A nd           | Website:  www.openfoam.com                      |
|    \\/     M anipulation  |                                                 |
\*---------------------------------------------------------------------------*/
FoamFile
{
    version     2.0;
    format      ascii;
    arch        "LSB;label=32;scalar=64";
    class       surfaceScalarField;
    location    "1.8";
    object      phi;
}
// * * * * * * * * * * * * * * * * * * * * * * * * * * * * * * * * * * * * * //

dimensions      [1 0 -1 0 0 0 0];

oriented        oriented;

internalField   nonuniform List<scalar> 
370
(
-0.000257306
-3.74987e-05
-0.000238682
-1.86519e-05
-0.000226895
-1.18177e-05
-0.000195869
-3.10561e-05
-0.000149885
-4.60146e-05
-9.84923e-05
-5.14241e-05
-4.7392e-05
-5.11314e-05
2.03297e-06
-4.94562e-05
5.09817e-05
-4.898e-05
0.000101831
-5.08806e-05
0.000157476
-5.56762e-05
0.000221207
-6.37631e-05
0.000296651
-7.54758e-05
0.000387198
-9.05784e-05
0.000494125
-0.000106959
0.000612305
-0.000118207
0.000721769
-0.000109425
0.000763846
-4.13839e-05
0.000609376
0.00015969
0.000629613
-7.25769e-05
3.51719e-05
-0.000152161
6.09599e-05
-0.000195292
3.1312e-05
-0.000199331
-2.70221e-05
-0.000171719
-7.36327e-05
-0.000125894
-9.72563e-05
-7.19814e-05
-0.000105051
-1.48061e-05
-0.000106639
4.44328e-05
-0.000108226
0.000106267
-0.000112722
0.000171855
-0.000121271
0.000242333
-0.000134249
0.000318157
-0.000151307
0.000397735
-0.000170163
0.000474793
-0.000184023
0.000534469
-0.000177884
0.000548769
-0.000123658
0.000476817
3.13096e-05
0.000253532
0.000388396
0.000904143
-3.63441e-05
7.172e-05
-8.85772e-05
0.000113266
-0.000121763
6.45092e-05
-0.000129699
-1.90855e-05
-0.000116531
-8.68009e-05
-8.88644e-05
-0.000124924
-5.26949e-05
-0.000141221
-1.17323e-05
-0.000147602
3.21649e-05
-0.000152124
7.81475e-05
-0.000158706
0.000125682
-0.000168807
0.000174007
-0.000182575
0.000221512
-0.000198813
0.00026485
-0.000213502
0.000297675
-0.000216848
0.000309329
-0.000189533
0.000285114
-9.93672e-05
0.000210382
0.00010681
8.95502e-05
0.000514813
0.00101514
-1.8323e-05
9.03616e-05
-4.20203e-05
0.000137081
-5.96998e-05
8.22087e-05
-6.68636e-05
-1.19195e-05
-6.2853e-05
-9.08116e-05
-5.04363e-05
-0.000137341
-3.23514e-05
-0.000159307
-1.06838e-05
-0.00016927
1.31868e-05
-0.000175996
3.83354e-05
-0.000183855
6.39907e-05
-0.000194462
8.92193e-05
-0.000207804
0.00011256
-0.000222155
0.000131605
-0.000232547
0.000142578
-0.000227821
0.000140316
-0.000187265
0.000119315
-7.82889e-05
7.67339e-05
0.000150178
2.38254e-05
0.000573409
0.00106068
-1.15887e-05
0.000102384
-2.34791e-05
0.000149133
-3.1974e-05
9.07318e-05
-3.59688e-05
-7.92149e-06
-3.58224e-05
-9.09577e-05
-3.24534e-05
-0.000140709
-2.68741e-05
-0.000164886
-1.98668e-05
-0.000176277
-1.19811e-05
-0.000183881
-3.60591e-06
-0.00019223
4.94753e-06
-0.000203015
1.33466e-05
-0.000216203
2.11061e-05
-0.000229914
2.74478e-05
-0.000238888
3.11814e-05
-0.000231554
3.06032e-05
-0.00018668
2.35214e-05
-7.11277e-05
1.05118e-05
0.000163991
-3.4868e-06
0.000593166
0.00107907
-8.78579e-06
0.000111717
-1.38151e-05
0.000154368
-1.55617e-05
9.25145e-05
-1.70205e-05
-6.45837e-06
-1.93648e-05
-8.86129e-05
-2.32067e-05
-0.000136867
-2.83595e-05
-0.000159733
-3.44648e-05
-0.000170171
-4.11338e-05
-0.000177211
-4.79871e-05
-0.000185376
-5.46089e-05
-0.000196393
-6.04678e-05
-0.000210343
-6.48531e-05
-0.000225528
-6.68772e-05
-0.000236863
-6.55639e-05
-0.000232866
-6.009e-05
-0.000192147
-5.01779e-05
-8.09565e-05
-3.73232e-05
0.000151966
-2.25547e-05
0.000584248
0.00107852
-3.76803e-06
0.000116147
2.07055e-06
0.000148779
9.64143e-06
8.49877e-05
1.25177e-05
-9.32947e-06
6.4072e-06
-8.25018e-05
-6.63415e-06
-0.000123825
-2.4689e-05
-0.000141677
-4.60263e-05
-0.000148833
-6.93364e-05
-0.0001539
-9.36298e-05
-0.000161081
-0.00011798
-0.000172041
-0.000141214
-0.000187108
-0.000161584
-0.000205156
-0.00017646
-0.000221986
-0.000182136
-0.000227189
-0.000174036
-0.00020024
-0.000147971
-0.000106931
-0.000104139
0.000109002
-5.0182e-05
0.00053625
0.00105045
1.2811e-05
0.000104114
4.38968e-05
0.000117987
6.77613e-05
6.1177e-05
7.06999e-05
-1.22611e-05
5.60722e-05
-6.78727e-05
2.79045e-05
-9.56564e-05
-8.55472e-06
-0.000105216
-4.98341e-05
-0.000107552
-9.40731e-05
-0.000109659
-0.000140285
-0.000114867
-0.000187757
-0.000124567
-0.000235486
-0.000139377
-0.000281535
-0.000159105
-0.000322148
-0.00018137
-0.000350578
-0.000198756
-0.000356089
-0.000194718
-0.000324926
-0.00013799
-0.00024496
2.99804e-05
-0.000119251
0.000416709
0.000953447
3.88551e-05
6.61528e-05
0.00010275
5.44328e-05
0.000142365
2.16266e-05
0.000143533
-1.3421e-05
0.000112637
-3.69747e-05
6.41766e-05
-4.71947e-05
8.20514e-06
-4.9243e-05
-5.0627e-05
-4.8718e-05
-0.000111255
-4.90295e-05
-0.000174365
-5.17547e-05
-0.000241254
-5.76757e-05
-0.000313188
-6.74412e-05
-0.00039065
-8.16393e-05
-0.000471827
-0.00010019
-0.00054991
-0.000120669
-0.000609183
-0.00013543
-0.000620719
-0.000126319
-0.000542994
-4.66349e-05
-0.00030298
0.00018334
0.000672865
6.71821e-05
0.000122035
0.000143773
0.0001304
9.3464e-05
4.63079e-05
-2.89657e-06
-5.15761e-05
-0.000100567
-0.000152283
-0.00020992
-0.000277322
-0.000358921
-0.000459071
-0.000579698
-0.00071507
-0.00084118
-0.000886418
-0.000695485
)
;

boundaryField
{
    leftWall
    {
        type            calculated;
        value           nonuniform List<scalar> 10(0 0 0 0 0 0 0 0 0 -2.1684e-19);
    }
    rightWall
    {
        type            calculated;
        value           nonuniform List<scalar> 10(0 0 8.67362e-19 0 0 0 0 0 -3.46945e-18 3.46945e-18);
    }
    topWall
    {
        type            calculated;
        value           uniform 0;
    }
    bottomWall
    {
        type            calculated;
        value           uniform 0;
    }
    frontAndBackPlanes
    {
        type            empty;
    }
}


// ************************************************************************* //
