/*--------------------------------*- C++ -*----------------------------------*\
| =========                 |                                                 |
| \\      /  F ield         | OpenFOAM: The Open Source CFD Toolbox           |
|  \\    /   O peration     | Version:  2506                                  |
|   \\  /    A nd           | Website:  www.openfoam.com                      |
|    \\/     M anipulation  |                                                 |
\*---------------------------------------------------------------------------*/
FoamFile
{
    version     2.0;
    format      ascii;
    arch        "LSB;label=32;scalar=64";
    class       surfaceScalarField;
    location    "35.8";
    object      phi;
}
// * * * * * * * * * * * * * * * * * * * * * * * * * * * * * * * * * * * * * //

dimensions      [1 0 -1 0 0 0 0];

oriented        oriented;

internalField   nonuniform List<scalar> 
370
(
-4.29581e-05
-5.59216e-05
0.000102613
-0.000145563
0.000319785
-0.000217156
0.000583496
-0.00026369
0.000865197
-0.000281676
0.00114394
-0.000278713
0.00140907
-0.000265097
0.00165914
-0.00025004
0.00189964
-0.000240476
0.0021404
-0.000240727
0.0023928
-0.00025238
0.00266672
-0.00027389
0.00296554
-0.0002988
0.00327899
-0.000313421
0.00356996
-0.000290948
0.003749
-0.000179018
0.0036437
0.000105335
0.00302503
0.000618715
0.00166058
0.00136451
0.00166061
0.000118812
-0.000174723
0.000444742
-0.000471461
0.000906645
-0.000679003
0.00143383
-0.000790801
0.00197275
-0.000820501
0.00248825
-0.000794109
0.00296244
-0.000739178
0.00339089
-0.000678376
0.00377753
-0.00062701
0.00412946
-0.000592548
0.00445166
-0.000574481
0.00474129
-0.000563415
0.0049812
-0.000538621
0.00513134
-0.000463473
0.00511852
-0.000278053
0.00482969
0.000109885
0.00412152
0.000813591
0.0028529
0.00188743
0.00116713
0.00305039
0.00282781
0.000204538
-0.000379235
0.000671558
-0.000938397
0.00127546
-0.00128276
0.0019154
-0.00143054
0.00252549
-0.00143035
0.00307144
-0.0013398
0.00354224
-0.00120971
0.00394089
-0.00107676
0.00427638
-0.000962245
0.00455727
-0.000873192
0.00478618
-0.000803162
0.00495447
-0.000731481
0.00503653
-0.000620478
0.00498434
-0.000411098
0.0047262
-1.97505e-05
0.00417582
0.000660417
0.00327176
0.0017178
0.00203617
0.0031232
0.000727801
0.00435895
0.00355572
0.000255773
-0.000634952
0.000796613
-0.00147906
0.00144065
-0.00192648
0.00206485
-0.00205433
0.00260353
-0.00196856
0.00303549
-0.00177127
0.00336686
-0.00154061
0.00361627
-0.00132571
0.00380431
-0.00114986
0.00394686
-0.00101532
0.00405032
-0.000906232
0.00410758
-0.000788376
0.00409399
-0.000606555
0.00396515
-0.000281964
0.00365968
0.000285979
0.00312276
0.00119757
0.00232978
0.00251101
0.00134941
0.00410382
0.000426005
0.0052826
0.00398187
0.000277511
-0.00091236
0.000807192
-0.00200841
0.0013727
-0.00249144
0.00185006
-0.00253099
0.00219176
-0.00230951
0.00240261
-0.00198137
0.0025132
-0.0016505
0.00256035
-0.00137221
0.00257592
-0.00116483
0.00258145
-0.0010203
0.00258565
-0.000909916
0.00258251
-0.000784745
0.00254949
-0.00057308
0.0024473
-0.000179374
0.00222439
0.000509234
0.00184133
0.00158094
0.0012963
0.00305633
0.000668421
0.00473202
0.000158994
0.00579233
0.00414101
0.000246739
-0.00115893
0.000643297
-0.00240443
0.000982099
-0.0028294
0.00117332
-0.0027212
0.00120832
-0.00234347
0.00112813
-0.00190021
0.000986588
-0.0015081
0.00083092
-0.00121579
0.000693682
-0.00102691
0.000591746
-0.000917725
0.000527793
-0.000845339
0.000491946
-0.000748286
0.000463211
-0.00054376
0.000411986
-0.000127619
0.000310732
0.000610938
0.000150811
0.00174128
-3.75233e-05
0.00324509
-0.000173831
0.00486874
-0.000153917
0.00577274
0.00398723
0.000127112
-0.00128578
0.000219564
-0.0024961
0.000155424
-0.00276409
-7.13669e-05
-0.00249309
-0.000408615
-0.00200498
-0.000789648
-0.00151812
-0.0011585
-0.00113836
-0.00148046
-0.00089305
-0.00174056
-0.000766068
-0.00193776
-0.000719786
-0.00207885
-0.000703481
-0.00217328
-0.000653075
-0.00222801
-0.000488239
-0.00224273
-0.000112164
-0.00219166
0.000560515
-0.00204034
0.00159054
-0.00173259
0.00293788
-0.00121242
0.00434904
-0.000524493
0.00508516
0.00346287
-0.000126734
-0.00115869
-0.000535166
-0.00208662
-0.00114594
-0.00215185
-0.00184313
-0.00179438
-0.00252569
-0.00132109
-0.00313547
-0.000907255
-0.00365137
-0.000621538
-0.00407644
-0.000467149
-0.00442511
-0.000416587
-0.00471307
-0.000430988
-0.00494954
-0.000466139
-0.00513042
-0.000471309
-0.00523123
-0.00038654
-0.00520052
-0.000142016
-0.00496534
0.000326112
-0.00444274
0.00106864
-0.00356475
0.00206049
-0.00232736
0.00311213
-0.000924748
0.0036829
0.00253826
-0.000490616
-0.000667588
-0.0014927
-0.00108324
-0.00262344
-0.0010194
-0.0036523
-0.00076383
-0.00448277
-0.000489177
-0.00511151
-0.000277342
-0.00558176
-0.000150317
-0.00594966
-9.84005e-05
-0.00626457
-0.000100895
-0.00655827
-0.000136532
-0.00683983
-0.000183839
-0.00709099
-0.000219411
-0.00725999
-0.000216817
-0.00725714
-0.000144142
-0.00696992
3.95996e-05
-0.00625572
0.000355092
-0.00501407
0.000819388
-0.00325299
0.0013515
-0.00126887
0.00169909
0.00126951
-0.000667025
-0.0017488
-0.00276629
-0.00352818
-0.00401564
-0.00429156
-0.00444072
-0.00453819
-0.0046383
-0.00477417
-0.00495742
-0.00517628
-0.00539258
-0.00553622
-0.00549613
-0.00514058
-0.00432078
-0.00296895
-0.00126962
)
;

boundaryField
{
    leftWall
    {
        type            calculated;
        value           nonuniform List<scalar> 10(0 -2.11758e-22 0 0 0 0 0 0 0 0);
    }
    rightWall
    {
        type            calculated;
        value           nonuniform List<scalar> 10(1.0842e-19 0 0 0 0 0 0 8.67362e-19 0 0);
    }
    topWall
    {
        type            calculated;
        value           uniform 0;
    }
    bottomWall
    {
        type            calculated;
        value           uniform 0;
    }
    frontAndBackPlanes
    {
        type            empty;
    }
}


// ************************************************************************* //
