/*--------------------------------*- C++ -*----------------------------------*\
| =========                 |                                                 |
| \\      /  F ield         | OpenFOAM: The Open Source CFD Toolbox           |
|  \\    /   O peration     | Version:  2506                                  |
|   \\  /    A nd           | Website:  www.openfoam.com                      |
|    \\/     M anipulation  |                                                 |
\*---------------------------------------------------------------------------*/
FoamFile
{
    version     2.0;
    format      ascii;
    arch        "LSB;label=32;scalar=64";
    class       volVectorField;
    location    "67.4";
    object      U;
}
// * * * * * * * * * * * * * * * * * * * * * * * * * * * * * * * * * * * * * //

dimensions      [0 1 -1 0 0 0 0];

internalField   nonuniform List<vector> 
200
(
(5.83935e-05 -0.00051558 0)
(0.000928056 -0.000737136 0)
(0.00213062 -0.000629152 0)
(0.00326773 -0.000454095 0)
(0.00414734 -0.000299294 0)
(0.00481068 -0.000200229 0)
(0.00533525 -0.000166153 0)
(0.00580694 -0.000191355 0)
(0.00630496 -0.000266813 0)
(0.00689677 -0.000386677 0)
(0.0076388 -0.000549863 0)
(0.00857715 -0.000757301 0)
(0.00974187 -0.00100368 0)
(0.0111275 -0.00126102 0)
(0.0126465 -0.00145042 0)
(0.0140269 -0.00139144 0)
(0.0146508 -0.000712641 0)
(0.0135714 0.00117937 0)
(0.00980059 0.00441724 0)
(0.00297441 0.00629168 0)
(0.00027427 -0.00234179 0)
(0.00196803 -0.00410663 0)
(0.00405305 -0.00421442 0)
(0.00605957 -0.00360552 0)
(0.00772941 -0.00284111 0)
(0.00904586 -0.00222174 0)
(0.0100951 -0.0018639 0)
(0.010987 -0.00178042 0)
(0.0118218 -0.00193886 0)
(0.0126767 -0.00229453 0)
(0.013602 -0.00280076 0)
(0.0146152 -0.00339805 0)
(0.0156882 -0.00398012 0)
(0.0167182 -0.00433361 0)
(0.0174809 -0.00405143 0)
(0.0175752 -0.00243449 0)
(0.0163671 0.00153582 0)
(0.0131095 0.00866183 0)
(0.00771403 0.0174337 0)
(0.00133785 0.0181185 0)
(0.000344651 -0.00471912 0)
(0.00234018 -0.00842351 0)
(0.00465805 -0.00878631 0)
(0.00683741 -0.00763562 0)
(0.00861636 -0.00611757 0)
(0.00998694 -0.00482047 0)
(0.0110419 -0.00396816 0)
(0.0118875 -0.00358325 0)
(0.0126105 -0.00359676 0)
(0.0132696 -0.00390839 0)
(0.0138937 -0.0044052 0)
(0.0144794 -0.00494298 0)
(0.0149796 -0.00529125 0)
(0.0152799 -0.00504579 0)
(0.0151651 -0.00353013 0)
(0.0142823 0.000243395 0)
(0.0122323 0.00729699 0)
(0.0088213 0.0177244 0)
(0.00448119 0.0280712 0)
(0.000553466 0.0247069 0)
(0.000362684 -0.00735144 0)
(0.0023626 -0.0129459 0)
(0.00453257 -0.0133367 0)
(0.0064503 -0.0114592 0)
(0.00791089 -0.00907567 0)
(0.00895303 -0.00704213 0)
(0.00969015 -0.0056535 0)
(0.010226 -0.00491141 0)
(0.0106318 -0.0046941 0)
(0.0109485 -0.00484485 0)
(0.0111939 -0.00519621 0)
(0.0113649 -0.00554045 0)
(0.0114287 -0.00555278 0)
(0.0113035 -0.00468367 0)
(0.0108328 -0.00207224 0)
(0.00975844 0.00339069 0)
(0.00789436 0.0125159 0)
(0.00522414 0.0247295 0)
(0.00225467 0.0350585 0)
(0.000159874 0.0280241 0)
(0.000355794 -0.00990758 0)
(0.00212146 -0.0170169 0)
(0.00382145 -0.0171119 0)
(0.0051491 -0.0143456 0)
(0.00601362 -0.0110816 0)
(0.00651957 -0.00837725 0)
(0.00679806 -0.00653429 0)
(0.00694104 -0.00549367 0)
(0.00699836 -0.00506975 0)
(0.00699419 -0.00506063 0)
(0.0069405 -0.00526827 0)
(0.00683975 -0.00544978 0)
(0.00667541 -0.00521604 0)
(0.00639441 -0.00390864 0)
(0.00588865 -0.000534698 0)
(0.00499233 0.00604414 0)
(0.00365605 0.0164055 0)
(0.00198897 0.0293447 0)
(0.000438244 0.0388995 0)
(-0.000127645 0.0291717 0)
(0.000309915 -0.0121067 0)
(0.00154257 -0.0200597 0)
(0.00240638 -0.0194857 0)
(0.00281689 -0.0157717 0)
(0.00285676 -0.0117678 0)
(0.00269259 -0.00860433 0)
(0.0024461 -0.00650539 0)
(0.00217468 -0.00532008 0)
(0.00189698 -0.00480487 0)
(0.00161909 -0.0047341 0)
(0.001345 -0.00489838 0)
(0.00107186 -0.00502983 0)
(0.000779507 -0.00468379 0)
(0.000426434 -0.00312016 0)
(-5.38958e-05 0.000721564 0)
(-0.000654957 0.0078895 0)
(-0.0012548 0.018659 0)
(-0.00160248 0.0313002 0)
(-0.00139674 0.0395313 0)
(-0.00036186 0.0283859 0)
(0.000193007 -0.0134941 0)
(0.000423991 -0.0212418 0)
(-3.42669e-05 -0.0196615 0)
(-0.00089735 -0.0151447 0)
(-0.00187634 -0.0107656 0)
(-0.00279955 -0.00752459 0)
(-0.0036062 -0.00547802 0)
(-0.0042994 -0.00437537 0)
(-0.00490166 -0.00393968 0)
(-0.00543315 -0.00394152 0)
(-0.00591025 -0.00416332 0)
(-0.00635235 -0.00431019 0)
(-0.00678205 -0.00390576 0)
(-0.0072037 -0.00222242 0)
(-0.00755722 0.00166392 0)
(-0.00762836 0.00854864 0)
(-0.00711519 0.0184968 0)
(-0.0057279 0.0297102 0)
(-0.00347008 0.0364094 0)
(-0.000652722 0.0254604 0)
(-8.14612e-05 -0.013258 0)
(-0.00153407 -0.0193189 0)
(-0.00380854 -0.016641 0)
(-0.0061694 -0.0119251 0)
(-0.00819787 -0.00786046 0)
(-0.00980631 -0.00508738 0)
(-0.0110569 -0.0034721 0)
(-0.0120476 -0.00270613 0)
(-0.012866 -0.00251728 0)
(-0.0135792 -0.00269428 0)
(-0.0142343 -0.00303307 0)
(-0.014856 -0.00325896 0)
(-0.0154286 -0.00295665 0)
(-0.0158588 -0.00154337 0)
(-0.0159148 0.00166254 0)
(-0.0152159 0.00722079 0)
(-0.0133485 0.0151386 0)
(-0.0100516 0.0239489 0)
(-0.00564485 0.0290775 0)
(-0.00097183 0.0202176 0)
(-0.000645644 -0.0102821 0)
(-0.00436901 -0.013239 0)
(-0.00846498 -0.010099 0)
(-0.0119255 -0.00628393 0)
(-0.0144005 -0.00346935 0)
(-0.01606 -0.00180403 0)
(-0.0171813 -0.00100711 0)
(-0.0179972 -0.000780181 0)
(-0.0186737 -0.000908401 0)
(-0.0193214 -0.00124509 0)
(-0.0200041 -0.00166099 0)
(-0.0207331 -0.00198931 0)
(-0.0214414 -0.00198387 0)
(-0.0219493 -0.00130372 0)
(-0.0219226 0.000463869 0)
(-0.0208309 0.00372154 0)
(-0.0181341 0.00856288 0)
(-0.0135246 0.0141613 0)
(-0.00748685 0.0177283 0)
(-0.0012861 0.0127206 0)
(-0.00161342 -0.0034693 0)
(-0.00599897 -0.00346793 0)
(-0.00960682 -0.00200765 0)
(-0.0119346 -0.000809229 0)
(-0.013138 -0.000137839 0)
(-0.0136694 0.000150388 0)
(-0.0138862 0.000216822 0)
(-0.0140053 0.000165575 0)
(-0.014152 5.22098e-05 0)
(-0.0144037 -9.7129e-05 0)
(-0.014805 -0.000268214 0)
(-0.0153632 -0.0004422 0)
(-0.0160298 -0.000582169 0)
(-0.0166675 -0.000622356 0)
(-0.0170064 -0.000452974 0)
(-0.0166487 9.94458e-05 0)
(-0.0150486 0.00119342 0)
(-0.0117387 0.00277932 0)
(-0.00693734 0.00420855 0)
(-0.00167565 0.00360803 0)
)
;

boundaryField
{
    leftWall
    {
        type            fixedValue;
        value           uniform (0 0 0);
    }
    rightWall
    {
        type            fixedValue;
        value           uniform (0 0 0);
    }
    topWall
    {
        type            fixedValue;
        value           uniform (0 0 0);
    }
    bottomWall
    {
        type            fixedValue;
        value           uniform (0 0 0);
    }
    frontAndBackPlanes
    {
        type            empty;
    }
}


// ************************************************************************* //
