/*--------------------------------*- C++ -*----------------------------------*\
| =========                 |                                                 |
| \\      /  F ield         | OpenFOAM: The Open Source CFD Toolbox           |
|  \\    /   O peration     | Version:  2506                                  |
|   \\  /    A nd           | Website:  www.openfoam.com                      |
|    \\/     M anipulation  |                                                 |
\*---------------------------------------------------------------------------*/
FoamFile
{
    version     2.0;
    format      ascii;
    arch        "LSB;label=32;scalar=64";
    class       surfaceScalarField;
    location    "138.8";
    object      phi;
}
// * * * * * * * * * * * * * * * * * * * * * * * * * * * * * * * * * * * * * //

dimensions      [1 0 -1 0 0 0 0];

oriented        oriented;

internalField   nonuniform List<scalar> 
370
(
0.000377475
-0.000404874
0.000965726
-0.000588202
0.0014671
-0.000501302
0.00180289
-0.00033571
0.00198632
-0.000183331
0.00206427
-7.78416e-05
0.00208714
-2.27631e-05
0.00209565
-8.38854e-06
0.00211821
-2.24246e-05
0.00217394
-5.55945e-05
0.002274
-9.99185e-05
0.00242408
-0.000149932
0.00262398
-0.000199748
0.00286189
-0.000237746
0.00310091
-0.000238861
0.00325369
-0.000152607
0.00315664
9.72241e-05
0.00260069
0.000556115
0.00139999
0.00120085
0.00140006
0.000487517
-0.000892365
0.00129536
-0.00139597
0.00205489
-0.00126074
0.00262956
-0.000910271
0.00300811
-0.000561761
0.00323259
-0.000302193
0.00335839
-0.000148432
0.00343549
-8.53537e-05
0.003501
-8.77976e-05
0.00357706
-0.000131514
0.00367383
-0.000196541
0.00378987
-0.000265831
0.00390983
-0.000319554
0.00399795
-0.00032571
0.00398765
-0.000228393
0.00377469
6.05141e-05
0.00322576
0.000646331
0.00221998
0.00156206
0.000891186
0.00252979
0.00229132
0.000452553
-0.00134489
0.00118207
-0.00212541
0.00186583
-0.00194436
0.00238875
-0.00143306
0.00274444
-0.000917297
0.00296927
-0.00052686
0.00310751
-0.000286524
0.00319626
-0.00017394
0.00326083
-0.000152212
0.00331507
-0.000185597
0.00336276
-0.000244074
0.00339773
-0.000300645
0.00340146
-0.000323116
0.00333826
-0.000262346
0.00315168
-4.16504e-05
0.00277306
0.000439304
0.00215283
0.00126674
0.00130712
0.00240794
0.000437732
0.00339932
0.00272912
0.000374171
-0.00171902
0.000936094
-0.00268723
0.00142524
-0.00243337
0.00177207
-0.00177972
0.00199278
-0.00113784
0.00212697
-0.000660872
0.00220977
-0.000369149
0.0022638
-0.000227803
0.00230057
-0.00018881
0.00232412
-0.000208971
0.00233357
-0.000253358
0.00232301
-0.000289914
0.00227864
-0.000278576
0.00217517
-0.000158704
0.00197598
0.000157713
0.00164775
0.00076772
0.00117831
0.00173636
0.000623548
0.00296287
0.000152594
0.00387041
0.00288177
0.000276924
-0.0019959
0.000626599
-0.00303679
0.000871406
-0.00267802
0.00100027
-0.00190841
0.00105513
-0.00119251
0.00107702
-0.00068258
0.00108876
-0.000380718
0.00109763
-0.000236492
0.00110289
-0.0001939
0.00110185
-0.00020775
0.00109196
-0.000243303
0.00106941
-0.000267184
0.00102545
-0.000234448
0.000943823
-7.69014e-05
0.000803402
0.000298313
0.000590903
0.000980399
0.000322227
0.00200521
6.86046e-05
0.00321666
-5.34396e-05
0.00399259
0.00282839
0.000158426
-0.00215428
0.000250844
-0.00312909
0.000217123
-0.00264414
0.000115115
-0.00180622
5.54509e-06
-0.00108276
-8.26202e-05
-0.000594238
-0.00014404
-0.000319124
-0.000186156
-0.000194205
-0.000217694
-0.000162192
-0.000244382
-0.000180893
-0.00026951
-0.000218007
-0.000296663
-0.000239862
-0.000331921
-0.00019902
-0.000383223
-2.5425e-05
-0.000450613
0.000365881
-0.000520609
0.00105058
-0.000550771
0.00203555
-0.000472559
0.00313861
-0.000244564
0.00376471
0.00258387
-1.82404e-05
-0.00213599
-0.000246083
-0.00290112
-0.000594365
-0.00229569
-0.000937667
-0.00146275
-0.00121275
-0.000807505
-0.00141051
-0.000396311
-0.00154813
-0.00018134
-0.00164523
-9.69386e-05
-0.00171646
-9.07999e-05
-0.00177141
-0.000125784
-0.00181594
-0.000173312
-0.0018537
-0.000201942
-0.00188449
-0.000168059
-0.00189978
-9.97544e-06
-0.00186995
0.000336226
-0.00175217
0.00093297
-0.00148764
0.00177119
-0.00103207
0.00268319
-0.000436325
0.00316908
0.00214759
-0.000288913
-0.00184702
-0.000942209
-0.00224769
-0.00164124
-0.0015965
-0.00221412
-0.000889709
-0.00262333
-0.000398124
-0.00289589
-0.000123588
-0.00307355
-3.52839e-06
-0.00319103
2.07046e-05
-0.00327523
-6.45135e-06
-0.00334264
-5.82232e-05
-0.00340159
-0.000114208
-0.00345118
-0.00015221
-0.0034775
-0.000141583
-0.00344628
-4.10515e-05
-0.00330545
0.000195545
-0.00298392
0.000611593
-0.00241574
0.00120315
-0.00158577
0.00185335
-0.000629577
0.00221299
0.00151805
-0.000715519
-0.00113144
-0.00186117
-0.00110191
-0.00282584
-0.00063167
-0.00346268
-0.000252715
-0.0038214
-3.92416e-05
-0.0040067
6.18606e-05
-0.00409541
8.53261e-05
-0.00414268
6.81146e-05
-0.00418191
3.29168e-05
-0.004231
-8.99953e-06
-0.00429558
-4.9495e-05
-0.00436644
-8.12278e-05
-0.00441647
-9.14278e-05
-0.00439462
-6.27841e-05
-0.00422726
2.83001e-05
-0.00381614
0.00020058
-0.00307932
0.000466439
-0.00200677
0.000780901
-0.000783361
0.00098965
0.000734722
-0.00113138
-0.00223315
-0.00286467
-0.00311723
-0.00315632
-0.00309431
-0.00300885
-0.0029406
-0.00290756
-0.00291645
-0.00296583
-0.00304695
-0.00313828
-0.00320097
-0.00317259
-0.00297192
-0.00250541
-0.00172444
-0.000734743
)
;

boundaryField
{
    leftWall
    {
        type            calculated;
        value           nonuniform List<scalar> 10(0 0 0 -1.0842e-19 0 0 -4.33681e-19 0 0 -8.67362e-19);
    }
    rightWall
    {
        type            calculated;
        value           nonuniform List<scalar> 10(0 0 0 4.33681e-19 -4.33681e-19 0 0 0 0 0);
    }
    topWall
    {
        type            calculated;
        value           uniform 0;
    }
    bottomWall
    {
        type            calculated;
        value           uniform 0;
    }
    frontAndBackPlanes
    {
        type            empty;
    }
}


// ************************************************************************* //
