/*--------------------------------*- C++ -*----------------------------------*\
| =========                 |                                                 |
| \\      /  F ield         | OpenFOAM: The Open Source CFD Toolbox           |
|  \\    /   O peration     | Version:  2506                                  |
|   \\  /    A nd           | Website:  www.openfoam.com                      |
|    \\/     M anipulation  |                                                 |
\*---------------------------------------------------------------------------*/
FoamFile
{
    version     2.0;
    format      ascii;
    arch        "LSB;label=32;scalar=64";
    class       volVectorField;
    location    "102.6";
    object      U;
}
// * * * * * * * * * * * * * * * * * * * * * * * * * * * * * * * * * * * * * //

dimensions      [0 1 -1 0 0 0 0];

internalField   nonuniform List<vector> 
200
(
(0.000363024 -0.00101535 0)
(0.00201832 -0.00131745 0)
(0.00385287 -0.00099179 0)
(0.00536047 -0.00056327 0)
(0.00633239 -0.00022909 0)
(0.00687916 -3.6494e-05 0)
(0.00717177 2.75093e-05 0)
(0.00736709 -4.15929e-06 0)
(0.00758574 -9.98927e-05 0)
(0.00791253 -0.000238641 0)
(0.00840469 -0.000411418 0)
(0.0091004 -0.000617227 0)
(0.0100208 -0.000853447 0)
(0.011157 -0.00109848 0)
(0.0124264 -0.00128133 0)
(0.0135742 -0.00122767 0)
(0.0140246 -0.000575734 0)
(0.0128751 0.00121878 0)
(0.0092113 0.00424154 0)
(0.00277506 0.00588789 0)
(0.00046137 -0.00413276 0)
(0.00300663 -0.00653605 0)
(0.00584623 -0.00598694 0)
(0.00833968 -0.00441524 0)
(0.0101768 -0.00283352 0)
(0.0114039 -0.00167288 0)
(0.0122008 -0.00103079 0)
(0.0127578 -0.000845981 0)
(0.0132287 -0.00100516 0)
(0.0137193 -0.00139853 0)
(0.0142896 -0.00193837 0)
(0.0149577 -0.00254902 0)
(0.0156942 -0.00313043 0)
(0.016401 -0.00349318 0)
(0.016871 -0.00326413 0)
(0.0167351 -0.00178047 0)
(0.0153979 0.00192223 0)
(0.0121984 0.0085531 0)
(0.00709556 0.0166065 0)
(0.00120998 0.0168984 0)
(0.000465535 -0.00749761 0)
(0.00300756 -0.0122497 0)
(0.00576544 -0.0116163 0)
(0.00818602 -0.00896435 0)
(0.00999233 -0.00614283 0)
(0.0112299 -0.00395515 0)
(0.0120569 -0.00260749 0)
(0.0126308 -0.00201687 0)
(0.0130703 -0.00199537 0)
(0.0134495 -0.00234504 0)
(0.0138026 -0.00288987 0)
(0.0141262 -0.00345999 0)
(0.0143736 -0.0038346 0)
(0.0144364 -0.00364998 0)
(0.014118 -0.00229319 0)
(0.013097 0.00114589 0)
(0.0110596 0.00757886 0)
(0.00785065 0.0170865 0)
(0.00389823 0.0263714 0)
(0.000453086 0.0227802 0)
(0.000428013 -0.010687 0)
(0.00264538 -0.0174222 0)
(0.00488435 -0.0165059 0)
(0.00673085 -0.0127758 0)
(0.0080233 -0.00883466 0)
(0.00885803 -0.00577111 0)
(0.00939007 -0.00383415 0)
(0.00974253 -0.00288372 0)
(0.00998962 -0.00265052 0)
(0.0101673 -0.00286277 0)
(0.0102867 -0.0032824 0)
(0.0103391 -0.00367561 0)
(0.010289 -0.00373381 0)
(0.0100567 -0.00296556 0)
(0.00949888 -0.000610353 0)
(0.00840918 0.00429469 0)
(0.00666064 0.0124759 0)
(0.00427409 0.0233991 0)
(0.00172745 0.0324353 0)
(7.79634e-05 0.0254698 0)
(0.000371176 -0.0134046 0)
(0.00206601 -0.0214374 0)
(0.00351813 -0.0199389 0)
(0.00452402 -0.0151665 0)
(0.00508723 -0.0103355 0)
(0.00536464 -0.00668014 0)
(0.00549868 -0.00439593 0)
(0.00556717 -0.0032424 0)
(0.00559662 -0.00287017 0)
(0.00558995 -0.00296257 0)
(0.00554454 -0.0032583 0)
(0.00545454 -0.00349625 0)
(0.00529958 -0.00331158 0)
(0.00502679 -0.00212015 0)
(0.00452883 0.00093144 0)
(0.00371676 0.00676648 0)
(0.00255615 0.0159103 0)
(0.00119471 0.0272675 0)
(4.62032e-05 0.0354035 0)
(-0.000170948 0.026101 0)
(0.00028708 -0.0154461 0)
(0.0012302 -0.0238713 0)
(0.00163341 -0.0214944 0)
(0.00159834 -0.0158313 0)
(0.00132379 -0.0104649 0)
(0.000998305 -0.00658671 0)
(0.000714139 -0.00424441 0)
(0.000484518 -0.00308034 0)
(0.000290248 -0.00269166 0)
(0.000112146 -0.00275458 0)
(-6.00311e-05 -0.00301315 0)
(-0.000235039 -0.00319293 0)
(-0.000432783 -0.00288467 0)
(-0.000688377 -0.00144276 0)
(-0.00104755 0.0020102 0)
(-0.00148505 0.00829476 0)
(-0.00188347 0.0176503 0)
(-0.00199395 0.0285413 0)
(-0.00154794 0.0353774 0)
(-0.000365626 0.0250097 0)
(0.000155671 -0.016428 0)
(-3.94005e-05 -0.0241121 0)
(-0.00104138 -0.0206428 0)
(-0.00230978 -0.0144481 0)
(-0.00349375 -0.00907892 0)
(-0.00444514 -0.00543598 0)
(-0.00516248 -0.00334844 0)
(-0.00570402 -0.00237292 0)
(-0.00612951 -0.00210498 0)
(-0.00648016 -0.00224517 0)
(-0.00678188 -0.00255043 0)
(-0.00705489 -0.00273809 0)
(-0.00731498 -0.00238677 0)
(-0.00755479 -0.000878105 0)
(-0.00770362 0.00254907 0)
(-0.00758149 0.00853192 0)
(-0.00692939 0.0170983 0)
(-0.0054898 0.0266511 0)
(-0.00327405 0.0321115 0)
(-0.000601138 0.0221302 0)
(-0.000163995 -0.0156389 0)
(-0.00210577 -0.0211634 0)
(-0.00482516 -0.0167664 0)
(-0.00741915 -0.0107852 0)
(-0.00945545 -0.00612615 0)
(-0.0109116 -0.00322613 0)
(-0.0119243 -0.0017198 0)
(-0.0126444 -0.00114584 0)
(-0.0131872 -0.0011401 0)
(-0.0136332 -0.0014461 0)
(-0.0140333 -0.00185482 0)
(-0.0144081 -0.0021177 0)
(-0.0147374 -0.00187966 0)
(-0.0149299 -0.000654024 0)
(-0.0147741 0.00212301 0)
(-0.0139597 0.00691825 0)
(-0.0121283 0.0137002 0)
(-0.00905863 0.0211588 0)
(-0.00504353 0.025309 0)
(-0.000855052 0.0173587 0)
(-0.000787706 -0.0119569 0)
(-0.00507111 -0.0141276 0)
(-0.00945065 -0.00968548 0)
(-0.0128663 -0.00511301 0)
(-0.0150584 -0.00207396 0)
(-0.0163206 -0.000486717 0)
(-0.017032 0.000113306 0)
(-0.017476 0.000138818 0)
(-0.0178153 -0.000145378 0)
(-0.0181547 -0.00057954 0)
(-0.0185519 -0.00103981 0)
(-0.0190068 -0.00138433 0)
(-0.0194522 -0.0014103 0)
(-0.0197253 -0.000836343 0)
(-0.0195288 0.000681915 0)
(-0.0184212 0.00348184 0)
(-0.0159357 0.00761197 0)
(-0.0118136 0.0123315 0)
(-0.00649273 0.0152315 0)
(-0.00110181 0.0107874 0)
(-0.00190879 -0.00407906 0)
(-0.00682981 -0.00366827 0)
(-0.0104575 -0.00178777 0)
(-0.012462 -0.000421374 0)
(-0.0132194 0.000251065 0)
(-0.0133275 0.000469707 0)
(-0.0131832 0.000446237 0)
(-0.0130005 0.000324723 0)
(-0.0129101 0.000167772 0)
(-0.0129689 -5.19625e-06 0)
(-0.0131942 -0.000180672 0)
(-0.0135795 -0.000344324 0)
(-0.0140708 -0.000468205 0)
(-0.0145411 -0.00049928 0)
(-0.0147576 -0.000347168 0)
(-0.0143728 0.00013033 0)
(-0.0129204 0.00105558 0)
(-0.0100177 0.00237814 0)
(-0.00587474 0.00354962 0)
(-0.00140157 0.00301129 0)
)
;

boundaryField
{
    leftWall
    {
        type            fixedValue;
        value           uniform (0 0 0);
    }
    rightWall
    {
        type            fixedValue;
        value           uniform (0 0 0);
    }
    topWall
    {
        type            fixedValue;
        value           uniform (0 0 0);
    }
    bottomWall
    {
        type            fixedValue;
        value           uniform (0 0 0);
    }
    frontAndBackPlanes
    {
        type            empty;
    }
}


// ************************************************************************* //
