/*--------------------------------*- C++ -*----------------------------------*\
| =========                 |                                                 |
| \\      /  F ield         | OpenFOAM: The Open Source CFD Toolbox           |
|  \\    /   O peration     | Version:  2506                                  |
|   \\  /    A nd           | Website:  www.openfoam.com                      |
|    \\/     M anipulation  |                                                 |
\*---------------------------------------------------------------------------*/
FoamFile
{
    version     2.0;
    format      ascii;
    arch        "LSB;label=32;scalar=64";
    class       volVectorField;
    location    "31.8";
    object      U;
}
// * * * * * * * * * * * * * * * * * * * * * * * * * * * * * * * * * * * * * //

dimensions      [0 1 -1 0 0 0 0];

internalField   nonuniform List<vector> 
200
(
(-0.000239531 -9.82348e-05 0)
(-7.37916e-05 -0.000246746 0)
(0.000679687 -0.000370315 0)
(0.00176911 -0.000499441 0)
(0.00301207 -0.000578208 0)
(0.0043349 -0.000600402 0)
(0.00565034 -0.000586843 0)
(0.00690289 -0.000562977 0)
(0.0080756 -0.00055244 0)
(0.00918303 -0.000574419 0)
(0.0102606 -0.00064232 0)
(0.0113521 -0.000762543 0)
(0.0124941 -0.000930899 0)
(0.0136922 -0.00112222 0)
(0.0148776 -0.00126648 0)
(0.0158141 -0.0011942 0)
(0.0159778 -0.000537509 0)
(0.0144748 0.00130466 0)
(0.0103215 0.00455103 0)
(0.00309645 0.00651607 0)
(5.40725e-05 -0.000713756 0)
(0.000919682 -0.00213316 0)
(0.00257711 -0.00336327 0)
(0.00476397 -0.00425588 0)
(0.0072113 -0.00472702 0)
(0.00970676 -0.00482697 0)
(0.0120988 -0.00466898 0)
(0.0142975 -0.00438107 0)
(0.0162656 -0.004076 0)
(0.0180015 -0.0038345 0)
(0.0195177 -0.0036955 0)
(0.0208171 -0.00364672 0)
(0.021867 -0.00360743 0)
(0.0225684 -0.00339265 0)
(0.0227165 -0.0026453 0)
(0.0219523 -0.000728783 0)
(0.0197054 0.00332329 0)
(0.0153388 0.0103379 0)
(0.00887348 0.0189852 0)
(0.00153143 0.019348 0)
(0.000153909 -0.0019547 0)
(0.00156138 -0.00539372 0)
(0.00385845 -0.00803722 0)
(0.0066698 -0.00968103 0)
(0.00960702 -0.0103536 0)
(0.0124091 -0.0102512 0)
(0.0149278 -0.00964017 0)
(0.0170998 -0.00877663 0)
(0.0189173 -0.00785918 0)
(0.0203998 -0.00700595 0)
(0.0215654 -0.00624337 0)
(0.0224051 -0.00549419 0)
(0.0228577 -0.00455563 0)
(0.0227867 -0.00306058 0)
(0.0219505 -0.000418212 0)
(0.0200145 0.00419742 0)
(0.0166724 0.0116395 0)
(0.0118022 0.0220704 0)
(0.00599984 0.0321283 0)
(0.000787334 0.0275118 0)
(0.000212834 -0.00379613 0)
(0.00196467 -0.00970206 0)
(0.00458622 -0.013696 0)
(0.00755883 -0.0157656 0)
(0.0104144 -0.0161949 0)
(0.0128922 -0.01545 0)
(0.0148953 -0.0140254 0)
(0.0164324 -0.0123329 0)
(0.0175664 -0.0106508 0)
(0.0183742 -0.00911003 0)
(0.0189136 -0.00769333 0)
(0.019198 -0.00622867 0)
(0.0191768 -0.00437283 0)
(0.0187205 -0.00159011 0)
(0.0175809 0.0028502 0)
(0.0155503 0.00974413 0)
(0.012435 0.0197257 0)
(0.00829212 0.032193 0)
(0.00380383 0.0420776 0)
(0.000387888 0.0325964 0)
(0.000264823 -0.0059781 0)
(0.00212747 -0.0144165 0)
(0.00464504 -0.0194222 0)
(0.00722555 -0.0213869 0)
(0.00940297 -0.0210282 0)
(0.0109846 -0.0192097 0)
(0.0119769 -0.0167159 0)
(0.0124954 -0.0141211 0)
(0.0126936 -0.0117574 0)
(0.0127125 -0.00972946 0)
(0.012649 -0.00793659 0)
(0.0125358 -0.00607882 0)
(0.01233 -0.00365261 0)
(0.0118985 3.95599e-05 0)
(0.0110285 0.00580047 0)
(0.00955132 0.0143777 0)
(0.00734661 0.0261079 0)
(0.00453889 0.0396668 0)
(0.00173172 0.0487079 0)
(6.26465e-05 0.0353302 0)
(0.000280963 -0.00819481 0)
(0.0018517 -0.0187192 0)
(0.00363746 -0.0240731 0)
(0.00511954 -0.0252914 0)
(0.00596255 -0.0236673 0)
(0.00612388 -0.0205456 0)
(0.00575672 -0.0170054 0)
(0.00508764 -0.0137429 0)
(0.0043363 -0.0110816 0)
(0.00366656 -0.00903695 0)
(0.00316597 -0.00737197 0)
(0.0028442 -0.00562508 0)
(0.00264139 -0.00312373 0)
(0.00242834 0.000972687 0)
(0.00206263 0.00751825 0)
(0.00145224 0.017143 0)
(0.000609319 0.0298413 0)
(-0.000255873 0.0436651 0)
(-0.000734998 0.0514388 0)
(-0.000288966 0.0356398 0)
(0.00020851 -0.00983097 0)
(0.000833497 -0.021265 0)
(0.00104385 -0.0260444 0)
(0.000617268 -0.0259678 0)
(-0.000489184 -0.0229147 0)
(-0.00208179 -0.018676 0)
(-0.00386666 -0.0145499 0)
(-0.00559848 -0.0112239 0)
(-0.00709805 -0.00888402 0)
(-0.00827362 -0.00736515 0)
(-0.00910917 -0.00626039 0)
(-0.00963671 -0.00497367 0)
(-0.00990478 -0.00274769 0)
(-0.00994217 0.00127329 0)
(-0.00972843 0.00786786 0)
(-0.00916934 0.0174633 0)
(-0.00809127 0.0297386 0)
(-0.00628272 0.042464 0)
(-0.00375355 0.0488318 0)
(-0.000722224 0.0329682 0)
(-4.21432e-05 -0.00987235 0)
(-0.00120427 -0.020207 0)
(-0.00344041 -0.0234292 0)
(-0.00640382 -0.021946 0)
(-0.0096474 -0.0180555 0)
(-0.0128034 -0.0136262 0)
(-0.0156282 -0.00984027 0)
(-0.0180089 -0.00718506 0)
(-0.0199325 -0.00564967 0)
(-0.021444 -0.00492796 0)
(-0.0225993 -0.00454731 0)
(-0.0234241 -0.00392435 0)
(-0.023879 -0.00238796 0)
(-0.0238166 0.000779555 0)
(-0.022969 0.00622028 0)
(-0.0210387 0.0142458 0)
(-0.0177233 0.0244719 0)
(-0.0129033 0.0349063 0)
(-0.00707205 0.0399387 0)
(-0.00121152 0.0268012 0)
(-0.000479914 -0.00729511 0)
(-0.00387285 -0.0141374 0)
(-0.00871736 -0.0154571 0)
(-0.0139092 -0.0134426 0)
(-0.0185863 -0.0100429 0)
(-0.0223824 -0.00669 0)
(-0.0252772 -0.0041574 0)
(-0.027438 -0.00266354 0)
(-0.0290959 -0.00208078 0)
(-0.0304571 -0.00211203 0)
(-0.031645 -0.00238995 0)
(-0.0326659 -0.00251208 0)
(-0.033386 -0.00204354 0)
(-0.0335097 -0.000516744 0)
(-0.0325573 0.00254771 0)
(-0.0300099 0.00746746 0)
(-0.0253408 0.0140502 0)
(-0.0183888 0.0210246 0)
(-0.00995387 0.0248082 0)
(-0.001689 0.017142 0)
(-0.000883502 -0.00207352 0)
(-0.00451216 -0.00355786 0)
(-0.0092833 -0.0035062 0)
(-0.0138122 -0.00266555 0)
(-0.0172865 -0.00161758 0)
(-0.0195752 -0.000726216 0)
(-0.0209098 -0.000146644 0)
(-0.021643 0.000110695 0)
(-0.0221095 0.00010609 0)
(-0.0225606 -7.77243e-05 0)
(-0.0231423 -0.000356304 0)
(-0.0238869 -0.000646089 0)
(-0.0247018 -0.000855568 0)
(-0.0253474 -0.000869144 0)
(-0.0254239 -0.000521174 0)
(-0.0243655 0.00041932 0)
(-0.0214961 0.002069 0)
(-0.0163669 0.00424341 0)
(-0.00946121 0.00600383 0)
(-0.00225437 0.00490874 0)
)
;

boundaryField
{
    leftWall
    {
        type            fixedValue;
        value           uniform (0 0 0);
    }
    rightWall
    {
        type            fixedValue;
        value           uniform (0 0 0);
    }
    topWall
    {
        type            fixedValue;
        value           uniform (0 0 0);
    }
    bottomWall
    {
        type            fixedValue;
        value           uniform (0 0 0);
    }
    frontAndBackPlanes
    {
        type            empty;
    }
}


// ************************************************************************* //
