/*--------------------------------*- C++ -*----------------------------------*\
| =========                 |                                                 |
| \\      /  F ield         | OpenFOAM: The Open Source CFD Toolbox           |
|  \\    /   O peration     | Version:  2506                                  |
|   \\  /    A nd           | Website:  www.openfoam.com                      |
|    \\/     M anipulation  |                                                 |
\*---------------------------------------------------------------------------*/
FoamFile
{
    version     2.0;
    format      ascii;
    arch        "LSB;label=32;scalar=64";
    class       surfaceScalarField;
    location    "120.4";
    object      phi;
}
// * * * * * * * * * * * * * * * * * * * * * * * * * * * * * * * * * * * * * //

dimensions      [1 0 -1 0 0 0 0];

oriented        oriented;

internalField   nonuniform List<scalar> 
370
(
0.000323705
-0.000358272
0.000852077
-0.000528311
0.00130945
-0.000457282
0.00162308
-0.000313527
0.00180245
-0.000179248
0.00188836
-8.5774e-05
0.00192573
-3.72299e-05
0.00195166
-2.57699e-05
0.00199291
-4.10917e-05
0.0020674
-7.43205e-05
0.00218624
-0.000118664
0.00235559
-0.000169173
0.00257588
-0.000220096
0.00283576
-0.00025969
0.00309848
-0.000262526
0.0032763
-0.000177614
0.00319802
7.84811e-05
0.00265115
0.00054708
0.00143676
0.00121456
0.00143686
0.000444608
-0.000802848
0.00119002
-0.00127363
0.00190009
-0.00116723
0.00244674
-0.000860044
0.00281689
-0.000549245
0.00304734
-0.000316065
0.00318824
-0.000177969
0.00328534
-0.0001227
0.00337264
-0.000128222
0.00347127
-0.000172769
0.00359096
-0.000238172
0.00373036
-0.000308388
0.00387433
-0.000363878
0.00398701
-0.000372181
0.00400054
-0.000275857
0.00380886
1.42691e-05
0.00327365
0.000613899
0.0022645
0.00155643
0.00091365
0.00256559
0.00235059
0.000427705
-0.00123051
0.0011237
-0.00196952
0.00178394
-0.00182732
0.00229708
-0.001373
0.00265418
-0.000906162
0.00288773
-0.000549413
0.00303866
-0.000328704
0.0031418
-0.000225649
0.00322125
-0.000207472
0.00329035
-0.000241676
0.00335283
-0.000300451
0.00340266
-0.00035802
0.00342142
-0.000382435
0.00337318
-0.000323733
0.00320041
-0.000102879
0.00282852
0.000386364
0.00220696
0.00123567
0.0013474
0.0024162
0.00045459
0.00345858
0.00280526
0.00036567
-0.00159613
0.000922724
-0.00252645
0.00141597
-0.00232038
0.00177344
-0.00173026
0.00200718
-0.00113969
0.00215374
-0.00069575
0.00224681
-0.000421559
0.00230897
-0.00028759
0.0023522
-0.00025049
0.00238113
-0.000270394
0.0023954
-0.00031451
0.00238948
-0.00035188
0.00234972
-0.000342461
0.00225032
-0.000224119
0.0020529
9.47626e-05
0.00172075
0.000718736
0.00123945
0.0017172
0.000663714
0.00299214
0.000167262
0.0039552
0.0029726
0.000281539
-0.00187762
0.000648868
-0.00289364
0.000917993
-0.00258931
0.00107062
-0.00188266
0.00114421
-0.00121305
0.00117796
-0.000729275
0.00119559
-0.000438956
0.00120618
-0.000297967
0.00121065
-0.000254734
0.00120739
-0.000266917
0.0011946
-0.000301507
0.00116889
-0.000325952
0.00112166
-0.000295006
0.00103605
-0.000138289
0.00088895
0.00024209
0.000665699
0.000942215
0.000379733
0.00200339
0.00010276
0.00326933
-4.20667e-05
0.0041002
0.0029306
0.000172602
-0.00205017
0.000296566
-0.00301745
0.000296862
-0.0025894
0.000221211
-0.00180679
0.000127371
-0.00111898
4.6629e-05
-0.000648307
-1.39687e-05
-0.000378138
-5.93251e-05
-0.000252394
-9.63513e-05
-0.000217492
-0.000129715
-0.00023334
-0.00016206
-0.000268947
-0.000196714
-0.000291083
-0.00024
-0.000251504
-0.000300325
-7.77422e-05
-0.000379837
0.00032183
-0.000465293
0.0010279
-0.000514048
0.00205238
-0.000455122
0.00321061
-0.000241679
0.00388691
0.00268899
-1.67163e-07
-0.00204994
-0.000191617
-0.00282584
-0.000506716
-0.00227409
-0.000828933
-0.00148435
-0.00109494
-0.000852756
-0.00129272
-0.000450318
-0.00143509
-0.000235557
-0.00153971
-0.000147566
-0.00162026
-0.000136733
-0.00168529
-0.0001681
-0.00174023
-0.000213801
-0.00178884
-0.000242264
-0.00183163
-0.00020851
-0.00186022
-4.89303e-05
-0.00184614
0.000307962
-0.00174401
0.000925997
-0.00149218
0.00180075
-0.0010428
0.00276142
-0.000444201
0.00328846
0.00224484
-0.000267607
-0.00178226
-0.000888572
-0.0022047
-0.00156405
-0.00159841
-0.00212726
-0.00092092
-0.00253825
-0.000441553
-0.00281949
-0.000168873
-0.00300924
-4.56018e-05
-0.00314122
-1.53943e-05
-0.00324016
-3.75968e-05
-0.00332211
-8.59501e-05
-0.00339542
-0.000140304
-0.00345953
-0.000177966
-0.00350085
-0.000166995
-0.00348568
-6.39188e-05
-0.00335835
0.000180824
-0.00304518
0.000613019
-0.00247597
0.00123172
-0.00163222
0.00191784
-0.000650986
0.00230735
0.0015939
-0.000689448
-0.00109274
-0.00180686
-0.00108712
-0.00276303
-0.000642041
-0.00340863
-0.000275112
-0.00378745
-6.25279e-05
-0.00399296
3.68327e-05
-0.00410376
6.53849e-05
-0.00417114
5.21727e-05
-0.00422816
1.95942e-05
-0.00429408
-1.98614e-05
-0.00437449
-5.97265e-05
-0.00446095
-9.13438e-05
-0.0045262
-0.00010159
-0.00451779
-7.21778e-05
-0.00435933
2.25089e-05
-0.00394747
0.000201306
-0.0031953
0.000479691
-0.00208921
0.000811884
-0.000818493
0.00103672
0.00077545
-0.00109266
-0.0021796
-0.00282145
-0.00309636
-0.00315869
-0.00312167
-0.00305611
-0.00300377
-0.00298402
-0.00300373
-0.00306331
-0.00315453
-0.00325599
-0.00332805
-0.00330543
-0.00310402
-0.00262423
-0.00181226
-0.000775478
)
;

boundaryField
{
    leftWall
    {
        type            calculated;
        value           uniform 0;
    }
    rightWall
    {
        type            calculated;
        value           nonuniform List<scalar> 10(0 2.1684e-19 0 0 0 -4.33681e-19 0 0 0 0);
    }
    topWall
    {
        type            calculated;
        value           uniform 0;
    }
    bottomWall
    {
        type            calculated;
        value           uniform 0;
    }
    frontAndBackPlanes
    {
        type            empty;
    }
}


// ************************************************************************* //
