/*--------------------------------*- C++ -*----------------------------------*\
| =========                 |                                                 |
| \\      /  F ield         | OpenFOAM: The Open Source CFD Toolbox           |
|  \\    /   O peration     | Version:  2506                                  |
|   \\  /    A nd           | Website:  www.openfoam.com                      |
|    \\/     M anipulation  |                                                 |
\*---------------------------------------------------------------------------*/
FoamFile
{
    version     2.0;
    format      ascii;
    arch        "LSB;label=32;scalar=64";
    class       volVectorField;
    location    "77.4";
    object      U;
}
// * * * * * * * * * * * * * * * * * * * * * * * * * * * * * * * * * * * * * //

dimensions      [0 1 -1 0 0 0 0];

internalField   nonuniform List<vector> 
200
(
(0.000153144 -0.000664141 0)
(0.00126365 -0.000910669 0)
(0.00265582 -0.000735875 0)
(0.00390122 -0.000482388 0)
(0.00480112 -0.000272602 0)
(0.00541915 -0.000145831 0)
(0.00586337 -0.000104154 0)
(0.00624279 -0.000133008 0)
(0.00664977 -0.000216027 0)
(0.00715684 -0.000342444 0)
(0.00782001 -0.000508701 0)
(0.00868237 -0.000715398 0)
(0.00977116 -0.000958619 0)
(0.0110807 -0.00121309 0)
(0.0125267 -0.00140296 0)
(0.0138443 -0.00134948 0)
(0.0144285 -0.000682545 0)
(0.0133435 0.00118017 0)
(0.00961882 0.00435917 0)
(0.00291567 0.00617366 0)
(0.000335681 -0.00289392 0)
(0.0023052 -0.00485513 0)
(0.00462995 -0.0047503 0)
(0.00678493 -0.00383159 0)
(0.00849607 -0.00280634 0)
(0.00976909 -0.00201778 0)
(0.0107224 -0.0015755 0)
(0.0114934 -0.001467 0)
(0.0122001 -0.00163244 0)
(0.0129293 -0.00200533 0)
(0.013734 -0.00252578 0)
(0.0146319 -0.00313009 0)
(0.0155945 -0.00371599 0)
(0.0165215 -0.00408022 0)
(0.0171957 -0.00382798 0)
(0.0172272 -0.00226998 0)
(0.0159962 0.00160241 0)
(0.0127796 0.00857376 0)
(0.0074986 0.0171427 0)
(0.0012942 0.0177384 0)
(0.000387096 -0.00560391 0)
(0.00257264 -0.00963583 0)
(0.00504051 -0.00966419 0)
(0.00729756 -0.00801542 0)
(0.00907749 -0.00606812 0)
(0.010392 -0.00448248 0)
(0.0113574 -0.00347582 0)
(0.0120988 -0.00303406 0)
(0.0127148 -0.00304697 0)
(0.0132698 -0.00338061 0)
(0.0137945 -0.00390099 0)
(0.0142857 -0.00445677 0)
(0.0146968 -0.00482353 0)
(0.0149161 -0.00461385 0)
(0.014736 -0.00317386 0)
(0.0138159 0.000462385 0)
(0.0117836 0.00729393 0)
(0.00845764 0.0174232 0)
(0.00426558 0.027458 0)
(0.000516238 0.0240721 0)
(0.000387795 -0.00843995 0)
(0.00247552 -0.0143978 0)
(0.00468018 -0.0143401 0)
(0.00657894 -0.0118337 0)
(0.00798135 -0.00892426 0)
(0.00894696 -0.00654736 0)
(0.00960505 -0.00498226 0)
(0.0100676 -0.00418133 0)
(0.0104081 -0.00397099 0)
(0.0106667 -0.00415395 0)
(0.0108592 -0.00453849 0)
(0.0109807 -0.00490968 0)
(0.0109979 -0.00495177 0)
(0.0108306 -0.00413892 0)
(0.0103279 -0.00164515 0)
(0.00924926 0.00359636 0)
(0.00743089 0.0123797 0)
(0.00486808 0.024163 0)
(0.00205485 0.0341004 0)
(0.000127058 0.0271515 0)
(0.000364447 -0.0110731 0)
(0.00212323 -0.018483 0)
(0.00375365 -0.0180219 0)
(0.00497992 -0.0145613 0)
(0.00574402 -0.0107563 0)
(0.00616981 -0.0077265 0)
(0.0063938 -0.0057377 0)
(0.00650443 -0.00466784 0)
(0.00654452 -0.00427304 0)
(0.00653147 -0.00430993 0)
(0.0064724 -0.00455801 0)
(0.00636703 -0.00476991 0)
(0.00619795 -0.00456922 0)
(0.00591265 -0.00332743 0)
(0.00540307 -9.8945e-05 0)
(0.00453145 0.00618654 0)
(0.00325571 0.0161026 0)
(0.00169591 0.0285027 0)
(0.000277048 0.0376181 0)
(-0.000157433 0.0281069 0)
(0.000304583 -0.013241 0)
(0.00145537 -0.0213544 0)
(0.00217593 -0.0201375 0)
(0.0024395 -0.0157375 0)
(0.00237446 -0.0112542 0)
(0.00215593 -0.00784031 0)
(0.00189619 -0.00565962 0)
(0.00163797 -0.00448875 0)
(0.00138693 -0.00402678 0)
(0.00114041 -0.00401183 0)
(0.000897507 -0.00421763 0)
(0.000653582 -0.00437625 0)
(0.000389237 -0.00405967 0)
(6.55023e-05 -0.002563 0)
(-0.000380823 0.00111269 0)
(-0.000933884 0.00793365 0)
(-0.00147061 0.0181835 0)
(-0.00174196 0.0302192 0)
(-0.00145753 0.0380097 0)
(-0.000366938 0.0272073 0)
(0.00017837 -0.0145078 0)
(0.000279194 -0.0222384 0)
(-0.000353845 -0.019978 0)
(-0.00135765 -0.0148609 0)
(-0.00240247 -0.0101259 0)
(-0.00332924 -0.00674065 0)
(-0.00409909 -0.00468173 0)
(-0.00473471 -0.00362883 0)
(-0.00527214 -0.00325835 0)
(-0.00573907 -0.00331515 0)
(-0.00615488 -0.0035727 0)
(-0.00653881 -0.00374225 0)
(-0.00691106 -0.00337014 0)
(-0.00727244 -0.00177016 0)
(-0.00756046 0.00192532 0)
(-0.00757365 0.00846267 0)
(-0.00702499 0.0179061 0)
(-0.0056333 0.0285434 0)
(-0.00340038 0.034847 0)
(-0.000635165 0.0242901 0)
(-0.000109665 -0.0140897 0)
(-0.00172848 -0.0199669 0)
(-0.00415313 -0.0166754 0)
(-0.00658898 -0.0115026 0)
(-0.00861184 -0.00722057 0)
(-0.0101579 -0.00440007 0)
(-0.0113157 -0.00282496 0)
(-0.0122026 -0.0021284 0)
(-0.0129178 -0.00200542 0)
(-0.0135328 -0.00223033 0)
(-0.0140954 -0.00259753 0)
(-0.0146285 -0.00284269 0)
(-0.0151153 -0.00257359 0)
(-0.0154644 -0.00124246 0)
(-0.0154526 0.00179178 0)
(-0.0147249 0.00706039 0)
(-0.0128863 0.0145658 0)
(-0.00968635 0.0229064 0)
(-0.0054299 0.0277187 0)
(-0.000931029 0.0192131 0)
(-0.000695319 -0.0108699 0)
(-0.00461471 -0.0135567 0)
(-0.00880892 -0.00995406 0)
(-0.0122497 -0.00586559 0)
(-0.0146199 -0.0029673 0)
(-0.0161349 -0.00132634 0)
(-0.0171035 -0.000595631 0)
(-0.0177758 -0.000439136 0)
(-0.018325 -0.000623458 0)
(-0.0188591 -0.000995377 0)
(-0.0194366 -0.00142833 0)
(-0.0200652 -0.00176538 0)
(-0.020679 -0.00177657 0)
(-0.0211056 -0.00114233 0)
(-0.021025 0.000526544 0)
(-0.0199391 0.00361178 0)
(-0.0173317 0.00819557 0)
(-0.0129092 0.0134874 0)
(-0.00713476 0.0168347 0)
(-0.00122178 0.0120431 0)
(-0.00171748 -0.00368317 0)
(-0.00629245 -0.00354101 0)
(-0.00990827 -0.00193214 0)
(-0.0121216 -0.000673428 0)
(-0.0131644 -9.97518e-07 0)
(-0.0135398 0.000264847 0)
(-0.0136266 0.000304412 0)
(-0.0136419 0.000228712 0)
(-0.0137033 9.72172e-05 0)
(-0.0138814 -6.15707e-05 0)
(-0.0142158 -0.000234269 0)
(-0.0147091 -0.000404647 0)
(-0.015311 -0.000539359 0)
(-0.0158887 -0.000577361 0)
(-0.0161861 -0.000415817 0)
(-0.015824 0.00010784 0)
(-0.0142841 0.00114 0)
(-0.0111268 0.00263259 0)
(-0.00656362 0.00397387 0)
(-0.00158015 0.00339956 0)
)
;

boundaryField
{
    leftWall
    {
        type            fixedValue;
        value           uniform (0 0 0);
    }
    rightWall
    {
        type            fixedValue;
        value           uniform (0 0 0);
    }
    topWall
    {
        type            fixedValue;
        value           uniform (0 0 0);
    }
    bottomWall
    {
        type            fixedValue;
        value           uniform (0 0 0);
    }
    frontAndBackPlanes
    {
        type            empty;
    }
}


// ************************************************************************* //
