/*--------------------------------*- C++ -*----------------------------------*\
| =========                 |                                                 |
| \\      /  F ield         | OpenFOAM: The Open Source CFD Toolbox           |
|  \\    /   O peration     | Version:  2506                                  |
|   \\  /    A nd           | Website:  www.openfoam.com                      |
|    \\/     M anipulation  |                                                 |
\*---------------------------------------------------------------------------*/
FoamFile
{
    version     2.0;
    format      ascii;
    arch        "LSB;label=32;scalar=64";
    class       surfaceScalarField;
    location    "125.6";
    object      phi;
}
// * * * * * * * * * * * * * * * * * * * * * * * * * * * * * * * * * * * * * //

dimensions      [1 0 -1 0 0 0 0];

oriented        oriented;

internalField   nonuniform List<scalar> 
370
(
0.000340154
-0.000372529
0.000886835
-0.000546624
0.00135761
-0.000470696
0.00167793
-0.00032021
0.0018584
-0.000180356
0.00194171
-8.31852e-05
0.00197447
-3.26268e-05
0.00199487
-2.0259e-05
0.00203028
-3.52588e-05
0.00209895
-6.85043e-05
0.00221199
-0.000112876
0.00237543
-0.00016327
0.0025895
-0.000213894
0.00284274
-0.000253052
0.00309836
-0.000255429
0.00326875
-0.000170202
0.00318503
8.39141e-05
0.00263566
0.000549569
0.00142559
0.00121024
0.00142568
0.000457731
-0.000830229
0.00122223
-0.00131104
0.00194738
-0.00119574
0.00250253
-0.000875223
0.00287513
-0.000552811
0.00310361
-0.000311517
0.00323976
-0.000168625
0.00333065
-0.000110991
0.00341118
-0.000115623
0.00350281
-0.000159973
0.00361542
-0.000225321
0.00374765
-0.000295318
0.00388427
-0.000350344
0.0039895
-0.000358092
0.00399587
-0.000261612
0.00379761
2.8252e-05
0.00325844
0.000623274
0.00225058
0.00155763
0.000906669
0.00255432
0.00233243
0.000435312
-0.0012655
0.00114157
-0.00201719
0.00180899
-0.00186302
0.00232509
-0.00139116
0.00268172
-0.000909263
0.00291254
-0.000542161
0.00305955
-0.000315449
0.00315826
-0.000209514
0.00323312
-0.000190304
0.00329765
-0.000224316
0.00335557
-0.000283056
0.00340082
-0.00034038
0.00341494
-0.000364274
0.00336208
-0.000305042
0.00318503
-8.4361e-05
0.00281129
0.000402192
0.00219013
0.00124464
0.00133487
0.00241308
0.000449332
0.00344001
0.00278184
0.000368307
-0.00163376
0.000926872
-0.00257563
0.00141887
-0.00235484
0.00177307
-0.00174517
0.00200281
-0.0011388
0.00214558
-0.00068472
0.0022355
-0.000405166
0.00229519
-0.000269004
0.00233647
-0.000231384
0.00236377
-0.000251417
0.00237658
-0.000295659
0.00236922
-0.000332826
0.00232803
-0.000322878
0.00222734
-0.000204154
0.00202934
0.000113854
0.00169835
0.000733386
0.00122064
0.00172256
0.000651319
0.0029826
0.000162707
0.00392879
0.00294462
0.00028019
-0.00191391
0.00064215
-0.00293746
0.000903821
-0.00261633
0.00104916
-0.0018903
0.00111704
-0.00120646
0.00114708
-0.000714548
0.00116295
-0.000420828
0.00117307
-0.000278914
0.00117783
-0.000235938
0.00117529
-0.000248673
0.00116342
-0.000283585
0.00113868
-0.000307884
0.00109244
-0.000276431
0.00100802
-0.000119527
0.000862909
0.000259174
0.000642881
0.000953627
0.000362136
0.00200352
9.2251e-05
0.00325269
-4.5605e-05
0.0040668
0.00289907
0.00016849
-0.00208234
0.000282715
-0.00305154
0.000272532
-0.00260595
0.00018874
-0.0018063
9.00282e-05
-0.00110753
7.27275e-06
-0.000631582
-5.36558e-05
-0.000359694
-9.79775e-05
-0.00023439
-0.000133266
-0.000200448
-0.000164549
-0.000217189
-0.000194666
-0.000253268
-0.000227019
-0.000275331
-0.000267859
-0.000235389
-0.000325398
-6.17816e-05
-0.000401246
0.000335235
-0.000482037
0.00103463
-0.000525184
0.00204687
-0.000460429
0.00318813
-0.000242565
0.00384908
0.00265657
-5.98152e-06
-0.0020763
-0.000208341
-0.00284903
-0.000533527
-0.00228057
-0.000862199
-0.00147742
-0.00113097
-0.000838561
-0.00132884
-0.000433508
-0.00146955
-0.000218787
-0.00157173
-0.000132011
-0.00164939
-0.000122602
-0.00171131
-0.000155074
-0.00176305
-0.000201335
-0.00180834
-0.000229851
-0.00184747
-0.000196063
-0.00187192
-3.71252e-05
-0.00185306
0.000316575
-0.00174621
0.000927985
-0.00149058
0.00179144
-0.00103941
0.00273714
-0.000441762
0.00325157
0.00221486
-0.000273994
-0.00180224
-0.00090493
-0.00221794
-0.00158761
-0.0015977
-0.00215372
-0.000911113
-0.0025641
-0.000427985
-0.00284263
-0.000154789
-0.00302851
-3.27152e-05
-0.0031561
-4.23879e-06
-0.00325052
-2.79971e-05
-0.00332799
-7.74284e-05
-0.00339685
-0.000132288
-0.00345647
-0.000170055
-0.00349316
-0.000159197
-0.00347318
-5.69307e-05
-0.00334172
0.000185288
-0.00302604
0.000612488
-0.00245724
0.00122282
-0.00161784
0.00189788
-0.000644378
0.00227823
0.00157053
-0.000697453
-0.00110472
-0.00182353
-0.0010917
-0.00278225
-0.0006388
-0.00342503
-0.000268137
-0.0037976
-5.52209e-05
-0.00399687
4.46582e-05
-0.00410096
7.1554e-05
-0.00416214
5.71092e-05
-0.00421365
2.36754e-05
-0.00427436
-1.65568e-05
-0.00434987
-5.66285e-05
-0.00443151
-8.82658e-05
-0.00449208
-9.84872e-05
-0.00447956
-6.93089e-05
-0.00431839
2.42618e-05
-0.00390682
0.000201055
-0.00315945
0.00047558
-0.00206377
0.000802316
-0.000807661
0.00102221
0.000762902
-0.00110464
-0.00219619
-0.0028348
-0.00310275
-0.00315779
-0.00311296
-0.00304124
-0.00298398
-0.00296016
-0.00297657
-0.00303307
-0.00312121
-0.00321958
-0.00328878
-0.00326441
-0.00306326
-0.00258759
-0.0017852
-0.000762927
)
;

boundaryField
{
    leftWall
    {
        type            calculated;
        value           nonuniform List<scalar> 10(0 2.71051e-20 0 0 0 0 0 0 0 0);
    }
    rightWall
    {
        type            calculated;
        value           nonuniform List<scalar> 10(0 0 0 0 0 -4.33681e-19 0 0 0 0);
    }
    topWall
    {
        type            calculated;
        value           uniform 0;
    }
    bottomWall
    {
        type            calculated;
        value           uniform 0;
    }
    frontAndBackPlanes
    {
        type            empty;
    }
}


// ************************************************************************* //
