/*--------------------------------*- C++ -*----------------------------------*\
| =========                 |                                                 |
| \\      /  F ield         | OpenFOAM: The Open Source CFD Toolbox           |
|  \\    /   O peration     | Version:  2506                                  |
|   \\  /    A nd           | Website:  www.openfoam.com                      |
|    \\/     M anipulation  |                                                 |
\*---------------------------------------------------------------------------*/
FoamFile
{
    version     2.0;
    format      ascii;
    arch        "LSB;label=32;scalar=64";
    class       volVectorField;
    location    "125.6";
    object      U;
}
// * * * * * * * * * * * * * * * * * * * * * * * * * * * * * * * * * * * * * //

dimensions      [0 1 -1 0 0 0 0];

internalField   nonuniform List<vector> 
200
(
(0.000512215 -0.00127325 0)
(0.0025598 -0.00161863 0)
(0.00472196 -0.00118837 0)
(0.00643342 -0.000637029 0)
(0.00747843 -0.000213616 0)
(0.00799766 2.89413e-05 0)
(0.0082034 0.000113464 0)
(0.00828407 8.45564e-05 0)
(0.00837903 -1.63589e-05 0)
(0.00858244 -0.000161246 0)
(0.00895416 -0.000337361 0)
(0.00953028 -0.00054215 0)
(0.010328 -0.000772866 0)
(0.0113347 -0.00100903 0)
(0.0124657 -0.00118179 0)
(0.0134693 -0.00111994 0)
(0.0137916 -0.000472279 0)
(0.0125604 0.00127088 0)
(0.00891462 0.00416435 0)
(0.00266739 0.00566708 0)
(0.000546928 -0.00501913 0)
(0.00348743 -0.00774749 0)
(0.00668701 -0.00690523 0)
(0.00942763 -0.004893 0)
(0.011373 -0.0029293 0)
(0.012594 -0.00150442 0)
(0.0133088 -0.000709738 0)
(0.0137416 -0.000454494 0)
(0.0140701 -0.00059246 0)
(0.0144127 -0.000986365 0)
(0.0148344 -0.00152978 0)
(0.0153535 -0.00213694 0)
(0.0159392 -0.00270531 0)
(0.0164929 -0.00305003 0)
(0.0168116 -0.00281002 0)
(0.0165368 -0.00134479 0)
(0.0150927 0.00226204 0)
(0.0118648 0.00864705 0)
(0.00684812 0.0162865 0)
(0.00115689 0.016294 0)
(0.000515576 -0.00881804 0)
(0.00328496 -0.0140846 0)
(0.00622961 -0.0130219 0)
(0.0087594 -0.00970762 0)
(0.0105907 -0.00630309 0)
(0.0117901 -0.00370511 0)
(0.0125417 -0.00211368 0)
(0.0130227 -0.00140336 0)
(0.0133637 -0.00133835 0)
(0.0136443 -0.00168077 0)
(0.0138998 -0.00222692 0)
(0.0141265 -0.00279179 0)
(0.0142763 -0.00315141 0)
(0.0142412 -0.00295094 0)
(0.0138285 -0.00160171 0)
(0.0127302 0.00175382 0)
(0.0106711 0.00795268 0)
(0.00751376 0.0170336 0)
(0.00369083 0.0257427 0)
(0.000418018 0.0219127 0)
(0.000450643 -0.0122195 0)
(0.00273334 -0.0194965 0)
(0.00497663 -0.0180282 0)
(0.00677703 -0.0135041 0)
(0.00799334 -0.0088908 0)
(0.00874515 -0.0053739 0)
(0.00920282 -0.00318222 0)
(0.00949504 -0.0021173 0)
(0.0096948 -0.0018506 0)
(0.00983407 -0.00206426 0)
(0.00991983 -0.00249003 0)
(0.0099402 -0.00287878 0)
(0.00985788 -0.00292088 0)
(0.00959372 -0.00214082 0)
(0.009004 0.000182034 0)
(0.00791813 0.00492408 0)
(0.00621381 0.0127546 0)
(0.00393178 0.0231091 0)
(0.00154171 0.0314769 0)
(5.10456e-05 0.024386 0)
(0.000370817 -0.0149622 0)
(0.00200056 -0.023419 0)
(0.00331514 -0.0212603 0)
(0.0041634 -0.015652 0)
(0.00458923 -0.0101675 0)
(0.00476871 -0.00611109 0)
(0.00484667 -0.0036317 0)
(0.0048928 -0.00241213 0)
(0.00492187 -0.00203898 0)
(0.00492716 -0.00215157 0)
(0.00489945 -0.00246222 0)
(0.00482871 -0.00269774 0)
(0.00469232 -0.0024965 0)
(0.00443847 -0.00129983 0)
(0.00396761 0.00168741 0)
(0.00320425 0.00730021 0)
(0.00212652 0.0160003 0)
(0.000894179 0.0266861 0)
(-8.78678e-05 0.0341169 0)
(-0.000178229 0.0248373 0)
(0.000273477 -0.0168914 0)
(0.00106229 -0.0255245 0)
(0.00124078 -0.0224191 0)
(0.00100195 -0.0159676 0)
(0.000587457 -0.0100506 0)
(0.000188211 -0.00588076 0)
(-0.000115201 -0.00343118 0)
(-0.000328512 -0.0022636 0)
(-0.000489451 -0.00191051 0)
(-0.000624904 -0.00201139 0)
(-0.000750315 -0.00229053 0)
(-0.000877525 -0.00246676 0)
(-0.00102668 -0.00214005 0)
(-0.00122993 -0.000700366 0)
(-0.00152391 0.00265776 0)
(-0.00187676 0.00866421 0)
(-0.00217037 0.0175006 0)
(-0.00216166 0.0276643 0)
(-0.00160343 0.0338283 0)
(-0.000363991 0.0236389 0)
(0.000144207 -0.0176606 0)
(-0.000249365 -0.025315 0)
(-0.00150362 -0.0211032 0)
(-0.00295399 -0.0142516 0)
(-0.00423288 -0.00849395 0)
(-0.0052082 -0.00468739 0)
(-0.00590286 -0.00257371 0)
(-0.00639578 -0.00163745 0)
(-0.0067604 -0.00142594 0)
(-0.00704504 -0.00161318 0)
(-0.00727912 -0.00194289 0)
(-0.00748331 -0.00213168 0)
(-0.00767055 -0.00177475 0)
(-0.00782859 -0.000294674 0)
(-0.00788094 0.00300284 0)
(-0.00765896 0.00868403 0)
(-0.0069196 0.0167325 0)
(-0.00542481 0.0255982 0)
(-0.00320079 0.0304749 0)
(-0.000579659 0.0207833 0)
(-0.000199875 -0.0166154 0)
(-0.0023521 -0.0219205 0)
(-0.00526274 -0.0168526 0)
(-0.00796384 -0.0103808 0)
(-0.0100186 -0.00548625 0)
(-0.0114326 -0.00252623 0)
(-0.0123692 -0.00105684 0)
(-0.0129964 -0.000554296 0)
(-0.0134415 -0.000618978 0)
(-0.0137905 -0.00097718 0)
(-0.0140953 -0.00141241 0)
(-0.0143754 -0.00168251 0)
(-0.0146074 -0.00145288 0)
(-0.0146986 -0.000273568 0)
(-0.0144435 0.00237026 0)
(-0.0135581 0.00689913 0)
(-0.0117073 0.0132473 0)
(-0.00869307 0.0201469 0)
(-0.00480899 0.0238456 0)
(-0.000807475 0.0161984 0)
(-0.000846437 -0.0126364 0)
(-0.00535973 -0.0144872 0)
(-0.00985729 -0.00953769 0)
(-0.0132606 -0.00467454 0)
(-0.0153464 -0.00154999 0)
(-0.0164696 6.79181e-06 0)
(-0.0170398 0.000536114 0)
(-0.0173439 0.000487221 0)
(-0.0175574 0.000142657 0)
(-0.0177839 -0.00033014 0)
(-0.0180734 -0.000808454 0)
(-0.0184243 -0.00115732 0)
(-0.0187675 -0.00118858 0)
(-0.0189437 -0.000643514 0)
(-0.0186684 0.000793716 0)
(-0.0175332 0.00343022 0)
(-0.0151034 0.00728645 0)
(-0.0111476 0.0116445 0)
(-0.00609507 0.0142457 0)
(-0.00102635 0.00999795 0)
(-0.00202744 -0.00432583 0)
(-0.00716398 -0.00374858 0)
(-0.0108043 -0.00170515 0)
(-0.0126906 -0.000277174 0)
(-0.013284 0.000388894 0)
(-0.0132207 0.000571833 0)
(-0.012922 0.000520411 0)
(-0.012622 0.000377492 0)
(-0.0124382 0.000205472 0)
(-0.01242 2.63437e-05 0)
(-0.0125803 -0.000149812 0)
(-0.0129021 -0.000309732 0)
(-0.0133276 -0.000427448 0)
(-0.0137324 -0.000454188 0)
(-0.0138962 -0.00030679 0)
(-0.0134909 0.000145008 0)
(-0.0120837 0.0010068 0)
(-0.00932976 0.00222416 0)
(-0.00544256 0.00328647 0)
(-0.00128846 0.00276617 0)
)
;

boundaryField
{
    leftWall
    {
        type            fixedValue;
        value           uniform (0 0 0);
    }
    rightWall
    {
        type            fixedValue;
        value           uniform (0 0 0);
    }
    topWall
    {
        type            fixedValue;
        value           uniform (0 0 0);
    }
    bottomWall
    {
        type            fixedValue;
        value           uniform (0 0 0);
    }
    frontAndBackPlanes
    {
        type            empty;
    }
}


// ************************************************************************* //
