/*--------------------------------*- C++ -*----------------------------------*\
| =========                 |                                                 |
| \\      /  F ield         | OpenFOAM: The Open Source CFD Toolbox           |
|  \\    /   O peration     | Version:  2506                                  |
|   \\  /    A nd           | Website:  www.openfoam.com                      |
|    \\/     M anipulation  |                                                 |
\*---------------------------------------------------------------------------*/
FoamFile
{
    version     2.0;
    format      ascii;
    arch        "LSB;label=32;scalar=64";
    class       vectorField;
    location    "constant/polyMesh";
    object      points;
}
// * * * * * * * * * * * * * * * * * * * * * * * * * * * * * * * * * * * * * //


72
(
(0 0 0)
(0.2 0 0)
(0.4 0 0)
(0.6 0 0)
(0.8 0 0)
(1 0 0)
(0 0.2 0)
(0.2 0.2 0)
(0.4 0.2 0)
(0.6 0.2 0)
(0.8 0.2 0)
(1 0.2 0)
(0 0.4 0)
(0.2 0.4 0)
(0.4 0.4 0)
(0.6 0.4 0)
(0.8 0.4 0)
(1 0.4 0)
(0 0.6 0)
(0.2 0.6 0)
(0.4 0.6 0)
(0.6 0.6 0)
(0.8 0.6 0)
(1 0.6 0)
(0 0.8 0)
(0.2 0.8 0)
(0.4 0.8 0)
(0.6 0.8 0)
(0.8 0.8 0)
(1 0.8 0)
(0 1 0)
(0.2 1 0)
(0.4 1 0)
(0.6 1 0)
(0.8 1 0)
(1 1 0)
(0 0 0.01)
(0.2 0 0.01)
(0.4 0 0.01)
(0.6 0 0.01)
(0.8 0 0.01)
(1 0 0.01)
(0 0.2 0.01)
(0.2 0.2 0.01)
(0.4 0.2 0.01)
(0.6 0.2 0.01)
(0.8 0.2 0.01)
(1 0.2 0.01)
(0 0.4 0.01)
(0.2 0.4 0.01)
(0.4 0.4 0.01)
(0.6 0.4 0.01)
(0.8 0.4 0.01)
(1 0.4 0.01)
(0 0.6 0.01)
(0.2 0.6 0.01)
(0.4 0.6 0.01)
(0.6 0.6 0.01)
(0.8 0.6 0.01)
(1 0.6 0.01)
(0 0.8 0.01)
(0.2 0.8 0.01)
(0.4 0.8 0.01)
(0.6 0.8 0.01)
(0.8 0.8 0.01)
(1 0.8 0.01)
(0 1 0.01)
(0.2 1 0.01)
(0.4 1 0.01)
(0.6 1 0.01)
(0.8 1 0.01)
(1 1 0.01)
)


// ************************************************************************* //
