/*--------------------------------*- C++ -*----------------------------------*\
| =========                 |                                                 |
| \\      /  F ield         | OpenFOAM: The Open Source CFD Toolbox           |
|  \\    /   O peration     | Version:  2506                                  |
|   \\  /    A nd           | Website:  www.openfoam.com                      |
|    \\/     M anipulation  |                                                 |
\*---------------------------------------------------------------------------*/
FoamFile
{
    version     2.0;
    format      ascii;
    arch        "LSB;label=32;scalar=64";
    class       volVectorField;
    location    "74.4";
    object      U;
}
// * * * * * * * * * * * * * * * * * * * * * * * * * * * * * * * * * * * * * //

dimensions      [0 1 -1 0 0 0 0];

internalField   nonuniform List<vector> 
200
(
(0.000125255 -0.000619455 0)
(0.00116449 -0.000858851 0)
(0.00250032 -0.000704068 0)
(0.00371365 -0.000473836 0)
(0.00460735 -0.000280332 0)
(0.00523842 -0.0001618 0)
(0.00570599 -0.000122446 0)
(0.00611233 -0.000150301 0)
(0.00654597 -0.000231142 0)
(0.00707787 -0.000355623 0)
(0.00776408 -0.000520908 0)
(0.00864854 -0.000727714 0)
(0.0097593 -0.000971785 0)
(0.0110908 -0.00122715 0)
(0.0125582 -0.00141714 0)
(0.0138947 -0.00136251 0)
(0.0144914 -0.000692552 0)
(0.0134095 0.00117875 0)
(0.00967243 0.00437581 0)
(0.00293327 0.00620911 0)
(0.000318008 -0.00273073 0)
(0.00220791 -0.00463472 0)
(0.00446324 -0.00459247 0)
(0.00657498 -0.00376438 0)
(0.00827368 -0.00281537 0)
(0.00955867 -0.00207639 0)
(0.0105391 -0.00165905 0)
(0.0113446 -0.00155817 0)
(0.012088 -0.00172177 0)
(0.0128532 -0.00208962 0)
(0.0136924 -0.00260567 0)
(0.0146231 -0.00320756 0)
(0.0156171 -0.00379215 0)
(0.0165734 -0.00415358 0)
(0.0172729 -0.00389373 0)
(0.0173228 -0.00232034 0)
(0.0160994 0.00157887 0)
(0.0128725 0.00859498 0)
(0.00755978 0.0172252 0)
(0.00130666 0.0178502 0)
(0.000375252 -0.0053463 0)
(0.00250769 -0.00928338 0)
(0.00493358 -0.00940862 0)
(0.00716883 -0.00790372 0)
(0.00894839 -0.00608036 0)
(0.0102785 -0.00457823 0)
(0.0112689 -0.00361653 0)
(0.0120393 -0.00319163 0)
(0.0126852 -0.003205 0)
(0.0132692 -0.00353226 0)
(0.0138216 -0.00404547 0)
(0.014339 -0.00459554 0)
(0.0147746 -0.00495675 0)
(0.0150163 -0.00473735 0)
(0.0148542 -0.00327734 0)
(0.0139447 0.000395709 0)
(0.0119078 0.00728871 0)
(0.00855855 0.0175032 0)
(0.00432549 0.0276306 0)
(0.000526542 0.0242554 0)
(0.000381068 -0.00812665 0)
(0.00244582 -0.0139804 0)
(0.00464242 -0.0140513 0)
(0.00654783 -0.0117248 0)
(0.0079673 -0.00896567 0)
(0.00895458 -0.00668697 0)
(0.00963458 -0.00517255 0)
(0.0101171 -0.00438872 0)
(0.0104752 -0.00417651 0)
(0.0107491 -0.00435006 0)
(0.0109555 -0.00472455 0)
(0.0110898 -0.00508738 0)
(0.011119 -0.00512075 0)
(0.0109626 -0.0042927 0)
(0.010468 -0.00176759 0)
(0.00939002 0.00353361 0)
(0.00755878 0.0124112 0)
(0.00496621 0.0243165 0)
(0.00210968 0.0343687 0)
(0.000135919 0.0274002 0)
(0.000362452 -0.0107409 0)
(0.00212536 -0.018066 0)
(0.00377757 -0.0177635 0)
(0.00503409 -0.0144999 0)
(0.00582738 -0.0108479 0)
(0.0062759 -0.0079099 0)
(0.0065148 -0.00596213 0)
(0.00663368 -0.00490034 0)
(0.00667751 -0.00449702 0)
(0.00666572 -0.00452039 0)
(0.00660689 -0.00475631 0)
(0.00650158 -0.00495894 0)
(0.00633279 -0.00474885 0)
(0.00604819 -0.00348958 0)
(0.00553867 -0.00022166 0)
(0.00465892 0.00614263 0)
(0.00336594 0.0161808 0)
(0.00177632 0.0287325 0)
(0.000320338 0.0379755 0)
(-0.000150021 0.0284082 0)
(0.000306488 -0.0129204 0)
(0.00148217 -0.0209902 0)
(0.00224482 -0.0199556 0)
(0.0025511 -0.0157489 0)
(0.00251617 -0.0113998 0)
(0.00231284 -0.00805522 0)
(0.00205631 -0.0058965 0)
(0.00179356 -0.00472073 0)
(0.00153404 -0.0042431 0)
(0.00127766 -0.00421178 0)
(0.00102492 -0.00440522 0)
(0.000771745 -0.00455568 0)
(0.000499105 -0.00423092 0)
(0.000169675 -0.00271688 0)
(-0.000287102 0.00100445 0)
(-0.000856867 0.00791822 0)
(-0.00141146 0.0183102 0)
(-0.0017041 0.0305153 0)
(-0.00144156 0.0384329 0)
(-0.000365832 0.0275392 0)
(0.000182621 -0.0142232 0)
(0.000321125 -0.0219612 0)
(-0.00026214 -0.0198929 0)
(-0.00122597 -0.0149436 0)
(-0.00225193 -0.0103069 0)
(-0.00317782 -0.00696039 0)
(-0.00395829 -0.00490347 0)
(-0.00461044 -0.00383548 0)
(-0.00516649 -0.00344587 0)
(-0.00565193 -0.00348664 0)
(-0.00608526 -0.00373371 0)
(-0.00648568 -0.00389666 0)
(-0.00687388 -0.00351567 0)
(-0.00725154 -0.00189349 0)
(-0.00755767 0.00185182 0)
(-0.00758748 0.00848335 0)
(-0.00704933 0.0180656 0)
(-0.0056596 0.0288641 0)
(-0.00342017 0.0352815 0)
(-0.000640174 0.0246186 0)
(-0.000101638 -0.0138571 0)
(-0.00167376 -0.0197882 0)
(-0.00405665 -0.0166694 0)
(-0.00647177 -0.0116238 0)
(-0.00849632 -0.00740127 0)
(-0.0100598 -0.00459242 0)
(-0.0112435 -0.00300453 0)
(-0.0121593 -0.00228737 0)
(-0.0129032 -0.00214521 0)
(-0.0135454 -0.00235628 0)
(-0.0141335 -0.00271538 0)
(-0.0146909 -0.00295535 0)
(-0.0152012 -0.00267762 0)
(-0.0155723 -0.00132478 0)
(-0.0155791 0.00175552 0)
(-0.0148598 0.00710298 0)
(-0.0130139 0.0147221 0)
(-0.00978782 0.0231942 0)
(-0.00549006 0.028097 0)
(-0.000942509 0.0194948 0)
(-0.000681431 -0.0107055 0)
(-0.00454634 -0.0134696 0)
(-0.0087138 -0.00999723 0)
(-0.0121608 -0.00598524 0)
(-0.0145607 -0.00310988 0)
(-0.0161162 -0.0014613 0)
(-0.0171277 -0.000711105 0)
(-0.0178401 -0.000533841 0)
(-0.0184243 -0.000701525 0)
(-0.0189892 -0.00106302 0)
(-0.0195951 -0.00149102 0)
(-0.0202508 -0.00182583 0)
(-0.0208902 -0.00183294 0)
(-0.0213389 -0.0011868 0)
(-0.0212734 0.00050853 0)
(-0.0201864 0.00364103 0)
(-0.0175548 0.00829616 0)
(-0.0130809 0.0136738 0)
(-0.00723336 0.0170837 0)
(-0.00123987 0.012233 0)
(-0.00168832 -0.00362314 0)
(-0.00621052 -0.00352097 0)
(-0.00982475 -0.00195397 0)
(-0.012071 -0.000712308 0)
(-0.0131595 -4.03122e-05 0)
(-0.013579 0.000231682 0)
(-0.0137019 0.00027878 0)
(-0.0137456 0.000210304 0)
(-0.0138302 8.4441e-05 0)
(-0.0140284 -7.13336e-05 0)
(-0.0143809 -0.00024343 0)
(-0.0148917 -0.000414817 0)
(-0.0155111 -0.000551129 0)
(-0.0161053 -0.000590028 0)
(-0.0164139 -0.000426632 0)
(-0.016053 0.000105028 0)
(-0.0144969 0.00115441 0)
(-0.0112976 0.00267308 0)
(-0.00666824 0.00403922 0)
(-0.00160695 0.00345799 0)
)
;

boundaryField
{
    leftWall
    {
        type            fixedValue;
        value           uniform (0 0 0);
    }
    rightWall
    {
        type            fixedValue;
        value           uniform (0 0 0);
    }
    topWall
    {
        type            fixedValue;
        value           uniform (0 0 0);
    }
    bottomWall
    {
        type            fixedValue;
        value           uniform (0 0 0);
    }
    frontAndBackPlanes
    {
        type            empty;
    }
}


// ************************************************************************* //
