/*--------------------------------*- C++ -*----------------------------------*\
| =========                 |                                                 |
| \\      /  F ield         | OpenFOAM: The Open Source CFD Toolbox           |
|  \\    /   O peration     | Version:  2506                                  |
|   \\  /    A nd           | Website:  www.openfoam.com                      |
|    \\/     M anipulation  |                                                 |
\*---------------------------------------------------------------------------*/
FoamFile
{
    version     2.0;
    format      ascii;
    arch        "LSB;label=32;scalar=64";
    class       surfaceScalarField;
    location    "117.2";
    object      phi;
}
// * * * * * * * * * * * * * * * * * * * * * * * * * * * * * * * * * * * * * //

dimensions      [1 0 -1 0 0 0 0];

oriented        oriented;

internalField   nonuniform List<scalar> 
370
(
0.000313065
-0.000349049
0.000829597
-0.000516469
0.00127832
-0.000448634
0.0015877
-0.000309261
0.00176643
-0.000178609
0.00185411
-8.75354e-05
0.00189455
-4.0297e-05
0.00192413
-2.94171e-05
0.00196921
-4.49191e-05
0.00204751
-7.81174e-05
0.00217011
-0.000122425
0.00234329
-0.000172993
0.00256758
-0.000224092
0.00283172
-0.000263946
0.00309897
-0.000267049
0.00328148
-0.0001823
0.00320657
7.51202e-05
0.00266117
0.000545608
0.00144394
0.00121741
0.00144404
0.000436109
-0.000785125
0.00116916
-0.00124943
0.00186947
-0.00114882
0.00241067
-0.000850313
0.00277929
-0.000547072
0.00301108
-0.000319166
0.00315513
-0.000184175
0.0032563
-0.000130416
0.00334804
-0.000136482
0.00345123
-0.00018112
0.00357551
-0.000246521
0.00371955
-0.000316842
0.00386824
-0.000372592
0.0039857
-0.000381199
0.00400373
-0.000284878
0.00381669
4.95088e-06
0.00328386
0.000608162
0.00227373
0.00155594
0.000918246
0.00257308
0.00236237
0.000422763
-0.00120785
0.0011121
-0.00193865
0.00176767
-0.00180423
0.00227888
-0.00136133
0.00263631
-0.000904304
0.00287164
-0.000554292
0.00302514
-0.000337477
0.0031312
-0.000236268
0.00321364
-0.000218726
0.00328574
-0.000253018
0.00335121
-0.00031178
0.00340405
-0.000369475
0.00342586
-0.000394192
0.00338066
-0.000335789
0.00321078
-0.00011478
0.00283971
0.00037624
0.00221798
0.00123011
0.00135562
0.00241852
0.000458051
0.00347083
0.00282051
0.00036393
-0.00157173
0.000919975
-0.00249456
0.00141401
-0.00229808
0.00177357
-0.00172068
0.0020099
-0.00114041
0.00215893
-0.000703086
0.00225405
-0.000432378
0.00231782
-0.000299813
0.00236233
-0.000263012
0.00239233
-0.000282797
0.00240758
-0.0003268
0.0024026
-0.000364276
0.0023638
-0.000355169
0.00226527
-0.000237036
0.00206827
8.24593e-05
0.00173534
0.000709398
0.00125171
0.00171397
0.000671822
0.00299863
0.000170257
0.00397257
0.00299084
0.000282371
-0.00185404
0.000653156
-0.0028652
0.000927105
-0.00257182
0.00108445
-0.0018778
0.00116174
-0.00121746
0.00119787
-0.00073898
0.00121668
-0.000450953
0.00122759
-0.00031049
0.00123185
-0.000267046
0.00122812
-0.000278842
0.00121475
-0.000313199
0.00118842
-0.000337719
0.00114056
-0.00030708
0.0010542
-0.00015045
0.000905825
0.000231071
0.000680505
0.000934956
0.000391168
0.00200355
0.000109614
0.0032804
-3.97384e-05
0.0041221
0.00295117
0.000175209
-0.0020292
0.000305503
-0.00299533
0.000312614
-0.00257872
0.000242273
-0.00180722
0.000151638
-0.00112659
7.22652e-05
-0.000659372
1.17693e-05
-0.000390227
-3.42943e-05
-0.000264201
-7.24748e-05
-0.000228641
-0.000107211
-0.000243882
-0.000141017
-0.00027917
-0.000177168
-0.000301344
-0.000222037
-0.000261985
-0.000284171
-8.80851e-05
-0.000366043
0.000313181
-0.000454501
0.00102366
-0.000506863
0.00205615
-0.000451688
0.00322545
-0.000241101
0.00391168
0.00271014
3.59356e-06
-0.00203272
-0.000180794
-0.00281078
-0.000489333
-0.00226996
-0.000807344
-0.00148898
-0.00107157
-0.000862131
-0.00126934
-0.000461382
-0.00141278
-0.000246562
-0.00151902
-0.000157746
-0.00160148
-0.00014596
-0.00166856
-0.000176593
-0.00172559
-0.000221923
-0.00177637
-0.000250346
-0.00182153
-0.000216607
-0.00185282
-5.65662e-05
-0.00184183
0.000302412
-0.00174275
0.000924803
-0.00149332
0.00180695
-0.00104505
0.00277737
-0.000445797
0.00331258
0.0022644
-0.000263438
-0.00176921
-0.000877952
-0.00219609
-0.00154875
-0.00159895
-0.0021101
-0.000927406
-0.00252152
-0.00045049
-0.00280455
-0.000178129
-0.00299687
-5.40339e-05
-0.00313174
-2.26726e-05
-0.00323364
-4.38565e-05
-0.00331853
-9.14947e-05
-0.00339474
-0.000145517
-0.00346178
-0.000183109
-0.00350613
-0.000172062
-0.00349405
-6.84463e-05
-0.00336939
0.000177955
-0.00305781
0.000613424
-0.00248827
0.0012376
-0.00164164
0.00193091
-0.000655302
0.00232636
0.00160915
-0.000684231
-0.0010849
-0.00179601
-0.00108413
-0.00275056
-0.000644188
-0.00339805
-0.0002797
-0.00378098
-6.73452e-05
-0.00399056
3.16605e-05
-0.00410576
6.13644e-05
-0.00417721
4.89675e-05
-0.00423782
1.69369e-05
-0.00430714
-2.19973e-05
-0.00439076
-6.17278e-05
-0.00448036
-9.33369e-05
-0.00454866
-0.000103602
-0.00454291
-7.40376e-05
-0.00438618
2.13831e-05
-0.00397409
0.000201486
-0.00321874
0.000482393
-0.00210583
0.000818141
-0.000825561
0.00104619
0.000783631
-0.00108482
-0.00216877
-0.00281275
-0.00309224
-0.00315938
-0.00312752
-0.00306598
-0.00301683
-0.00299973
-0.00302157
-0.00308315
-0.00317635
-0.00327982
-0.00335374
-0.00333224
-0.00313064
-0.00264815
-0.00182992
-0.00078366
)
;

boundaryField
{
    leftWall
    {
        type            calculated;
        value           nonuniform List<scalar> 10(0 0 0 -1.0842e-19 0 0 0 0 0 0);
    }
    rightWall
    {
        type            calculated;
        value           nonuniform List<scalar> 10(0 0 0 0 4.33681e-19 -4.33681e-19 0 0 -4.33681e-19 0);
    }
    topWall
    {
        type            calculated;
        value           uniform 0;
    }
    bottomWall
    {
        type            calculated;
        value           uniform 0;
    }
    frontAndBackPlanes
    {
        type            empty;
    }
}


// ************************************************************************* //
