/*--------------------------------*- C++ -*----------------------------------*\
| =========                 |                                                 |
| \\      /  F ield         | OpenFOAM: The Open Source CFD Toolbox           |
|  \\    /   O peration     | Version:  2506                                  |
|   \\  /    A nd           | Website:  www.openfoam.com                      |
|    \\/     M anipulation  |                                                 |
\*---------------------------------------------------------------------------*/
FoamFile
{
    version     2.0;
    format      ascii;
    arch        "LSB;label=32;scalar=64";
    class       surfaceScalarField;
    location    "76.6";
    object      phi;
}
// * * * * * * * * * * * * * * * * * * * * * * * * * * * * * * * * * * * * * //

dimensions      [1 0 -1 0 0 0 0];

oriented        oriented;

internalField   nonuniform List<scalar> 
370
(
0.000143307
-0.000202885
0.000472138
-0.00032875
0.000787383
-0.000315126
0.00103695
-0.000249425
0.00121606
-0.000178945
0.00134276
-0.000126532
0.00144199
-9.90534e-05
0.00153732
-9.51515e-05
0.00164812
-0.000110605
0.00178945
-0.000141137
0.00197298
-0.000183326
0.00220696
-0.000233776
0.00249369
-0.000286518
0.00282235
-0.000328445
0.00315444
-0.000331864
0.00339796
-0.000243293
0.00336125
3.69425e-05
0.00282445
0.000537026
0.0015544
0.00127025
0.00155452
0.000294416
-0.000497256
0.000823602
-0.000857813
0.00136638
-0.000857722
0.001825
-0.000707847
0.00217907
-0.000532786
0.00244519
-0.000392417
0.00265291
-0.000306543
0.00283191
-0.000273919
0.0030062
-0.00028465
0.00319221
-0.000326911
0.00339828
-0.000389143
0.00362314
-0.000458388
0.00385178
-0.000514903
0.00404668
-0.000523081
0.00413477
-0.000419681
0.00399701
-0.000105268
0.00348948
0.000544744
0.00244672
0.00158005
0.00100155
0.00271565
0.00255619
0.000335169
-0.000832361
0.000907041
-0.00142951
0.00148115
-0.00143158
0.00196074
-0.00118715
0.00232799
-0.000899729
0.0026005
-0.000664615
0.0028061
-0.000511832
0.00297057
-0.000438078
0.00311289
-0.000426665
0.00324421
-0.000457921
0.00336774
-0.000512359
0.00347759
-0.000567924
0.00355506
-0.000592047
0.00356206
-0.000529766
0.00343495
-0.000292246
0.00308703
0.000242979
0.00244811
0.00118398
0.00152275
0.00250572
0.000528498
0.00371016
0.00308481
0.000327625
-0.00115991
0.000856823
-0.00195849
0.00135682
-0.00193127
0.00174844
-0.00157843
0.00202888
-0.0011798
0.00222291
-0.000858265
0.00235819
-0.00064674
0.00245587
-0.000535396
0.00252905
-0.000499483
0.00258423
-0.000512734
0.00262272
-0.000550482
0.00264017
-0.000585009
0.00262329
-0.000574799
0.00254448
-0.000450582
0.00235904
-0.00010644
0.00201545
0.000586949
0.00148882
0.00171097
0.000829837
0.00316503
0.00023015
0.00431012
0.00331508
0.000289229
-0.00144905
0.000708546
-0.00237756
0.00105779
-0.00228018
0.00129239
-0.00181263
0.00143217
-0.00131917
0.00150988
-0.000935564
0.00155097
-0.000687423
0.00157003
-0.000554066
0.00157388
-0.000502933
0.00156541
-0.000503874
0.00154565
-0.000530333
0.00151284
-0.000551797
0.00145899
-0.000520552
0.00136582
-0.000357007
0.00120318
5.66053e-05
0.000946729
0.00084381
0.00060133
0.00205676
0.000239737
0.00352699
7.36678e-06
0.00454277
0.00332257
0.000212217
-0.00166116
0.000444912
-0.00260999
0.000565201
-0.00240009
0.000585348
-0.00183235
0.00054977
-0.00128317
0.000492985
-0.000878357
0.000431801
-0.000625826
0.000371089
-0.000492948
0.000311134
-0.000442577
0.000251855
-0.000444197
0.000193134
-0.000471212
0.000132493
-0.000490753
6.25711e-05
-0.000450221
-2.81304e-05
-0.000265889
-0.000146706
0.000175611
-0.000280801
0.000978335
-0.000388309
0.00216468
-0.00039228
0.00353133
-0.000229589
0.00438036
0.00309309
6.63166e-05
-0.00172737
-2.15194e-06
-0.00254122
-0.000197243
-0.0022046
-0.00044252
-0.00158665
-0.000678358
-0.0010469
-0.000880802
-0.000675499
-0.0010489
-0.000457328
-0.00118996
-0.00035149
-0.00131128
-0.000320865
-0.00141792
-0.000337155
-0.00151392
-0.000374827
-0.00160351
-0.000400767
-0.00168951
-0.000363816
-0.00176622
-0.00018877
-0.00180536
0.000215171
-0.00175196
0.000925354
-0.00153382
0.00194694
-0.00109356
0.00309141
-0.000475332
0.00376239
0.00261786
-0.000193108
-0.00153413
-0.000692779
-0.00204123
-0.00128262
-0.00161436
-0.00181466
-0.00105418
-0.0022395
-0.000621655
-0.00256238
-0.000352217
-0.00280759
-0.000211733
-0.0030004
-0.000158297
-0.00316075
-0.000160137
-0.00330244
-0.000195093
-0.00343367
-0.00024323
-0.00355502
-0.000279052
-0.00365362
-0.000264848
-0.00369405
-0.000147966
-0.00361179
0.000133284
-0.00331908
0.000633007
-0.00273103
0.00135924
-0.00182026
0.00218096
-0.000734335
0.00267669
0.00188362
-0.000591447
-0.000942544
-0.00160255
-0.0010298
-0.00252992
-0.000686586
-0.00321531
-0.000368382
-0.00367407
-0.000162499
-0.00397031
-5.55861e-05
-0.00416723
-1.44468e-05
-0.00431444
-1.07375e-05
-0.0044451
-2.91441e-05
-0.00457843
-6.14325e-05
-0.00472262
-9.87238e-05
-0.00487101
-0.000130348
-0.00499482
-0.000140735
-0.00503499
-0.000107498
-0.00490513
3.71363e-06
-0.00448019
0.000208359
-0.00365688
0.000536209
-0.00241137
0.000935699
-0.00095347
0.00121897
0.000930228
-0.00094239
-0.00197185
-0.00265804
-0.00302602
-0.00318814
-0.00324335
-0.00325746
-0.00326787
-0.0032967
-0.00335785
-0.0034563
-0.00358639
-0.00372688
-0.00383415
-0.00383022
-0.00362165
-0.00308525
-0.00214939
-0.000930283
)
;

boundaryField
{
    leftWall
    {
        type            calculated;
        value           nonuniform List<scalar> 10(0 0 0 0 -1.0842e-19 0 0 0 4.33681e-19 0);
    }
    rightWall
    {
        type            calculated;
        value           nonuniform List<scalar> 10(1.0842e-19 0 0 0 0 0 0 0 4.33681e-19 0);
    }
    topWall
    {
        type            calculated;
        value           uniform 0;
    }
    bottomWall
    {
        type            calculated;
        value           uniform 0;
    }
    frontAndBackPlanes
    {
        type            empty;
    }
}


// ************************************************************************* //
