/*--------------------------------*- C++ -*----------------------------------*\
| =========                 |                                                 |
| \\      /  F ield         | OpenFOAM: The Open Source CFD Toolbox           |
|  \\    /   O peration     | Version:  2506                                  |
|   \\  /    A nd           | Website:  www.openfoam.com                      |
|    \\/     M anipulation  |                                                 |
\*---------------------------------------------------------------------------*/
FoamFile
{
    version     2.0;
    format      ascii;
    arch        "LSB;label=32;scalar=64";
    class       surfaceScalarField;
    location    "61.8";
    object      phi;
}
// * * * * * * * * * * * * * * * * * * * * * * * * * * * * * * * * * * * * * //

dimensions      [1 0 -1 0 0 0 0];

oriented        oriented;

internalField   nonuniform List<scalar> 
370
(
7.01821e-05
-0.000141461
0.000317785
-0.000247538
0.000576503
-0.000258622
0.000803892
-0.000227272
0.000988608
-0.000184586
0.0011381
-0.000149359
0.00126805
-0.000129801
0.00139587
-0.00012767
0.00153789
-0.000141877
0.0017086
-0.000170547
0.00192039
-0.000211629
0.00218267
-0.000262112
0.00249818
-0.000315331
0.00285515
-0.000356789
0.00321264
-0.000357298
0.0034753
-0.00026247
0.003445
3.04885e-05
0.00290025
0.00054494
0.00160053
0.00129989
0.00160063
0.000224156
-0.000365576
0.000655132
-0.000678398
0.00112494
-0.000728259
0.0015499
-0.000652033
0.00190529
-0.000539765
0.00219706
-0.000440909
0.00244412
-0.000376642
0.00266822
-0.000351543
0.00288867
-0.000362107
0.00311995
-0.000401596
0.00337004
-0.000461475
0.00363773
-0.00052956
0.00390741
-0.000584768
0.00413945
-0.000588569
0.00425669
-0.00047428
0.00413422
-0.00013974
0.00362351
0.000541461
0.00254948
0.00161921
0.00104855
0.00280105
0.00264929
0.000284425
-0.000649934
0.000789857
-0.00118364
0.00131979
-0.00125793
0.00178522
-0.00111715
0.00216319
-0.000917403
0.00246275
-0.00074014
0.00270409
-0.000617642
0.00290762
-0.000554747
0.00308935
-0.000543499
0.00325915
-0.000571075
0.00341999
-0.000621979
0.00356584
-0.000675062
0.00367715
-0.000695732
0.00371353
-0.000624602
0.00360669
-0.000367088
0.00326315
0.000204152
0.00260459
0.00120036
0.00163293
0.00259118
0.000574783
0.00385946
0.0032242
0.000299749
-0.000949593
0.00080288
-0.00168653
0.00129771
-0.00175241
0.00170313
-0.00152216
0.00200835
-0.00122219
0.00223108
-0.000962437
0.00239474
-0.000780871
0.00251873
-0.000678317
0.00261599
-0.000640342
0.00269356
-0.000648229
0.00275338
-0.000681373
0.00279134
-0.000712602
0.00279367
-0.000697625
0.00273092
-0.000561422
0.00255421
-0.000189937
0.00220357
0.000555214
0.00164765
0.0017567
0.000936279
0.00330292
0.000272616
0.00452343
0.00349696
0.000283297
-0.00123278
0.000714569
-0.0021175
0.00109411
-0.00213153
0.00136524
-0.00179281
0.00153778
-0.00139424
0.00164012
-0.00106427
0.00169762
-0.000837882
0.00172695
-0.000707164
0.00173738
-0.000650296
0.00173379
-0.000644158
0.00171836
-0.000665464
0.00168978
-0.000683532
0.00163987
-0.000647227
0.00154933
-0.000470381
0.00138556
-2.56605e-05
0.00111452
0.000826743
0.000736807
0.00213488
0.000325316
0.00371483
3.70612e-05
0.00481201
0.00353416
0.000224393
-0.00145705
0.000498553
-0.00239132
0.000673941
-0.00230644
0.000739831
-0.00185817
0.000732922
-0.00138679
0.000688447
-0.00101927
0.00062783
-0.000776744
0.000560983
-0.000639804
0.000491968
-0.000580772
0.000422907
-0.000574589
0.000354654
-0.000596699
0.000284879
-0.000613237
0.000205699
-0.000567516
0.000104125
-0.000368263
-3.04588e-05
0.000109485
-0.000184936
0.000981769
-0.000318809
0.00226926
-0.000353172
0.00374965
-0.000217477
0.00467665
0.00331682
9.45748e-05
-0.00155148
8.74739e-05
-0.00238385
-5.04087e-05
-0.00216805
-0.000259018
-0.00164901
-0.000482337
-0.00116292
-0.000690843
-0.000810221
-0.000875984
-0.000591076
-0.00103907
-0.0004762
-0.00118374
-0.000435581
-0.00131338
-0.000444434
-0.00143161
-0.00047796
-0.00154311
-0.000501215
-0.00165166
-0.000458436
-0.00175241
-0.000266965
-0.00181637
0.000173996
-0.00178176
0.000947696
-0.00157138
0.0020594
-0.00112606
0.00330477
-0.000491793
0.00404271
0.00282516
-0.000154435
-0.00139688
-0.000590193
-0.00194768
-0.00113557
-0.00162215
-0.00165425
-0.00112979
-0.0020916
-0.000725026
-0.00244314
-0.000458156
-0.00272481
-0.000308899
-0.00295636
-0.000244148
-0.00315486
-0.000236575
-0.00333329
-0.000265522
-0.00349998
-0.000310781
-0.0036559
-0.000344808
-0.00378781
-0.000326034
-0.00385793
-0.000196349
-0.00379571
0.000112267
-0.00350456
0.00065703
-0.00289302
0.00144832
-0.00193261
0.00234475
-0.0007812
0.0028916
0.00204408
-0.00053714
-0.000859562
-0.00148835
-0.000996037
-0.00239932
-0.000710653
-0.00310795
-0.000420633
-0.00361234
-0.000220115
-0.00396277
-0.000107234
-0.00421446
-5.67359e-05
-0.00441244
-4.57085e-05
-0.00458907
-5.94908e-05
-0.00476534
-8.88268e-05
-0.00495066
-0.000125034
-0.00513854
-0.000156519
-0.00529824
-0.000165926
-0.00536578
-0.000128416
-0.00524588
-7.24842e-06
-0.00480521
0.000216743
-0.00393078
0.000574258
-0.00259684
0.00101114
-0.0010287
0.00132371
0.00101548
-0.000859364
-0.00185497
-0.00256511
-0.00298523
-0.00320486
-0.00331164
-0.00336794
-0.00341324
-0.00347234
-0.0035608
-0.00368548
-0.00384166
-0.00400727
-0.00413538
-0.00414234
-0.00392532
-0.0033508
-0.00233944
-0.00101556
)
;

boundaryField
{
    leftWall
    {
        type            calculated;
        value           nonuniform List<scalar> 10(0 0 0 0 0 -1.0842e-19 0 0 0 0);
    }
    rightWall
    {
        type            calculated;
        value           nonuniform List<scalar> 10(0 -2.1684e-19 0 0 0 0 0 0 0 0);
    }
    topWall
    {
        type            calculated;
        value           uniform 0;
    }
    bottomWall
    {
        type            calculated;
        value           uniform 0;
    }
    frontAndBackPlanes
    {
        type            empty;
    }
}


// ************************************************************************* //
