/*--------------------------------*- C++ -*----------------------------------*\
| =========                 |                                                 |
| \\      /  F ield         | OpenFOAM: The Open Source CFD Toolbox           |
|  \\    /   O peration     | Version:  2506                                  |
|   \\  /    A nd           | Website:  www.openfoam.com                      |
|    \\/     M anipulation  |                                                 |
\*---------------------------------------------------------------------------*/
FoamFile
{
    version     2.0;
    format      ascii;
    arch        "LSB;label=32;scalar=64";
    class       volVectorField;
    location    "109.4";
    object      U;
}
// * * * * * * * * * * * * * * * * * * * * * * * * * * * * * * * * * * * * * //

dimensions      [0 1 -1 0 0 0 0];

internalField   nonuniform List<vector> 
200
(
(0.000411337 -0.00109845 0)
(0.00219337 -0.00141423 0)
(0.00413314 -0.00105437 0)
(0.00570545 -0.000585833 0)
(0.00669928 -0.000222682 0)
(0.00723517 -1.40297e-05 0)
(0.00749771 5.63286e-05 0)
(0.00765422 2.51997e-05 0)
(0.00783162 -7.25408e-05 0)
(0.00811778 -0.000213574 0)
(0.00857066 -0.000387675 0)
(0.00922768 -0.000593339 0)
(0.0101087 -0.000827961 0)
(0.0112035 -0.00107042 0)
(0.0124294 -0.00125061 0)
(0.0135328 -0.00119529 0)
(0.0139448 -0.000545065 0)
(0.0127719 0.00123328 0)
(0.00911598 0.00421587 0)
(0.00274085 0.00581784 0)
(0.000489189 -0.00441935 0)
(0.00316304 -0.0069271 0)
(0.00611948 -0.00628137 0)
(0.00869251 -0.00456514 0)
(0.0105635 -0.00285845 0)
(0.0117869 -0.00161192 0)
(0.0125553 -0.000920951 0)
(0.0130702 -0.000714435 0)
(0.0134933 -0.000868074 0)
(0.0139345 -0.00126292 0)
(0.0144554 -0.00180505 0)
(0.0150743 -0.00241554 0)
(0.0157613 -0.00299375 0)
(0.0164182 -0.00335206 0)
(0.0168394 -0.00312151 0)
(0.016661 -0.00164659 0)
(0.0152918 0.00202334 0)
(0.0120856 0.00857511 0)
(0.00701316 0.0164986 0)
(0.0011924 0.016704 0)
(0.000481974 -0.0079261 0)
(0.00309893 -0.0128446 0)
(0.00591843 -0.0120699 0)
(0.00837499 -0.00920029 0)
(0.0101894 -0.00618736 0)
(0.011414 -0.00386541 0)
(0.0122156 -0.00243865 0)
(0.0127582 -0.00181008 0)
(0.0131644 -0.00177585 0)
(0.0135103 -0.00212467 0)
(0.0138305 -0.00267135 0)
(0.0141215 -0.00324113 0)
(0.0143362 -0.00361248 0)
(0.0143666 -0.00342497 0)
(0.0140173 -0.00207363 0)
(0.01297 0.00133518 0)
(0.0109257 0.00768819 0)
(0.00773539 0.0170565 0)
(0.00382755 0.0261585 0)
(0.000441047 0.0224969 0)
(0.000435657 -0.0111862 0)
(0.00267575 -0.0180977 0)
(0.00491742 -0.0169998 0)
(0.00674982 -0.0130083 0)
(0.00801794 -0.0088458 0)
(0.00882571 -0.00563306 0)
(0.00933321 -0.00361269 0)
(0.00966547 -0.00262551 0)
(0.00989643 -0.00238256 0)
(0.0100609 -0.00259668 0)
(0.0101685 -0.00301969 0)
(0.0102097 -0.00341285 0)
(0.0101482 -0.00346761 0)
(0.00990454 -0.00269831 0)
(0.0093352 -0.000357848 0)
(0.0082456 0.00448916 0)
(0.00651117 0.0125516 0)
(0.00415919 0.0232883 0)
(0.00166479 0.0321108 0)
(6.88247e-05 0.0251126 0)
(0.000371402 -0.0139141 0)
(0.0020465 -0.0220856 0)
(0.00345484 -0.0203696 0)
(0.00440993 -0.0153213 0)
(0.00492859 -0.0102742 0)
(0.00517417 -0.00648609 0)
(0.00528984 -0.00413716 0)
(0.00535076 -0.00296243 0)
(0.00537984 -0.00259109 0)
(0.00537692 -0.00269155 0)
(0.00533719 -0.00299341 0)
(0.00525327 -0.00323166 0)
(0.00510395 -0.00304295 0)
(0.00483666 -0.00185209 0)
(0.00434669 0.00117473 0)
(0.00354954 0.00693194 0)
(0.002415 0.0159255 0)
(0.00109527 0.0270614 0)
(1.78891e-06 0.0349703 0)
(-0.000173102 0.0256829 0)
(0.000283032 -0.0159213 0)
(0.00117686 -0.0244142 0)
(0.00150702 -0.0217965 0)
(0.0014053 -0.0158723 0)
(0.00108487 -0.010323 0)
(0.000735759 -0.00634791 0)
(0.000445457 -0.00397018 0)
(0.000220982 -0.00280486 0)
(3.80941e-05 -0.00242886 0)
(-0.000125584 -0.002506 0)
(-0.000282054 -0.0027725 0)
(-0.000441261 -0.00295189 0)
(-0.000623083 -0.00263848 0)
(-0.000861635 -0.0011989 0)
(-0.00119979 0.00222005 0)
(-0.00161025 0.00840877 0)
(-0.00197548 0.0175894 0)
(-0.00204817 0.02824 0)
(-0.00156608 0.0348583 0)
(-0.000365061 0.0245554 0)
(0.000153217 -0.0168347 0)
(-0.000106435 -0.0245092 0)
(-0.00119238 -0.0207929 0)
(-0.0025206 -0.0143793 0)
(-0.0037357 -0.00888059 0)
(-0.00469458 -0.00518336 0)
(-0.00540381 -0.00308779 0)
(-0.0059285 -0.00212595 0)
(-0.00633299 -0.00187756 0)
(-0.00666117 -0.00203425 0)
(-0.0069402 -0.00234825 0)
(-0.00719031 -0.00253677 0)
(-0.00742627 -0.00218427 0)
(-0.00763908 -0.000686285 0)
(-0.00775627 0.00269591 0)
(-0.00760191 0.0085762 0)
(-0.0069224 0.0169691 0)
(-0.00546634 0.0262948 0)
(-0.00324929 0.0315654 0)
(-0.000594028 0.021684 0)
(-0.000175563 -0.015962 0)
(-0.00218649 -0.0214139 0)
(-0.00496915 -0.0167929 0)
(-0.00759827 -0.0106477 0)
(-0.0096401 -0.00591007 0)
(-0.0110817 -0.00299028 0)
(-0.0120686 -0.00149727 0)
(-0.012757 -0.000947877 0)
(-0.0132666 -0.000966065 0)
(-0.01368 -0.0012899 0)
(-0.0140481 -0.00170775 0)
(-0.0143913 -0.0019733 0)
(-0.0146882 -0.0017385 0)
(-0.0148473 -0.000529065 0)
(-0.0146591 0.0022025 0)
(-0.013822 0.00690801 0)
(-0.0119856 0.0135454 0)
(-0.00893587 0.0208194 0)
(-0.00496542 0.0248223 0)
(-0.0008393 0.0169747 0)
(-0.000807007 -0.0121827 0)
(-0.00516621 -0.0142471 0)
(-0.00958437 -0.00963567 0)
(-0.0129949 -0.00496656 0)
(-0.0151508 -0.00190005 0)
(-0.0163677 -0.000324117 0)
(-0.017033 0.000252229 0)
(-0.0174297 0.000252906 0)
(-0.0177269 -5.13872e-05 0)
(-0.0180286 -0.000498007 0)
(-0.0183896 -0.00096388 0)
(-0.0188097 -0.0013096 0)
(-0.019221 -0.00133732 0)
(-0.0194621 -0.000773188 0)
(-0.0192398 0.000717741 0)
(-0.0181239 0.00346296 0)
(-0.015658 0.00750207 0)
(-0.0115921 0.0121023 0)
(-0.00636092 0.0149045 0)
(-0.00107685 0.0105263 0)
(-0.00194823 -0.00416134 0)
(-0.00694105 -0.00369536 0)
(-0.0105731 -0.00176063 0)
(-0.0125384 -0.000374294 0)
(-0.0132411 0.000294662 0)
(-0.0132901 0.000500038 0)
(-0.0130928 0.000468003 0)
(-0.0128719 0.00033999 0)
(-0.0127507 0.000178285 0)
(-0.012784 3.96373e-06 0)
(-0.0129882 -0.000171164 0)
(-0.0133529 -0.000333236 0)
(-0.0138226 -0.000454871 0)
(-0.0142714 -0.000484394 0)
(-0.0144708 -0.000333813 0)
(-0.0140796 0.000135095 0)
(-0.0126427 0.00103921 0)
(-0.00978978 0.00232692 0)
(-0.0057318 0.00346241 0)
(-0.0013642 0.00293025 0)
)
;

boundaryField
{
    leftWall
    {
        type            fixedValue;
        value           uniform (0 0 0);
    }
    rightWall
    {
        type            fixedValue;
        value           uniform (0 0 0);
    }
    topWall
    {
        type            fixedValue;
        value           uniform (0 0 0);
    }
    bottomWall
    {
        type            fixedValue;
        value           uniform (0 0 0);
    }
    frontAndBackPlanes
    {
        type            empty;
    }
}


// ************************************************************************* //
