/*--------------------------------*- C++ -*----------------------------------*\
| =========                 |                                                 |
| \\      /  F ield         | OpenFOAM: The Open Source CFD Toolbox           |
|  \\    /   O peration     | Version:  2506                                  |
|   \\  /    A nd           | Website:  www.openfoam.com                      |
|    \\/     M anipulation  |                                                 |
\*---------------------------------------------------------------------------*/
FoamFile
{
    version     2.0;
    format      ascii;
    arch        "LSB;label=32;scalar=64";
    class       surfaceScalarField;
    location    "24.2";
    object      phi;
}
// * * * * * * * * * * * * * * * * * * * * * * * * * * * * * * * * * * * * * //

dimensions      [1 0 -1 0 0 0 0];

oriented        oriented;

internalField   nonuniform List<scalar> 
370
(
-7.16531e-05
-3.56636e-05
3.04094e-05
-0.000102064
0.000205455
-0.000175049
0.000450574
-0.000245124
0.000750416
-0.00029985
0.00108587
-0.000335466
0.00143821
-0.000352354
0.00179168
-0.000353479
0.00213527
-0.000343608
0.00246348
-0.000328229
0.00277578
-0.000312308
0.00307474
-0.000298976
0.00336158
-0.000286858
0.003629
-0.000267432
0.00384765
-0.000218664
0.00393627
-8.86266e-05
0.00375435
0.000181927
0.00307406
0.000680317
0.00167487
0.00139923
0.0016749
6.53475e-05
-0.000101008
0.000292319
-0.000329027
0.00066449
-0.000547206
0.001153
-0.000733622
0.00172522
-0.000872059
0.00234554
-0.000955771
0.00297919
-0.000985989
0.00359575
-0.000970028
0.004171
-0.000918845
0.00468674
-0.000843963
0.00512853
-0.000754087
0.00548115
-0.000651591
0.00572277
-0.000528471
0.00581616
-0.000360823
0.00569784
-0.000100348
0.00527579
0.000333423
0.00441595
0.00104176
0.00301255
0.00208372
0.0012213
0.00319052
0.00289623
0.000125406
-0.000226405
0.000454265
-0.000657861
0.00094558
-0.00103849
0.00155428
-0.00134228
0.00223486
-0.00155259
0.00294244
-0.0016633
0.00363573
-0.00167922
0.00428016
-0.00161439
0.00484931
-0.00148792
0.00532375
-0.00131833
0.00568731
-0.00111757
0.00592128
-0.000885502
0.00599769
-0.000604833
0.00587316
-0.000236254
0.00548501
0.000287818
0.00476837
0.00105007
0.0036802
0.00212993
0.00226625
0.00349768
0.00080844
0.00464835
0.00370469
0.000152961
-0.00037935
0.000530559
-0.00103542
0.00106578
-0.00157364
0.00170011
-0.00197654
0.00237901
-0.00223139
0.00305172
-0.00233589
0.00367478
-0.00230211
0.00421582
-0.00215524
0.00465504
-0.00192693
0.00498275
-0.00164584
0.00519366
-0.00132829
0.0052791
-0.000970773
0.00521894
-0.000544532
0.0049825
2.86213e-07
0.00451463
0.00075576
0.00378378
0.00178097
0.00278565
0.00312807
0.00160737
0.00467597
0.000515885
0.00573988
0.00422061
0.0001576
-0.000536927
0.00052191
-0.00139967
0.00101406
-0.0020657
0.00157146
-0.00253382
0.00213775
-0.00279748
0.0026621
-0.00285995
0.00310474
-0.00274436
0.00344271
-0.00249276
0.00367114
-0.00215488
0.00379846
-0.0017727
0.00383751
-0.00136693
0.00379523
-0.000928153
0.00366416
-0.000413198
0.00341275
0.000251909
0.00301669
0.00115197
0.00244591
0.00235184
0.00171225
0.0038618
0.000905936
0.00548235
0.00023974
0.00640616
0.0044604
0.000123585
-0.000660483
0.000383153
-0.00165915
0.000709611
-0.00239202
0.00105241
-0.00287639
0.00136455
-0.00310923
0.00160491
-0.0030997
0.00174679
-0.00288543
0.00178584
-0.00253088
0.00173944
-0.00210756
0.00163772
-0.00167017
0.00151057
-0.00123911
0.00137556
-0.000792625
0.0012307
-0.000267958
0.00105648
0.000426441
0.00083394
0.00137474
0.000554381
0.00263156
0.000245657
0.00417065
-9.58966e-06
0.00573774
-9.91e-05
0.00649581
0.00436135
2.72008e-05
-0.00068765
5.22435e-05
-0.0016841
4.94293e-05
-0.00238901
3.55818e-07
-0.0028269
-0.000114519
-0.00299356
-0.000311227
-0.00290177
-0.000588536
-0.00260657
-0.000923294
-0.00219449
-0.00127621
-0.00175317
-0.00160489
-0.0013403
-0.00187643
-0.000966691
-0.00207359
-0.000594829
-0.00219346
-0.000147591
-0.00222958
0.000462987
-0.00217483
0.00132036
-0.00201064
0.00246768
-0.00169838
0.00385865
-0.00119215
0.00523174
-0.000518475
0.00582231
0.00384293
-0.000143431
-0.00054418
-0.000490277
-0.00133712
-0.000983903
-0.00189504
-0.00158723
-0.00222278
-0.00227124
-0.00230809
-0.003003
-0.00216787
-0.00374183
-0.00186525
-0.00444224
-0.00149166
-0.00506274
-0.00113063
-0.00557259
-0.000828883
-0.00595166
-0.000586452
-0.00618319
-0.000362402
-0.00624421
-8.58426e-05
-0.0060939
0.000313297
-0.00568686
0.000913867
-0.00497344
0.00175474
-0.00391118
0.00279679
-0.00251394
0.00383482
-0.000986691
0.00429529
0.00285632
-0.000306445
-0.0002377
-0.00101899
-0.000624412
-0.00200368
-0.000909829
-0.00315262
-0.0010726
-0.00436114
-0.00109732
-0.00553133
-0.000994572
-0.00658522
-0.000807876
-0.00747588
-0.000597668
-0.00818926
-0.000414423
-0.00873318
-0.000282718
-0.00911854
-0.000199358
-0.00933947
-0.000140119
-0.00935554
-6.8693e-05
-0.00910517
6.38349e-05
-0.00849035
0.000299824
-0.00741002
0.000675077
-0.00579297
0.0011803
-0.00367933
0.00172163
-0.00140766
0.00202392
0.0014488
-0.000237681
-0.000861967
-0.00177131
-0.00284264
-0.00393759
-0.00492875
-0.00573263
-0.00632626
-0.00673701
-0.00701661
-0.00721344
-0.00735153
-0.0074186
-0.00735345
-0.00705254
-0.00637656
-0.00519553
-0.00347332
-0.00144899
)
;

boundaryField
{
    leftWall
    {
        type            calculated;
        value           nonuniform List<scalar> 10(0 0 -1.69407e-21 0 0 0 0 0 0 0);
    }
    rightWall
    {
        type            calculated;
        value           nonuniform List<scalar> 10(0 0 0 0 0 0 -8.67362e-19 0 0 0);
    }
    topWall
    {
        type            calculated;
        value           uniform 0;
    }
    bottomWall
    {
        type            calculated;
        value           uniform 0;
    }
    frontAndBackPlanes
    {
        type            empty;
    }
}


// ************************************************************************* //
