/*--------------------------------*- C++ -*----------------------------------*\
| =========                 |                                                 |
| \\      /  F ield         | OpenFOAM: The Open Source CFD Toolbox           |
|  \\    /   O peration     | Version:  2506                                  |
|   \\  /    A nd           | Website:  www.openfoam.com                      |
|    \\/     M anipulation  |                                                 |
\*---------------------------------------------------------------------------*/
FoamFile
{
    version     2.0;
    format      ascii;
    arch        "LSB;label=32;scalar=64";
    class       volVectorField;
    location    "74.8";
    object      U;
}
// * * * * * * * * * * * * * * * * * * * * * * * * * * * * * * * * * * * * * //

dimensions      [0 1 -1 0 0 0 0];

internalField   nonuniform List<vector> 
200
(
(0.000129003 -0.00062542 0)
(0.0011778 -0.00086578 0)
(0.00252117 -0.000708318 0)
(0.00373879 -0.000474964 0)
(0.00463329 -0.000279275 0)
(0.00526256 -0.000159639 0)
(0.00572696 -0.000119979 0)
(0.00612966 -0.000147975 0)
(0.00655969 -0.000229113 0)
(0.00708824 -0.000353858 0)
(0.00777134 -0.000519274 0)
(0.00865283 -0.000726065 0)
(0.00976063 -0.000970023 0)
(0.0110892 -0.00122527 0)
(0.0125537 -0.00141526 0)
(0.0138877 -0.0013608 0)
(0.0144828 -0.00069127 0)
(0.0134006 0.00117889 0)
(0.00966523 0.00437355 0)
(0.00293092 0.00620438 0)
(0.000320401 -0.00275264 0)
(0.00222107 -0.00466432 0)
(0.00448577 -0.00461363 0)
(0.00660332 -0.00377332 0)
(0.00830364 -0.00281402 0)
(0.00958695 -0.00206836 0)
(0.0105637 -0.00164769 0)
(0.0113644 -0.0015458 0)
(0.0121028 -0.00170968 0)
(0.0128631 -0.00207823 0)
(0.0136976 -0.00259489 0)
(0.0146239 -0.00319712 0)
(0.0156136 -0.00378191 0)
(0.0165659 -0.00414375 0)
(0.0172621 -0.00388498 0)
(0.0173095 -0.00231375 0)
(0.0160852 0.00158179 0)
(0.0128597 0.00859186 0)
(0.00755145 0.0172139 0)
(0.00130496 0.0178352 0)
(0.000376873 -0.00538104 0)
(0.00251657 -0.0093309 0)
(0.00494818 -0.00944301 0)
(0.00718639 -0.00791862 0)
(0.00896596 -0.00607847 0)
(0.0102939 -0.00456504 0)
(0.0112808 -0.00359728 0)
(0.0120473 -0.00317014 0)
(0.0126891 -0.0031835 0)
(0.013269 -0.00351167 0)
(0.0138176 -0.00402588 0)
(0.0143314 -0.00457675 0)
(0.0147637 -0.00493874 0)
(0.0150024 -0.00472073 0)
(0.0148378 -0.00326353 0)
(0.0139269 0.000404408 0)
(0.0118907 0.007289 0)
(0.00854467 0.017492 0)
(0.00431726 0.027607 0)
(0.000525124 0.0242305 0)
(0.000382001 -0.00816906 0)
(0.00244996 -0.0140368 0)
(0.00464773 -0.0140903 0)
(0.00655227 -0.0117393 0)
(0.00796942 -0.00895976 0)
(0.00895372 -0.00666773 0)
(0.0096307 -0.00514645 0)
(0.0101104 -0.00436034 0)
(0.0104661 -0.00414844 0)
(0.0107379 -0.00432332 0)
(0.0109423 -0.00469922 0)
(0.0110748 -0.00506321 0)
(0.0111024 -0.00509781 0)
(0.0109444 -0.00427192 0)
(0.0104487 -0.00175121 0)
(0.00937064 0.00354172 0)
(0.00754118 0.0124064 0)
(0.0049527 0.0242951 0)
(0.00210208 0.0343319 0)
(0.000134656 0.0273663 0)
(0.000362746 -0.010786 0)
(0.0021252 -0.0181226 0)
(0.00377453 -0.0177984 0)
(0.00502699 -0.014508 0)
(0.00581631 -0.0108352 0)
(0.00626172 -0.00788464 0)
(0.00649856 -0.00593129 0)
(0.00661627 -0.00486843 0)
(0.00665954 -0.00446633 0)
(0.00664753 -0.00449159 0)
(0.00658862 -0.0047292 0)
(0.00648326 -0.00493313 0)
(0.00631439 -0.00472434 0)
(0.00602961 -0.00346755 0)
(0.00552007 -0.000205248 0)
(0.00464144 0.00614814 0)
(0.00335084 0.0161695 0)
(0.00176528 0.0287006 0)
(0.000314102 0.0379265 0)
(-0.000151305 0.0283672 0)
(0.000306252 -0.0129641 0)
(0.0014787 -0.0210399 0)
(0.0022357 -0.0199802 0)
(0.00253613 -0.0157471 0)
(0.0024971 -0.0113797 0)
(0.0022917 -0.00802563 0)
(0.00203471 -0.0058639 0)
(0.00177256 -0.00468882 0)
(0.00151417 -0.00421337 0)
(0.00125911 -0.00418434 0)
(0.0010077 -0.00437951 0)
(0.000755785 -0.00453113 0)
(0.000484228 -0.00420753 0)
(0.000155322 -0.00269595 0)
(-0.000300029 0.00101899 0)
(-0.000867311 0.00791993 0)
(-0.0014195 0.0182924 0)
(-0.00170929 0.0304743 0)
(-0.00144383 0.0383748 0)
(-0.000366035 0.0274939 0)
(0.000181978 -0.014262 0)
(0.000315841 -0.0219991 0)
(-0.000274129 -0.0199045 0)
(-0.00124389 -0.0149322 0)
(-0.00227239 -0.010282 0)
(-0.00319834 -0.00693015 0)
(-0.00397733 -0.00487293 0)
(-0.00462722 -0.00380701 0)
(-0.00518071 -0.00342006 0)
(-0.00566363 -0.00346306 0)
(-0.00609457 -0.00371161 0)
(-0.00649274 -0.00387552 0)
(-0.00687878 -0.0034958 0)
(-0.00725426 -0.00187674 0)
(-0.00755792 0.00186172 0)
(-0.00758546 0.00848024 0)
(-0.00704592 0.0180434 0)
(-0.00565598 0.0288199 0)
(-0.00341748 0.0352219 0)
(-0.000639496 0.0245737 0)
(-0.000102722 -0.0138888 0)
(-0.00168114 -0.0198125 0)
(-0.00406971 -0.0166704 0)
(-0.0064877 -0.0116072 0)
(-0.00851201 -0.00737649 0)
(-0.0100731 -0.00456598 0)
(-0.0112532 -0.00297979 0)
(-0.012165 -0.00226544 0)
(-0.012905 -0.00212593 0)
(-0.0135435 -0.00233893 0)
(-0.014128 -0.00269917 0)
(-0.0146821 -0.0029399 0)
(-0.0151892 -0.0026634 0)
(-0.0155573 -0.00131359 0)
(-0.0155616 0.00176033 0)
(-0.0148412 0.00709693 0)
(-0.0129963 0.0147005 0)
(-0.0097739 0.0231546 0)
(-0.00548183 0.0280452 0)
(-0.000940943 0.0194563 0)
(-0.000683325 -0.0107279 0)
(-0.00455567 -0.0134816 0)
(-0.00872678 -0.0099914 0)
(-0.0121729 -0.00596893 0)
(-0.0145687 -0.0030904 0)
(-0.0161187 -0.00144284 0)
(-0.0171243 -0.000695284 0)
(-0.0178312 -0.00052084 0)
(-0.0184106 -0.000690783 0)
(-0.0189712 -0.0010537 0)
(-0.0195733 -0.00148239 0)
(-0.0202252 -0.00181753 0)
(-0.0208611 -0.00182522 0)
(-0.0213067 -0.00118074 0)
(-0.0212393 0.000510926 0)
(-0.0201524 0.00363692 0)
(-0.0175242 0.00828227 0)
(-0.0130574 0.0136482 0)
(-0.00721989 0.0170496 0)
(-0.0012374 0.0122071 0)
(-0.00169231 -0.00363134 0)
(-0.00622172 -0.00352373 0)
(-0.00983619 -0.00195101 0)
(-0.012078 -0.000707024 0)
(-0.0131602 -3.49745e-05 0)
(-0.0135737 0.000236167 0)
(-0.0136916 0.000282225 0)
(-0.0137314 0.000212774 0)
(-0.0138128 8.61692e-05 0)
(-0.0140082 -6.99989e-05 0)
(-0.0143582 -0.000242171 0)
(-0.0148666 -0.000413417 0)
(-0.0154836 -0.000549511 0)
(-0.0160755 -0.000588288 0)
(-0.0163826 -0.000425149 0)
(-0.0160216 0.000105403 0)
(-0.0144677 0.00115241 0)
(-0.0112742 0.00266752 0)
(-0.00665394 0.00403027 0)
(-0.00160329 0.00345001 0)
)
;

boundaryField
{
    leftWall
    {
        type            fixedValue;
        value           uniform (0 0 0);
    }
    rightWall
    {
        type            fixedValue;
        value           uniform (0 0 0);
    }
    topWall
    {
        type            fixedValue;
        value           uniform (0 0 0);
    }
    bottomWall
    {
        type            fixedValue;
        value           uniform (0 0 0);
    }
    frontAndBackPlanes
    {
        type            empty;
    }
}


// ************************************************************************* //
