/*--------------------------------*- C++ -*----------------------------------*\
| =========                 |                                                 |
| \\      /  F ield         | OpenFOAM: The Open Source CFD Toolbox           |
|  \\    /   O peration     | Version:  2506                                  |
|   \\  /    A nd           | Website:  www.openfoam.com                      |
|    \\/     M anipulation  |                                                 |
\*---------------------------------------------------------------------------*/
FoamFile
{
    version     2.0;
    format      ascii;
    arch        "LSB;label=32;scalar=64";
    class       surfaceScalarField;
    location    "126.2";
    object      phi;
}
// * * * * * * * * * * * * * * * * * * * * * * * * * * * * * * * * * * * * * //

dimensions      [1 0 -1 0 0 0 0];

oriented        oriented;

internalField   nonuniform List<scalar> 
370
(
0.000341986
-0.000374117
0.000890707
-0.000548664
0.00136298
-0.000472194
0.00168404
-0.000320961
0.00186465
-0.000180487
0.00194768
-8.29063e-05
0.00197993
-3.21242e-05
0.00199973
-1.96551e-05
0.0020345
-3.46158e-05
0.00210252
-6.7861e-05
0.00221492
-0.000112234
0.0023777
-0.000162613
0.00259108
-0.000213202
0.00284357
-0.000252308
0.00309839
-0.000254631
0.00326795
-0.000169363
0.0031836
8.45362e-05
0.00263394
0.000549862
0.00142434
0.00120977
0.00142443
0.000459192
-0.000833278
0.00122581
-0.0013152
0.00195265
-0.00119892
0.00250875
-0.000876924
0.00288162
-0.000553223
0.00310989
-0.000311028
0.00324552
-0.000167602
0.00333573
-0.000109704
0.00341551
-0.000114233
0.00350637
-0.000158557
0.0036182
-0.000223895
0.00374962
-0.000293865
0.00388543
-0.000348835
0.00398982
-0.000356515
0.00399538
-0.000260009
0.0037964
2.98107e-05
0.00325678
0.00062435
0.00224905
0.00155779
0.000905898
0.00255308
0.00233041
0.000436158
-0.0012694
0.00114355
-0.0020225
0.00181177
-0.001867
0.0023282
-0.00139319
0.00268478
-0.000909624
0.00291531
-0.000541372
0.00306188
-0.000313993
0.0031601
-0.000207737
0.00323445
-0.000188409
0.00329847
-0.000222395
0.00335589
-0.000281128
0.00340063
-0.000338421
0.00341424
-0.000362253
0.00336087
-0.000302956
0.00318335
-8.22877e-05
0.00280938
0.000403973
0.00218827
0.00124566
0.00133348
0.00241277
0.000448753
0.00343797
0.00277924
0.000368598
-0.00163795
0.000927329
-0.00258111
0.00141918
-0.00235868
0.00177302
-0.00174684
0.00200232
-0.00113872
0.00214466
-0.00068351
0.00223423
-0.000403363
0.00229365
-0.000266957
0.00233471
-0.000229274
0.00236183
-0.000249317
0.00237448
-0.00029357
0.00236696
-0.000330711
0.00232561
-0.000320701
0.00222479
-0.00020193
0.00202672
0.000115988
0.00169586
0.000735036
0.00121855
0.00172318
0.000649946
0.00298157
0.000162205
0.00392587
0.00294151
0.000280036
-0.00191794
0.000641398
-0.00294234
0.00090224
-0.00261934
0.00104677
-0.00189116
0.001114
-0.00120573
0.0011436
-0.000712895
0.0011593
-0.00041886
0.00116938
-0.000276824
0.00117417
-0.000233861
0.00117171
-0.000246652
0.00115994
-0.000281598
0.00113531
-0.000305879
0.00108918
-0.000274366
0.00100489
-0.000117438
0.000860006
0.000261082
0.000640341
0.000954914
0.00036018
0.00200355
9.10856e-05
0.00325087
-4.59951e-05
0.00406311
0.00289558
0.00016803
-0.00208592
0.000281175
-0.00305534
0.000269835
-0.00260781
0.000185151
-0.00180627
8.59265e-05
-0.00110629
3.01549e-06
-0.000629775
-5.80136e-05
-0.000357628
-0.000102255
-0.000232381
-0.000137364
-0.000198552
-0.000168424
-0.000215394
-0.000198299
-0.000251525
-0.0002304
-0.000273579
-0.000270969
-0.000233597
-0.000328199
-6.00024e-05
-0.000403639
0.000336733
-0.000483908
0.0010354
-0.000526427
0.00204628
-0.000461021
0.00318565
-0.000242663
0.0038449
0.00265297
-6.63006e-06
-0.00207923
-0.000210207
-0.00285162
-0.000536514
-0.00228131
-0.000865905
-0.00147667
-0.00113499
-0.000837007
-0.00133291
-0.000431658
-0.00147341
-0.000216932
-0.00157531
-0.000130282
-0.00165264
-0.00012103
-0.00171422
-0.000153625
-0.00176561
-0.000199948
-0.00181052
-0.000228471
-0.00184925
-0.000194679
-0.00187324
-3.58067e-05
-0.00185385
0.000317538
-0.00174647
0.000928217
-0.00149041
0.00179043
-0.00103903
0.00273446
-0.000441493
0.00324749
0.00221153
-0.000274703
-0.00180446
-0.000906753
-0.00221942
-0.00159024
-0.00159764
-0.00215667
-0.00091004
-0.00256699
-0.000426494
-0.00284522
-0.000153237
-0.00303068
-3.12882e-05
-0.00315778
-2.99522e-06
-0.0032517
-2.69308e-05
-0.00332867
-7.648e-05
-0.00339705
-0.000131396
-0.00345617
-0.000169175
-0.00349234
-0.000158329
-0.00347182
-5.61514e-05
-0.00333989
0.000185789
-0.00302394
0.000612436
-0.00245518
0.00122184
-0.00161625
0.00189568
-0.000643646
0.00227501
0.00156793
-0.000698343
-0.00110605
-0.00182539
-0.00109221
-0.00278439
-0.000638446
-0.00342687
-0.000267369
-0.00379876
-5.44182e-05
-0.00399733
4.55189e-05
-0.00410068
7.22386e-05
-0.00416117
5.7659e-05
-0.00421207
2.41296e-05
-0.0042722
-1.61877e-05
-0.00434717
-5.62822e-05
-0.00442827
-8.79223e-05
-0.00448831
-9.81414e-05
-0.00447534
-6.89891e-05
-0.00431387
2.44582e-05
-0.00390233
0.00020103
-0.00315549
0.000475126
-0.00206095
0.000801256
-0.00080646
0.0010206
0.000761511
-0.00110597
-0.00219803
-0.00283629
-0.00310347
-0.00315771
-0.00311202
-0.00303962
-0.00298181
-0.00295753
-0.00297358
-0.00302973
-0.00311753
-0.00321555
-0.00328443
-0.00325987
-0.00305875
-0.00258353
-0.0017822
-0.000761536
)
;

boundaryField
{
    leftWall
    {
        type            calculated;
        value           nonuniform List<scalar> 10(0 0 -5.42101e-20 0 0 0 0 0 -8.67362e-19 0);
    }
    rightWall
    {
        type            calculated;
        value           nonuniform List<scalar> 10(0 0 0 0 0 0 0 0 0 2.1684e-19);
    }
    topWall
    {
        type            calculated;
        value           uniform 0;
    }
    bottomWall
    {
        type            calculated;
        value           uniform 0;
    }
    frontAndBackPlanes
    {
        type            empty;
    }
}


// ************************************************************************* //
