/*--------------------------------*- C++ -*----------------------------------*\
| =========                 |                                                 |
| \\      /  F ield         | OpenFOAM: The Open Source CFD Toolbox           |
|  \\    /   O peration     | Version:  2506                                  |
|   \\  /    A nd           | Website:  www.openfoam.com                      |
|    \\/     M anipulation  |                                                 |
\*---------------------------------------------------------------------------*/
FoamFile
{
    version     2.0;
    format      ascii;
    arch        "LSB;label=32;scalar=64";
    class       volVectorField;
    location    "126.2";
    object      U;
}
// * * * * * * * * * * * * * * * * * * * * * * * * * * * * * * * * * * * * * //

dimensions      [0 1 -1 0 0 0 0];

internalField   nonuniform List<vector> 
200
(
(0.000515585 -0.00127911 0)
(0.00257206 -0.0016255 0)
(0.0047417 -0.00119291 0)
(0.00645788 -0.000638817 0)
(0.00750472 -0.0002134 0)
(0.00802352 3.02912e-05 0)
(0.0082275 0.000115301 0)
(0.00830575 8.64855e-05 0)
(0.00839805 -1.45193e-05 0)
(0.00859877 -0.000159518 0)
(0.0089678 -0.000335682 0)
(0.00954123 -0.000540426 0)
(0.0103362 -0.000770995 0)
(0.0113399 -0.00100692 0)
(0.0124676 -0.00117939 0)
(0.0134677 -0.00111725 0)
(0.0137868 -0.000469637 0)
(0.0125534 0.00127232 0)
(0.00890784 0.00416268 0)
(0.00266489 0.00566195 0)
(0.000548857 -0.0050392 0)
(0.00349826 -0.00777498 0)
(0.00670597 -0.00692626 0)
(0.00945222 -0.00490426 0)
(0.0114002 -0.00293206 0)
(0.0126212 -0.00150126 0)
(0.0133343 -0.000703084 0)
(0.0137645 -0.00044615 0)
(0.0140899 -0.00058351 0)
(0.0144293 -0.000977297 0)
(0.0148477 -0.00152067 0)
(0.0153635 -0.00212764 0)
(0.0159459 -0.00269561 0)
(0.0164961 -0.00303977 0)
(0.0168114 -0.0027993 0)
(0.0165332 -0.00133419 0)
(0.0150865 0.00227065 0)
(0.0118577 0.00865005 0)
(0.00684275 0.0162797 0)
(0.00115573 0.0162802 0)
(0.000516692 -0.00884783 0)
(0.00329112 -0.014126 0)
(0.00623992 -0.0130538 0)
(0.00877215 -0.00972489 0)
(0.010604 -0.00630743 0)
(0.0118027 -0.00370031 0)
(0.0125526 -0.00210339 0)
(0.0130316 -0.00139028 0)
(0.0133705 -0.00132414 0)
(0.0136489 -0.00166624 0)
(0.0139023 -0.00221227 0)
(0.0141269 -0.00277688 0)
(0.0142746 -0.00313599 0)
(0.0142373 -0.00293496 0)
(0.0138225 -0.00158563 0)
(0.0127226 0.00176827 0)
(0.0106631 0.00796225 0)
(0.00750669 0.0170337 0)
(0.00368647 0.0257293 0)
(0.00041729 0.0218933 0)
(0.000451128 -0.012254 0)
(0.00273518 -0.0195432 0)
(0.00497848 -0.0180626 0)
(0.00677778 -0.013521 0)
(0.00799234 -0.00889275 0)
(0.00874227 -0.0053658 0)
(0.00919829 -0.00316848 0)
(0.00948922 -0.00210091 0)
(0.00968796 -0.00183332 0)
(0.00982642 -0.00204685 0)
(0.00991147 -0.00247261 0)
(0.00993119 -0.00286111 0)
(0.00984822 -0.00290268 0)
(0.00958342 -0.0021221 0)
(0.00899306 0.000200376 0)
(0.00790736 0.00493917 0)
(0.00620407 0.0127622 0)
(0.00392435 0.0231041 0)
(0.00153771 0.0314565 0)
(5.04722e-05 0.0243621 0)
(0.000370774 -0.014997 0)
(0.00199893 -0.0234634 0)
(0.00331036 -0.02129 0)
(0.00415506 -0.0156632 0)
(0.00457778 -0.0101643 0)
(0.00475494 -0.00609902 0)
(0.00483165 -0.00361562 0)
(0.00487741 -0.00239444 0)
(0.0049065 -0.00202106 0)
(0.00491204 -0.00213393 0)
(0.00488473 -0.00244479 0)
(0.00481443 -0.00268015 0)
(0.00467849 -0.0024784 0)
(0.00442512 -0.0012814 0)
(0.00395494 0.00170472 0)
(0.00319274 0.00731299 0)
(0.00211695 0.0160036 0)
(0.000887535 0.0266746 0)
(-9.08256e-05 0.0340893 0)
(-0.00017841 0.0248095 0)
(0.000273101 -0.0169235 0)
(0.00105836 -0.0255614 0)
(0.00123187 -0.02244 0)
(0.000988593 -0.0159711 0)
(0.000571012 -0.010042 0)
(0.000169335 -0.00586578 0)
(-0.000134538 -0.00341378 0)
(-0.00034672 -0.0022461 0)
(-0.000506981 -0.00189362 0)
(-0.000641612 -0.0019952 0)
(-0.000766048 -0.00227469 0)
(-0.00089222 -0.00245077 0)
(-0.00104029 -0.00212356 0)
(-0.00124237 -0.000683775 0)
(-0.00153487 0.00267249 0)
(-0.00188577 0.00867314 0)
(-0.00217694 0.0174983 0)
(-0.00216547 0.027646 0)
(-0.00160467 0.0337948 0)
(-0.000363957 0.0236088 0)
(0.000143664 -0.0176878 0)
(-0.000254407 -0.0253418 0)
(-0.00151401 -0.0211137 0)
(-0.00296839 -0.0142478 0)
(-0.00424943 -0.00848173 0)
(-0.00522544 -0.00467159 0)
(-0.00591966 -0.00255694 0)
(-0.00641148 -0.00162144 0)
(-0.00677481 -0.0014111 0)
(-0.00705804 -0.00159932 0)
(-0.00729066 -0.00192952 0)
(-0.00749333 -0.00211831 0)
(-0.00767897 -0.0017612 0)
(-0.0078352 -0.000281654 0)
(-0.00788539 0.00301319 0)
(-0.00766114 0.00868798 0)
(-0.00691972 0.0167252 0)
(-0.00542355 0.0255758 0)
(-0.00319923 0.0304393 0)
(-0.000579186 0.0207537 0)
(-0.000200708 -0.0166369 0)
(-0.00235763 -0.0219372 0)
(-0.00527249 -0.0168549 0)
(-0.007976 -0.0103723 0)
(-0.0100312 -0.00547268 0)
(-0.0114444 -0.00251128 0)
(-0.0123794 -0.00104253 0)
(-0.0130046 -0.000541435 0)
(-0.0134477 -0.00060758 0)
(-0.0137945 -0.000966874 0)
(-0.0140973 -0.00140266 0)
(-0.0143753 -0.0016729 0)
(-0.0146051 -0.00144342 0)
(-0.0146941 -0.00026506 0)
(-0.0144367 0.00237595 0)
(-0.0135497 0.00689909 0)
(-0.0116984 0.0132378 0)
(-0.00868519 0.020125 0)
(-0.00480387 0.0238136 0)
(-0.00080643 0.0161729 0)
(-0.00084774 -0.0126513 0)
(-0.00536612 -0.0144952 0)
(-0.00986634 -0.00953461 0)
(-0.0132695 -0.00466513 0)
(-0.0153531 -0.00153863 0)
(-0.0164732 1.75948e-05 0)
(-0.0170403 0.000545435 0)
(-0.0173414 0.000494963 0)
(-0.0175522 0.000149111 0)
(-0.0177761 -0.000324541 0)
(-0.0180633 -0.000803274 0)
(-0.018412 -0.00115226 0)
(-0.0187529 -0.00118363 0)
(-0.018927 -0.000639183 0)
(-0.0186498 0.000796303 0)
(-0.017514 0.00342926 0)
(-0.0150853 0.00727949 0)
(-0.011133 0.0116296 0)
(-0.00608634 0.014224 0)
(-0.00102469 0.00998057 0)
(-0.00203004 -0.00433121 0)
(-0.00717129 -0.00375032 0)
(-0.0108119 -0.00170335 0)
(-0.0126957 -0.000273991 0)
(-0.0132855 0.000392035 0)
(-0.0132187 0.000574287 0)
(-0.0129166 0.000522226 0)
(-0.012614 0.000378812 0)
(-0.0124281 0.000206444 0)
(-0.0124082 2.71369e-05 0)
(-0.0125671 -0.000149073 0)
(-0.0128874 -0.000308938 0)
(-0.0133114 -0.000426536 0)
(-0.0137148 -0.000453192 0)
(-0.0138774 -0.000305901 0)
(-0.0134716 0.000145337 0)
(-0.0120653 0.00100575 0)
(-0.00931464 0.00222079 0)
(-0.00543305 0.00328069 0)
(-0.00128596 0.00276077 0)
)
;

boundaryField
{
    leftWall
    {
        type            fixedValue;
        value           uniform (0 0 0);
    }
    rightWall
    {
        type            fixedValue;
        value           uniform (0 0 0);
    }
    topWall
    {
        type            fixedValue;
        value           uniform (0 0 0);
    }
    bottomWall
    {
        type            fixedValue;
        value           uniform (0 0 0);
    }
    frontAndBackPlanes
    {
        type            empty;
    }
}


// ************************************************************************* //
