/*--------------------------------*- C++ -*----------------------------------*\
| =========                 |                                                 |
| \\      /  F ield         | OpenFOAM: The Open Source CFD Toolbox           |
|  \\    /   O peration     | Version:  2506                                  |
|   \\  /    A nd           | Website:  www.openfoam.com                      |
|    \\/     M anipulation  |                                                 |
\*---------------------------------------------------------------------------*/
FoamFile
{
    version     2.0;
    format      ascii;
    arch        "LSB;label=32;scalar=64";
    class       surfaceScalarField;
    location    "100.8";
    object      phi;
}
// * * * * * * * * * * * * * * * * * * * * * * * * * * * * * * * * * * * * * //

dimensions      [1 0 -1 0 0 0 0];

oriented        oriented;

internalField   nonuniform List<scalar> 
370
(
0.000252084
-0.000296257
0.000700897
-0.000448738
0.00110063
-0.000399624
0.00138661
-0.000285846
0.00156307
-0.00017631
0.00166233
-9.90974e-05
0.00172179
-5.92871e-05
0.00177347
-5.1495e-05
0.00184127
-6.76103e-05
0.00194177
-0.000100304
0.00208611
-0.00014414
0.00228116
-0.000194838
0.00252813
-0.000246753
0.00281617
-0.000287823
0.00310828
-0.00029188
0.00331546
-0.000206953
0.00325775
5.79471e-05
0.00271891
0.000539069
0.00148446
0.00123465
0.00148457
0.000386954
-0.000683172
0.00104862
-0.0011103
0.00169288
-0.00104373
0.00220328
-0.000796073
0.00256418
-0.000537026
0.00280508
-0.000339793
0.00296861
-0.000222618
0.00309453
-0.000177213
0.00321305
-0.000185919
0.00334354
-0.000230584
0.00349517
-0.000295546
0.00366665
-0.0003661
0.00384307
-0.000422948
0.0039883
-0.000432819
0.00403285
-0.000336195
0.00386527
-3.91335e-05
0.00334577
0.000577689
0.00232868
0.0015564
0.000945391
0.00261815
0.00243007
0.000393726
-0.00107685
0.00104388
-0.00176031
0.00167196
-0.00167162
0.00217187
-0.00129575
0.00253136
-0.000896287
0.00277754
-0.000585722
0.00294666
-0.000391497
0.00307038
-0.000300693
0.00317105
-0.000286343
0.00326131
-0.000320593
0.00334476
-0.000378753
0.00341556
-0.000436645
0.00345532
-0.00046246
0.00342761
-0.000404852
0.0032732
-0.000181529
0.00291269
0.000321646
0.00228759
0.00120305
0.00140694
0.00243729
0.000479684
0.00354562
0.00290985
0.000353157
-0.00142995
0.000902337
-0.00230933
0.00140009
-0.00216915
0.0017713
-0.0016667
0.00202245
-0.00114717
0.00218588
-0.000748867
0.00229326
-0.000498605
0.00236688
-0.00037404
0.00241933
-0.000338522
0.00245608
-0.000357071
0.00247752
-0.00039992
0.00247868
-0.000437527
0.00244613
-0.000429636
0.0023533
-0.000311744
0.00215967
1.23758e-05
0.00182286
0.000658737
0.00132557
0.00170062
0.0007208
0.00304232
0.000188504
0.00407813
0.00309845
0.00028643
-0.00171631
0.000676255
-0.00269898
0.00097758
-0.00247022
0.00116201
-0.00185085
0.00126067
-0.00124553
0.00131063
-0.000798527
0.00133644
-0.000524129
0.00134937
-0.000386688
0.0013526
-0.000341459
0.00134621
-0.000350404
0.00132952
-0.000382948
0.00129983
-0.000407556
0.00124875
-0.000378272
0.00115873
-0.000221438
0.00100348
0.000167925
0.000766884
0.000895627
0.000458489
0.00200931
0.000150506
0.00335058
-2.54279e-05
0.00425428
0.00307311
0.000188973
-0.00190521
0.000355985
-0.00286579
0.000402759
-0.00251673
0.000363502
-0.0018113
0.000291694
-0.00117343
0.000220274
-0.000726812
0.000160009
-0.000463575
0.000109485
-0.000335881
6.42493e-05
-0.000295942
2.12426e-05
-0.000307118
-2.12584e-05
-0.000340168
-6.62195e-05
-0.000362315
-0.000120276
-0.000323932
-0.000192844
-0.000148579
-0.000288115
0.000263497
-0.000393424
0.00100124
-0.000465944
0.00208213
-0.000431877
0.00331678
-0.000237687
0.0040603
0.0028355
2.65929e-05
-0.00193172
-0.000117756
-0.00272123
-0.000388125
-0.00224608
-0.000681403
-0.00151773
-0.00093531
-0.00091923
-0.00113344
-0.000528398
-0.00128373
-0.000313006
-0.00140029
-0.00021905
-0.00149462
-0.000201334
-0.0015741
-0.000227369
-0.00164367
-0.000270325
-0.00170735
-0.00029837
-0.00176651
-0.000264496
-0.00181367
-0.000101135
-0.00182054
0.000270654
-0.00173863
0.000919616
-0.00150227
0.00184604
-0.00105928
0.00287404
-0.000455355
0.00345656
0.00238022
-0.00023974
-0.00169189
-0.00081573
-0.00214502
-0.00145887
-0.00160267
-0.00200948
-0.00096684
-0.00242391
-0.000504517
-0.00271809
-0.000233947
-0.0029263
-0.000104526
-0.00307896
-6.61319e-05
-0.00319881
-8.12284e-05
-0.00330149
-0.000124436
-0.00339513
-0.00017643
-0.00347967
-0.000213577
-0.00354195
-0.000201969
-0.00354792
-9.49108e-05
-0.00343867
0.000161655
-0.00313568
0.000616879
-0.00256307
0.00127368
-0.00169824
0.00200942
-0.000680964
0.00243945
0.00169932
-0.000653572
-0.00103822
-0.00173213
-0.00106624
-0.00267737
-0.000657155
-0.0033367
-0.000307233
-0.00374468
-9.62687e-05
-0.00397752
-8.48161e-07
-0.00411959
3.77939e-05
-0.00421583
3.03521e-05
-0.00429734
5.10618e-07
-0.00438731
-3.42393e-05
-0.00449022
-7.32999e-05
-0.00459863
-0.000104962
-0.004685
-0.00011539
-0.00469481
-8.48984e-05
-0.00454797
1.50128e-05
-0.00413378
0.000202887
-0.00335871
0.000498794
-0.00220464
0.000855518
-0.000867414
0.00110235
0.000831959
-0.00103811
-0.00210412
-0.00276101
-0.00306797
-0.00316398
-0.00316458
-0.00312655
-0.00309598
-0.00309526
-0.0031293
-0.00320241
-0.0033072
-0.00342242
-0.00350717
-0.00349201
-0.00328898
-0.00279006
-0.00193443
-0.000831996
)
;

boundaryField
{
    leftWall
    {
        type            calculated;
        value           nonuniform List<scalar> 10(0 0 0 0 0 0 0 4.33681e-19 0 8.67362e-19);
    }
    rightWall
    {
        type            calculated;
        value           nonuniform List<scalar> 10(0 0 0 0 0 4.33681e-19 0 0 0 0);
    }
    topWall
    {
        type            calculated;
        value           uniform 0;
    }
    bottomWall
    {
        type            calculated;
        value           uniform 0;
    }
    frontAndBackPlanes
    {
        type            empty;
    }
}


// ************************************************************************* //
