/*--------------------------------*- C++ -*----------------------------------*\
| =========                 |                                                 |
| \\      /  F ield         | OpenFOAM: The Open Source CFD Toolbox           |
|  \\    /   O peration     | Version:  2506                                  |
|   \\  /    A nd           | Website:  www.openfoam.com                      |
|    \\/     M anipulation  |                                                 |
\*---------------------------------------------------------------------------*/
FoamFile
{
    version     2.0;
    format      ascii;
    arch        "LSB;label=32;scalar=64";
    class       surfaceScalarField;
    location    "106.8";
    object      phi;
}
// * * * * * * * * * * * * * * * * * * * * * * * * * * * * * * * * * * * * * //

dimensions      [1 0 -1 0 0 0 0];

oriented        oriented;

internalField   nonuniform List<scalar> 
370
(
0.000275664
-0.00031665
0.000750629
-0.000474894
0.00116919
-0.000418455
0.00146399
-0.00029468
0.00164105
-0.000176916
0.00173553
-9.43281e-05
0.00178737
-5.16663e-05
0.00183028
-4.27383e-05
0.00188916
-5.86989e-05
0.001981
-9.16519e-05
0.00211692
-0.00013572
0.00230353
-0.000186405
0.00254178
-0.000238045
0.0028207
-0.000278707
0.00310341
-0.000282494
0.00330142
-0.000197781
0.00323749
6.41488e-05
0.00269653
0.00054119
0.00146892
0.0012278
0.00146903
0.000406085
-0.000722698
0.0010955
-0.00116421
0.00176149
-0.0010843
0.00228371
-0.000816741
0.00264739
-0.000540418
0.00288448
-0.000331233
0.00304018
-0.00020717
0.00315623
-0.000158602
0.00326412
-0.000166388
0.00338381
-0.000211143
0.00352467
-0.000276365
0.00368538
-0.000346912
0.00385099
-0.000403438
0.00398549
-0.00041298
0.00401994
-0.000316725
0.00384489
-2.24981e-05
0.00332067
0.000588595
0.00230676
0.00155533
0.000934638
0.00260012
0.00240377
0.000405142
-0.00112779
0.00107071
-0.00182965
0.00170962
-0.00172303
0.00221397
-0.00132088
0.00257263
-0.000898852
0.00281447
-0.000572849
0.00297735
-0.000369826
0.00309401
-0.000275027
0.00318737
-0.000259522
0.00327034
-0.000293885
0.00334658
-0.000352371
0.00341018
-0.000410279
0.00344277
-0.000435791
0.00340811
-0.00037808
0.00324759
-0.000155965
0.00288323
0.00034211
0.00225961
0.00121246
0.00138637
0.00242881
0.000471003
0.00351569
0.00287486
0.000357518
-0.00148525
0.000909617
-0.0023816
0.00140612
-0.00221932
0.00177292
-0.00168744
0.00201836
-0.00114403
0.00217615
-0.000730388
0.0022787
-0.000472111
0.00234837
-0.000344449
0.0023976
-0.000308496
0.00243159
-0.000327619
0.00245048
-0.000371011
0.0024491
-0.000408653
0.00241397
-0.000400399
0.00231875
-0.00028261
0.00212349
3.95635e-05
0.00178812
0.000677743
0.00129617
0.00170468
0.000701246
0.00302398
0.000181177
0.00403596
0.00305613
0.000285012
-0.0017702
0.000667644
-0.00276406
0.00095845
-0.0025099
0.0011324
-0.00186112
0.00122275
-0.00123411
0.00126732
-0.000774683
0.00129039
-0.000494913
0.00130249
-0.000356292
0.00130607
-0.000311807
0.00130068
-0.000321968
0.00128525
-0.000355326
0.00125682
-0.000379961
0.0012069
-0.000350218
0.00111814
-0.000193588
0.000965503
0.000192474
0.00073309
0.000910429
0.000431995
0.00200604
0.000134283
0.00332194
-3.12046e-05
0.00420164
0.003025
0.000183674
-0.00195381
0.000336531
-0.00291674
0.000367873
-0.00254099
0.000316451
-0.00180943
0.000237261
-0.00115465
0.000162743
-0.000699894
0.000102434
-0.000434339
5.37332e-05
-0.00030733
1.1321e-05
-0.000269137
-2.84072e-05
-0.000281983
-6.74803e-05
-0.000315997
-0.000108986
-0.000338197
-0.00015946
-0.000299483
-0.000227969
-0.000124812
-0.000318059
0.000282838
-0.000416915
0.00100956
-0.000481744
0.00207114
-0.000439588
0.00328004
-0.000239033
0.00400128
0.00278604
1.78184e-05
-0.00197156
-0.000142247
-0.00275648
-0.000427648
-0.00225534
-0.000730661
-0.00150615
-0.000988598
-0.000896443
-0.00118651
-0.000501722
-0.001334
-0.000286596
-0.00144638
-0.0001947
-0.00153591
-0.000179348
-0.00161043
-0.000207223
-0.00167503
-0.000251143
-0.00173361
-0.000279363
-0.00178726
-0.000245582
-0.00182818
-8.36345e-05
-0.00182807
0.000282991
-0.00173955
0.000921303
-0.00149829
0.00183014
-0.00105348
0.00283546
-0.000451563
0.00339953
0.00233455
-0.000249069
-0.00172241
-0.000840183
-0.00216516
-0.00149419
-0.00160108
-0.00204897
-0.000951103
-0.00246213
-0.000483028
-0.00275183
-0.000211779
-0.00295364
-8.45342e-05
-0.00309916
-4.89413e-05
-0.00321186
-6.64148e-05
-0.00330744
-0.000111408
-0.00339415
-0.000164208
-0.00347175
-0.000201533
-0.00352693
-0.000190165
-0.00352582
-8.45157e-05
-0.00341056
0.000167965
-0.00310435
0.000615313
-0.00253317
0.00125919
-0.00167575
0.00197823
-0.000670822
0.00239475
0.00166379
-0.000665627
-0.00105669
-0.00175725
-0.00107333
-0.00270609
-0.000651995
-0.00336063
-0.000296312
-0.0037586
-8.48045e-05
-0.00398245
1.23046e-05
-0.00411377
4.70228e-05
-0.00420007
3.75774e-05
-0.00427359
7.31259e-06
-0.00435526
-2.95321e-05
-0.00445046
-6.88041e-05
-0.00455139
-0.000100414
-0.0046306
-0.000110763
-0.00463429
-8.06396e-05
-0.00448362
1.74678e-05
-0.00407039
0.000202269
-0.00330327
0.000492243
-0.0021656
0.000840708
-0.000850911
0.00108018
0.000812927
-0.00105659
-0.00212971
-0.00278146
-0.00307753
-0.00316209
-0.00314957
-0.00310233
-0.00306455
-0.00305705
-0.0030864
-0.00315503
-0.00325528
-0.00336589
-0.00344639
-0.00342879
-0.00322639
-0.00273403
-0.00189322
-0.00081296
)
;

boundaryField
{
    leftWall
    {
        type            calculated;
        value           nonuniform List<scalar> 10(3.38813e-21 0 0 0 0 0 0 0 0 0);
    }
    rightWall
    {
        type            calculated;
        value           nonuniform List<scalar> 10(0 -2.1684e-19 0 0 0 4.33681e-19 0 0 -4.33681e-19 0);
    }
    topWall
    {
        type            calculated;
        value           uniform 0;
    }
    bottomWall
    {
        type            calculated;
        value           uniform 0;
    }
    frontAndBackPlanes
    {
        type            empty;
    }
}


// ************************************************************************* //
