/*--------------------------------*- C++ -*----------------------------------*\
| =========                 |                                                 |
| \\      /  F ield         | OpenFOAM: The Open Source CFD Toolbox           |
|  \\    /   O peration     | Version:  2506                                  |
|   \\  /    A nd           | Website:  www.openfoam.com                      |
|    \\/     M anipulation  |                                                 |
\*---------------------------------------------------------------------------*/
FoamFile
{
    version     2.0;
    format      ascii;
    arch        "LSB;label=32;scalar=64";
    class       surfaceScalarField;
    location    "83.6";
    object      phi;
}
// * * * * * * * * * * * * * * * * * * * * * * * * * * * * * * * * * * * * * //

dimensions      [1 0 -1 0 0 0 0];

oriented        oriented;

internalField   nonuniform List<scalar> 
370
(
0.000176743
-0.000231411
0.000542319
-0.000365494
0.000883052
-0.000340613
0.00114291
-0.000259708
0.00132004
-0.000176974
0.00143714
-0.00011692
0.00152313
-8.58129e-05
0.0016043
-8.09801e-05
0.0017014
-9.69052e-05
0.00182991
-0.000128308
0.00200127
-0.00017115
0.00222326
-0.000221779
0.00249788
-0.000274402
0.00281442
-0.000316312
0.00313499
-0.000320339
0.00336868
-0.00023345
0.00332711
4.18085e-05
0.00279135
0.00053599
0.00153315
0.00125841
0.00153327
0.000323869
-0.000555236
0.000894732
-0.000936237
0.00146884
-0.000914547
0.00194254
-0.000733214
0.00229712
-0.000531336
0.00255351
-0.000373078
0.0027456
-0.000277679
0.00290639
-0.000241536
0.00306189
-0.000252176
0.00322951
-0.000295688
0.00341781
-0.000359204
0.00362554
-0.000429269
0.00383779
-0.000486393
0.00401757
-0.000495839
0.0040931
-0.000395607
0.00394762
-8.77058e-05
0.0034388
0.000550903
0.00240653
0.00156852
0.000982793
0.00268237
0.00251618
0.000354548
-0.000909724
0.000952031
-0.00153356
0.00154337
-0.00150566
0.00202876
-0.00121833
0.00239229
-0.000894579
0.0026548
-0.000635305
0.00284706
-0.000469639
0.00299687
-0.000391056
0.00312441
-0.000379428
0.00324137
-0.000412354
0.00335111
-0.000468655
0.00344781
-0.000525665
0.00351292
-0.000551203
0.003509
-0.000491618
0.00337392
-0.000260214
0.00302345
0.000263066
0.00239085
0.00118381
0.00148204
0.00247762
0.000511416
0.00365324
0.00302771
0.000336723
-0.00124637
0.000873439
-0.00207007
0.00137326
-0.0020052
0.00175819
-0.00160294
0.00202852
-0.00116457
0.00221165
-0.000818086
0.00233671
-0.000594364
0.00242538
-0.000479386
0.00249068
-0.000444388
0.00253881
-0.000460157
0.00257083
-0.000500338
0.00258221
-0.000536711
0.00255971
-0.000528355
0.00247615
-0.000407716
0.00228814
-7.18585e-05
0.00194735
0.000604194
0.00143137
0.00170013
0.000791509
0.0031178
0.000215344
0.00422966
0.00324317
0.000289212
-0.0015355
0.000700233
-0.00248087
0.0010347
-0.00233935
0.00125322
-0.0018211
0.00137945
-0.00129044
0.00144772
-0.00088598
0.00148331
-0.000629586
0.00149981
-0.000495527
0.00150286
-0.000447085
0.00149446
-0.000451399
0.00147504
-0.000480563
0.00144255
-0.000503866
0.00138899
-0.000474435
0.00129616
-0.000314517
0.00113564
8.90435e-05
0.000885504
0.000854699
0.000552414
0.00203359
0.00020907
0.00346148
-3.58957e-06
0.00444259
0.00323969
0.000205381
-0.00174079
0.000417594
-0.00269284
0.000514865
-0.00243628
0.000516055
-0.00182192
0.000468856
-0.00124285
0.000407493
-0.000824239
0.000346844
-0.000568568
0.000289672
-0.000437992
0.000234636
-0.00039169
0.000180629
-0.000397033
0.000126983
-0.000426558
7.10437e-05
-0.000447565
5.69115e-06
-0.000408716
-7.94882e-05
-0.000228964
-0.000191257
0.000201198
-0.000316745
0.000980576
-0.000413528
0.00213075
-0.000405587
0.00345387
-0.000232855
0.00427011
0.00300693
5.41748e-05
-0.00179487
-3.7828e-05
-0.00260056
-0.000257394
-0.00221636
-0.000517967
-0.00156097
-0.000759033
-0.00100141
-0.000959191
-0.000623714
-0.00112053
-0.000406872
-0.00125273
-0.000305438
-0.00136458
-0.000279485
-0.00146195
-0.000299313
-0.00154912
-0.000339039
-0.00163022
-0.000366105
-0.00170767
-0.000330907
-0.00177541
-0.000160855
-0.0018049
0.000231055
-0.00174344
0.000919496
-0.00152089
0.00190855
-0.00108122
0.00301453
-0.000468657
0.00365778
0.00253837
-0.000208229
-0.00158652
-0.000732923
-0.00207559
-0.00133938
-0.00160954
-0.00187646
-0.00102352
-0.00229668
-0.000580829
-0.00260888
-0.000311161
-0.00284043
-0.00017497
-0.00301879
-0.000126744
-0.00316504
-0.000132896
-0.00329333
-0.000170696
-0.00341179
-0.000220253
-0.00352083
-0.000256734
-0.00360761
-0.000243798
-0.0036373
-0.000130837
-0.00354726
0.000141349
-0.00325283
0.000625387
-0.0026719
0.00132793
-0.00177826
0.00212117
-0.000716361
0.00259609
0.00182209
-0.00061199
-0.000974406
-0.00164529
-0.00104199
-0.00257809
-0.000676392
-0.00325397
-0.000347271
-0.00369502
-0.000139422
-0.00397049
-3.53497e-05
-0.00414609
9.54383e-07
-0.00427433
1.81149e-06
-0.00438882
-1.81131e-05
-0.00450737
-5.18525e-05
-0.00463752
-8.98213e-05
-0.00477244
-0.000121539
-0.00488389
-0.000132078
-0.00491448
-9.99736e-05
-0.00477988
7.00355e-06
-0.00436009
0.00020585
-0.00355468
0.000522768
-0.00234131
0.000908023
-0.000924635
0.00117958
0.000897527
-0.000974267
-0.00201596
-0.002692
-0.00303891
-0.00317799
-0.00321301
-0.00321175
-0.00320964
-0.00322748
-0.00327908
-0.00336866
-0.00348997
-0.00362183
-0.0037216
-0.00371441
-0.00350837
-0.00298544
-0.00207727
-0.000897576
)
;

boundaryField
{
    leftWall
    {
        type            calculated;
        value           uniform 0;
    }
    rightWall
    {
        type            calculated;
        value           uniform 0;
    }
    topWall
    {
        type            calculated;
        value           uniform 0;
    }
    bottomWall
    {
        type            calculated;
        value           uniform 0;
    }
    frontAndBackPlanes
    {
        type            empty;
    }
}


// ************************************************************************* //
