/*--------------------------------*- C++ -*----------------------------------*\
| =========                 |                                                 |
| \\      /  F ield         | OpenFOAM: The Open Source CFD Toolbox           |
|  \\    /   O peration     | Version:  2506                                  |
|   \\  /    A nd           | Website:  www.openfoam.com                      |
|    \\/     M anipulation  |                                                 |
\*---------------------------------------------------------------------------*/
FoamFile
{
    version     2.0;
    format      ascii;
    arch        "LSB;label=32;scalar=64";
    class       surfaceScalarField;
    location    "90.8";
    object      phi;
}
// * * * * * * * * * * * * * * * * * * * * * * * * * * * * * * * * * * * * * //

dimensions      [1 0 -1 0 0 0 0];

oriented        oriented;

internalField   nonuniform List<scalar> 
370
(
0.000209597
-0.000259614
0.000611395
-0.000401718
0.000977609
-0.000366096
0.00124841
-0.000270659
0.00142471
-0.000176134
0.00153349
-0.000108608
0.00160747
-7.37993e-05
0.00167547
-6.78169e-05
0.00175963
-8.39602e-05
0.00187585
-0.000116017
0.0020354
-0.000159344
0.00224565
-0.000210027
0.00250825
-0.000262379
0.00281249
-0.00030402
0.00312097
-0.000308246
0.00334369
-0.000222483
0.00329583
4.8092e-05
0.00275951
0.000536558
0.00151208
0.00124765
0.00151219
0.000351828
-0.000611399
0.000962733
-0.00101251
0.00156753
-0.00097073
0.00205692
-0.000759854
0.0024136
-0.000532614
0.00266241
-0.000357198
0.0028412
-0.000252368
0.00298598
-0.000212384
0.00312466
-0.000222413
0.00327551
-0.000266631
0.00344733
-0.000330932
0.00363888
-0.000401345
0.00383528
-0.000458532
0.00399999
-0.000468477
0.00406231
-0.000370318
0.00390775
-6.76627e-05
0.00339529
0.000560811
0.0023708
0.0015613
0.000965791
0.00265288
0.0024781
0.000372244
-0.000983588
0.00099342
-0.00163353
0.00160116
-0.00157825
0.00209279
-0.00125124
0.0024541
-0.000893652
0.00270876
-0.00061159
0.00289007
-0.000433404
0.00302761
-0.000349655
0.00314257
-0.000337104
0.00324709
-0.000370873
0.00334465
-0.000428225
0.00342945
-0.000485868
0.00348307
-0.000511872
0.00346857
-0.000453689
0.00332516
-0.000226617
0.00297086
0.000286927
0.00234237
0.00118959
0.00144702
0.00245692
0.000496636
0.00360349
0.00297484
0.00034444
-0.00132796
0.000887237
-0.00217615
0.00138648
-0.00207724
0.00176537
-0.00162983
0.00202698
-0.00115495
0.00220096
-0.000785261
0.00231768
-0.000549804
0.00239911
-0.000430781
0.00245814
-0.000395826
0.00250067
-0.000413098
0.00252747
-0.000454715
0.00253385
-0.00049194
0.00250655
-0.000484261
0.00241872
-0.000365549
0.00222815
-3.57333e-05
0.00188936
0.000626044
0.00138216
0.0016971
0.000758626
0.00308075
0.000202777
0.00415958
0.00317773
0.000288372
-0.00161626
0.000690508
-0.00257808
0.00101057
-0.00239701
0.00121403
-0.00183297
0.00132792
-0.00126851
0.00138787
-0.000844873
0.00141889
-0.000580495
0.00143356
-0.000445126
0.00143643
-0.000398365
0.00142862
-0.000404969
0.00141006
-0.000435835
0.00137843
-0.000459984
0.00132561
-0.00043112
0.00123377
-0.000273376
0.00107545
0.000122925
0.00083129
0.000870547
0.000509322
0.0020194
0.000182056
0.00340832
-1.37223e-05
0.0043556
0.0031641
0.000198359
-0.00181453
0.000390834
-0.00277033
0.000465846
-0.00247172
0.000449083
-0.00181586
0.000390953
-0.00121004
0.000325187
-0.000778768
0.000264831
-0.000519807
0.000210748
-0.000390716
0.000160164
-0.000347458
0.000111075
-0.000355557
6.23352e-05
-0.000386773
1.11666e-05
-0.000408491
-4.9287e-05
-0.000370339
-0.000129136
-0.000193191
-0.000233874
0.00022801
-0.000350692
0.000987715
-0.000436935
0.00210598
-0.0004175
0.0033892
-0.00023516
0.0041735
0.00292903
4.21846e-05
-0.00185663
-7.29957e-05
-0.0026549
-0.000315225
-0.00222917
-0.000590295
-0.00154046
-0.000836845
-0.000963152
-0.00103573
-0.000579555
-0.00119172
-0.000363496
-0.00131654
-0.000265575
-0.00142025
-0.000243435
-0.00150938
-0.000266108
-0.00158852
-0.000307328
-0.00166173
-0.000334961
-0.00173109
-0.000300656
-0.00178982
-0.000134132
-0.00180954
0.000248056
-0.00173945
0.000917965
-0.00151137
0.00187822
-0.00107086
0.00294897
-0.000462587
0.00356544
0.00246653
-0.00022231
-0.00163421
-0.000769969
-0.00210699
-0.0013927
-0.00160613
-0.0019355
-0.000997329
-0.00235262
-0.000545702
-0.0026562
-0.000275663
-0.00287679
-0.000142592
-0.00304319
-9.88748e-05
-0.0031772
-0.000109126
-0.00329363
-0.000149386
-0.00340064
-0.000200025
-0.00349846
-0.000236842
-0.00357417
-0.000224653
-0.00359337
-0.000114644
-0.0034951
0.000150079
-0.0031975
0.000620658
-0.00262119
0.0013022
-0.0017414
0.00206943
-0.000700218
0.00252444
0.00176639
-0.000630692
-0.00100341
-0.00168429
-0.00105313
-0.00262243
-0.000667668
-0.00329037
-0.000329064
-0.00371592
-0.000119842
-0.00397199
-1.92899e-05
-0.00413251
1.82272e-05
-0.00424629
1.51816e-05
-0.00434555
-9.59365e-06
-0.0044507
-4.3979e-05
-0.00456815
-8.2324e-05
-0.00469079
-0.000113956
-0.00479076
-0.00012444
-0.00481204
-9.31267e-05
-0.0046722
1.04659e-05
-0.00425556
0.000204244
-0.00346465
0.000511511
-0.00227886
0.000883834
-0.000898626
0.00114435
0.000867826
-0.00100328
-0.00205614
-0.0027235
-0.00305224
-0.00317178
-0.00319078
-0.00317228
-0.00315684
-0.00316619
-0.00320994
-0.00329205
-0.0034058
-0.00353005
-0.00362299
-0.00361236
-0.00340795
-0.00289629
-0.00201232
-0.000867869
)
;

boundaryField
{
    leftWall
    {
        type            calculated;
        value           nonuniform List<scalar> 10(0 1.35525e-20 0 0 0 0 0 0 0 -8.67362e-19);
    }
    rightWall
    {
        type            calculated;
        value           nonuniform List<scalar> 10(0 -2.1684e-19 0 0 0 0 0 4.33681e-19 0 0);
    }
    topWall
    {
        type            calculated;
        value           uniform 0;
    }
    bottomWall
    {
        type            calculated;
        value           uniform 0;
    }
    frontAndBackPlanes
    {
        type            empty;
    }
}


// ************************************************************************* //
