/*--------------------------------*- C++ -*----------------------------------*\
| =========                 |                                                 |
| \\      /  F ield         | OpenFOAM: The Open Source CFD Toolbox           |
|  \\    /   O peration     | Version:  2506                                  |
|   \\  /    A nd           | Website:  www.openfoam.com                      |
|    \\/     M anipulation  |                                                 |
\*---------------------------------------------------------------------------*/
FoamFile
{
    version     2.0;
    format      ascii;
    arch        "LSB;label=32;scalar=64";
    class       volVectorField;
    location    "86.8";
    object      U;
}
// * * * * * * * * * * * * * * * * * * * * * * * * * * * * * * * * * * * * * //

dimensions      [0 1 -1 0 0 0 0];

internalField   nonuniform List<vector> 
200
(
(0.000236862 -0.000801672 0)
(0.00156312 -0.00106968 0)
(0.00312808 -0.00083446 0)
(0.00447363 -0.000511068 0)
(0.00539694 -0.000252099 0)
(0.00598111 -9.99814e-05 0)
(0.00636012 -5.0527e-05 0)
(0.00666262 -8.15567e-05 0)
(0.00699238 -0.000170428 0)
(0.00742656 -0.000302189 0)
(0.0080213 -0.000471139 0)
(0.00881742 -0.000677403 0)
(0.00983973 -0.000917855 0)
(0.0110816 -0.00116902 0)
(0.0124602 -0.00135722 0)
(0.0137156 -0.00130535 0)
(0.0142539 -0.000645935 0)
(0.0131515 0.00119022 0)
(0.00945729 0.00431091 0)
(0.00286125 0.00606356 0)
(0.000387105 -0.00338625 0)
(0.00259035 -0.00552087 0)
(0.0051216 -0.0052331 0)
(0.00740887 -0.00404819 0)
(0.00916403 -0.00279794 0)
(0.0104104 -0.00186131 0)
(0.0112924 -0.00134223 0)
(0.0119696 -0.00120738 0)
(0.0125749 -0.0013744 0)
(0.0132029 -0.00175877 0)
(0.0139094 -0.00228936 0)
(0.0147121 -0.00289819 0)
(0.0155826 -0.00348487 0)
(0.0164217 -0.00385278 0)
(0.0170169 -0.00361644 0)
(0.0169872 -0.00209623 0)
(0.0157232 0.0017022 0)
(0.0125251 0.00853855 0)
(0.00732673 0.0169128 0)
(0.00125874 0.0174034 0)
(0.000420227 -0.00636712 0)
(0.00275545 -0.0106843 0)
(0.00534355 -0.0104358 0)
(0.00766598 -0.00837219 0)
(0.00945231 -0.00606569 0)
(0.0107289 -0.0042356 0)
(0.0116303 -0.00309398 0)
(0.0122957 -0.0025973 0)
(0.0128323 -0.00260229 0)
(0.0133091 -0.00294805 0)
(0.0137584 -0.00348333 0)
(0.014177 -0.00404989 0)
(0.0145185 -0.00442615 0)
(0.014673 -0.00423579 0)
(0.0144381 -0.00284226 0)
(0.0134821 0.000699784 0)
(0.0114552 0.00736007 0)
(0.00818682 0.0172378 0)
(0.00410327 0.026984 0)
(0.00048831 0.0235402 0)
(0.000405617 -0.00935547 0)
(0.00255242 -0.0156236 0)
(0.00477536 -0.0152036 0)
(0.00665394 -0.0121856 0)
(0.00800949 -0.00884694 0)
(0.00891748 -0.00618707 0)
(0.0095186 -0.0044723 0)
(0.00993017 -0.00361565 0)
(0.0102265 -0.0034027 0)
(0.0104464 -0.00360447 0)
(0.0106038 -0.00400996 0)
(0.0106925 -0.0043973 0)
(0.0106785 -0.00445537 0)
(0.0104822 -0.00367403 0)
(0.00995667 -0.00125432 0)
(0.00887433 0.00383161 0)
(0.00708863 0.0123545 0)
(0.00460478 0.023784 0)
(0.00190879 0.0333695 0)
(0.00010435 0.0264452 0)
(0.000368537 -0.0120319 0)
(0.00210692 -0.0196916 0)
(0.00366856 -0.0187903 0)
(0.00480616 -0.014776 0)
(0.00548725 -0.0105394 0)
(0.00585024 -0.00724854 0)
(0.00603482 -0.0051398 0)
(0.0061255 -0.00404067 0)
(0.00615855 -0.00366193 0)
(0.00614535 -0.00372857 0)
(0.00608887 -0.00400291 0)
(0.00598654 -0.00423309 0)
(0.00582007 -0.00404979 0)
(0.00553687 -0.00284415 0)
(0.00502929 0.000292165 0)
(0.00418131 0.00637098 0)
(0.00295374 0.0159513 0)
(0.00147782 0.0279174 0)
(0.000168936 0.036646 0)
(-0.000169701 0.0272583 0)
(0.000297925 -0.014155 0)
(0.00136721 -0.0223925 0)
(0.00196084 -0.0206815 0)
(0.00210356 -0.0157435 0)
(0.00195273 -0.0108849 0)
(0.00169057 -0.00727561 0)
(0.00142169 -0.00503008 0)
(0.00117648 -0.00386718 0)
(0.000949923 -0.00344174 0)
(0.000732105 -0.00346484 0)
(0.000518088 -0.00369776 0)
(0.000301678 -0.00387174 0)
(6.37341e-05 -0.003569 0)
(-0.000235461 -0.00210911 0)
(-0.000649618 0.00145514 0)
(-0.00115744 0.00803198 0)
(-0.00164013 0.0178926 0)
(-0.00184767 0.029448 0)
(-0.00149834 0.0368579 0)
(-0.000367911 0.0262752 0)
(0.000168374 -0.0153108 0)
(0.000146278 -0.0230189 0)
(-0.000636433 -0.0202398 0)
(-0.00174402 -0.0146594 0)
(-0.00284363 -0.00965253 0)
(-0.00377729 -0.00615909 0)
(-0.00452109 -0.00409172 0)
(-0.00511329 -0.00307602 0)
(-0.00560056 -0.00275297 0)
(-0.00601656 -0.00284831 0)
(-0.00638332 -0.00312904 0)
(-0.00672033 -0.0033106 0)
(-0.00704617 -0.0029553 0)
(-0.00735888 -0.00140664 0)
(-0.00759252 0.00216114 0)
(-0.00755445 0.00844889 0)
(-0.00696953 0.0175116 0)
(-0.00556528 0.0276929 0)
(-0.00334544 0.0336582 0)
(-0.000620877 0.0233717 0)
(-0.000132115 -0.0147426 0)
(-0.00188501 -0.0204695 0)
(-0.00443109 -0.0167018 0)
(-0.00692901 -0.0111805 0)
(-0.00895243 -0.00673697 0)
(-0.0104552 -0.00388465 0)
(-0.0115462 -0.0023426 0)
(-0.0123575 -0.00170058 0)
(-0.012996 -0.00162847 0)
(-0.013537 -0.00188858 0)
(-0.0140289 -0.00227449 0)
(-0.0144939 -0.00252962 0)
(-0.0149142 -0.0022787 0)
(-0.0151989 -0.00100037 0)
(-0.0151305 0.00191459 0)
(-0.0143729 0.00697203 0)
(-0.0125462 0.0141643 0)
(-0.00941062 0.0221335 0)
(-0.00526346 0.0266782 0)
(-0.000898811 0.0184254 0)
(-0.000734108 -0.01133 0)
(-0.00480633 -0.0137985 0)
(-0.0090769 -0.00983572 0)
(-0.0125036 -0.00553851 0)
(-0.0147946 -0.00257961 0)
(-0.0162 -0.000961948 0)
(-0.0170552 -0.000286939 0)
(-0.0176243 -0.000187389 0)
(-0.0180809 -0.000415471 0)
(-0.0185305 -0.000814122 0)
(-0.0190297 -0.00125869 0)
(-0.019583 -0.00159957 0)
(-0.0201247 -0.00161901 0)
(-0.0204871 -0.00101396 0)
(-0.0203604 0.000585971 0)
(-0.0192711 0.00354446 0)
(-0.0167233 0.00793199 0)
(-0.0124365 0.012982 0)
(-0.00686046 0.0161465 0)
(-0.00117099 0.011511 0)
(-0.00179888 -0.0038512 0)
(-0.0065209 -0.00359584 0)
(-0.0101412 -0.0018707 0)
(-0.012264 -0.000565548 0)
(-0.0131824 0.000107024 0)
(-0.0134398 0.000353708 0)
(-0.0134272 0.000368858 0)
(-0.0133611 0.000273092 0)
(-0.013358 0.000128775 0)
(-0.0134836 -3.6793e-05 0)
(-0.0137701 -0.00021055 0)
(-0.0142162 -0.00037779 0)
(-0.01477 -0.000507762 0)
(-0.0153017 -0.000542939 0)
(-0.0155657 -0.000385942 0)
(-0.0151966 0.000116825 0)
(-0.0136978 0.00110228 0)
(-0.0106529 0.00252229 0)
(-0.00627122 0.00379267 0)
(-0.00150481 0.00323552 0)
)
;

boundaryField
{
    leftWall
    {
        type            fixedValue;
        value           uniform (0 0 0);
    }
    rightWall
    {
        type            fixedValue;
        value           uniform (0 0 0);
    }
    topWall
    {
        type            fixedValue;
        value           uniform (0 0 0);
    }
    bottomWall
    {
        type            fixedValue;
        value           uniform (0 0 0);
    }
    frontAndBackPlanes
    {
        type            empty;
    }
}


// ************************************************************************* //
