/*--------------------------------*- C++ -*----------------------------------*\
| =========                 |                                                 |
| \\      /  F ield         | OpenFOAM: The Open Source CFD Toolbox           |
|  \\    /   O peration     | Version:  2506                                  |
|   \\  /    A nd           | Website:  www.openfoam.com                      |
|    \\/     M anipulation  |                                                 |
\*---------------------------------------------------------------------------*/
FoamFile
{
    version     2.0;
    format      ascii;
    arch        "LSB;label=32;scalar=64";
    class       surfaceScalarField;
    location    "137.8";
    object      phi;
}
// * * * * * * * * * * * * * * * * * * * * * * * * * * * * * * * * * * * * * //

dimensions      [1 0 -1 0 0 0 0];

oriented        oriented;

internalField   nonuniform List<scalar> 
370
(
0.00037486
-0.000402609
0.000960199
-0.00058529
0.00145942
-0.000499154
0.00179412
-0.000334614
0.00197733
-0.000183107
0.00205563
-7.81966e-05
0.00207918
-2.34306e-05
0.00208849
-9.18734e-06
0.00211192
-2.33052e-05
0.00216855
-5.64842e-05
0.00226951
-0.000100816
0.00242052
-0.000150861
0.00262142
-0.00020074
0.00286041
-0.000238828
0.00310061
-0.000240041
0.00325466
-0.000153874
0.00315858
9.62498e-05
0.00260313
0.000555618
0.00140179
0.00120149
0.00140187
0.000485428
-0.00088801
0.00129023
-0.00139002
0.00204735
-0.00125617
0.00262064
-0.000907796
0.00299876
-0.000561104
0.0032235
-0.000302809
0.00335001
-0.000149806
0.00342807
-8.71098e-05
0.00349462
-8.97122e-05
0.00357175
-0.000133479
0.00366962
-0.000198537
0.0037868
-0.000267885
0.00390792
-0.000321712
0.00399725
-0.000327994
0.00398812
-0.000230755
0.0037762
5.82139e-05
0.00322798
0.000644643
0.00222209
0.00156168
0.000892259
0.00253147
0.0022942
0.000451344
-0.00133932
0.00117923
-0.00211782
0.00186184
-0.00193866
0.00238429
-0.0014301
0.00274004
-0.000916701
0.00296528
-0.00052789
0.00310414
-0.000288506
0.00319358
-0.00017639
0.00325887
-0.000154843
0.00331382
-0.000188279
0.00336223
-0.000246781
0.00339792
-0.000303414
0.00340237
-0.000325996
0.00333989
-0.000265349
0.00315398
-4.46722e-05
0.00277571
0.00043665
0.00215541
0.00126512
0.00130904
0.00240822
0.000438534
0.00340212
0.0027328
0.000373764
-0.00171305
0.000935458
-0.00267941
0.00142481
-0.00242786
0.00177216
-0.00177729
0.00199351
-0.00113787
0.0021283
-0.0006625
0.00221159
-0.000371626
0.00226603
-0.000230649
0.00230311
-0.000191759
0.00232692
-0.000211916
0.00233661
-0.000256299
0.00232628
-0.000292905
0.00228213
-0.000281673
0.00217885
-0.000161895
0.00197974
0.000154617
0.0016513
0.000765269
0.00118127
0.00173533
0.000625488
0.00296418
0.000153297
0.00387445
0.00288616
0.000277159
-0.00199016
0.000627702
-0.00302984
0.000873694
-0.0026737
0.00100372
-0.00190714
0.00105953
-0.0011935
0.00108196
-0.000684746
0.00109399
-0.000383473
0.00110295
-0.00023943
0.00110819
-0.00019682
0.00110704
-0.000210595
0.00109702
-0.000246107
0.00107431
-0.000270021
0.0010302
-0.000237382
0.000948368
-7.98901e-05
0.00080761
0.000295556
0.000594571
0.000978491
0.000325035
0.00200504
7.02598e-05
0.00321913
-5.28962e-05
0.00399774
0.00283332
0.000159127
-0.00214924
0.000253072
-0.00312367
0.000220985
-0.00264145
0.000120209
-0.00180618
1.13126e-05
-0.00108442
-7.6395e-05
-0.000596859
-0.000137726
-0.000321967
-0.000179966
-0.000197016
-0.000211749
-0.000164865
-0.000238747
-0.000183426
-0.000264219
-0.000220464
-0.000291735
-0.000242334
-0.000327385
-0.000201558
-0.000379114
-2.79853e-05
-0.000447105
0.000363729
-0.00051787
0.00104944
-0.000548957
0.00203631
-0.000471702
0.00314204
-0.000244424
0.00377059
0.00258894
-1.73626e-05
-0.00213183
-0.000243426
-0.00289748
-0.000590098
-0.00229461
-0.000932371
-0.00146374
-0.00120698
-0.00080964
-0.00140477
-0.000398895
-0.0015426
-0.000183968
-0.00164005
-9.94027e-05
-0.00171172
-9.30258e-05
-0.00176715
-0.000127828
-0.00181219
-0.000175264
-0.00185048
-0.000203884
-0.00188186
-0.000170004
-0.00189776
-1.19212e-05
-0.00186871
0.000334855
-0.00175171
0.000932612
-0.00148782
0.00177259
-0.00103257
0.00268694
-0.000436703
0.00317483
0.00215229
-0.00028787
-0.00184391
-0.000939594
-0.00224562
-0.00163748
-0.00159656
-0.00220987
-0.000891171
-0.00261917
-0.000400175
-0.00289216
-0.000125738
-0.00307033
-5.63956e-06
-0.00318854
1.8969e-05
-0.00327346
-7.94934e-06
-0.00334157
-5.95661e-05
-0.00340122
-0.000115471
-0.00345149
-0.000153457
-0.00347853
-0.000142814
-0.00344814
-4.21665e-05
-0.00330795
0.000194823
-0.00298684
0.000611649
-0.00241862
0.00120451
-0.001588
0.00185645
-0.00063061
0.00221754
0.00152172
-0.000714256
-0.00112959
-0.00185854
-0.0011012
-0.00282278
-0.000632162
-0.00346001
-0.000253779
-0.00381969
-4.03322e-05
-0.00400595
6.06755e-05
-0.00409581
8.43648e-05
-0.00414404
6.73452e-05
-0.00418412
3.22662e-05
-0.00423402
-9.53184e-06
-0.00429936
-5.00018e-05
-0.00437096
-8.17251e-05
-0.00442173
-9.19249e-05
-0.00440053
-6.32431e-05
-0.00423361
2.80146e-05
-0.00382245
0.000200612
-0.0030849
0.000467076
-0.00201075
0.000782396
-0.000785057
0.000991924
0.00073669
-0.00112952
-0.00223059
-0.0028626
-0.00311622
-0.0031564
-0.00309558
-0.00301107
-0.00294359
-0.0029112
-0.00292061
-0.0029705
-0.00305212
-0.00314395
-0.0032071
-0.00317899
-0.0029783
-0.00251115
-0.00172868
-0.000736711
)
;

boundaryField
{
    leftWall
    {
        type            calculated;
        value           nonuniform List<scalar> 10(0 2.71051e-20 0 0 0 0 0 0 -8.67362e-19 0);
    }
    rightWall
    {
        type            calculated;
        value           nonuniform List<scalar> 10(0 0 0 4.33681e-19 0 0 -4.33681e-19 0 0 0);
    }
    topWall
    {
        type            calculated;
        value           uniform 0;
    }
    bottomWall
    {
        type            calculated;
        value           uniform 0;
    }
    frontAndBackPlanes
    {
        type            empty;
    }
}


// ************************************************************************* //
