/*--------------------------------*- C++ -*----------------------------------*\
| =========                 |                                                 |
| \\      /  F ield         | OpenFOAM: The Open Source CFD Toolbox           |
|  \\    /   O peration     | Version:  2506                                  |
|   \\  /    A nd           | Website:  www.openfoam.com                      |
|    \\/     M anipulation  |                                                 |
\*---------------------------------------------------------------------------*/
FoamFile
{
    version     2.0;
    format      ascii;
    arch        "LSB;label=32;scalar=64";
    class       volVectorField;
    location    "137.8";
    object      U;
}
// * * * * * * * * * * * * * * * * * * * * * * * * * * * * * * * * * * * * * //

dimensions      [0 1 -1 0 0 0 0];

internalField   nonuniform List<vector> 
200
(
(0.000575979 -0.0013842 0)
(0.0027919 -0.00174878 0)
(0.00509603 -0.00127461 0)
(0.00689765 -0.00067145 0)
(0.00797809 -0.000210249 0)
(0.00849038 5.37416e-05 0)
(0.00866402 0.000147567 0)
(0.00870053 0.000120547 0)
(0.00874642 1.79659e-05 0)
(0.00889947 -0.000128946 0)
(0.00922096 -0.000305847 0)
(0.00974632 -0.000509591 0)
(0.0104911 -0.00073731 0)
(0.0114408 -0.000968761 0)
(0.0125094 -0.00113562 0)
(0.0134451 -0.00106774 0)
(0.0137044 -0.000420536 0)
(0.0124298 0.00129977 0)
(0.008786 0.00413346 0)
(0.00261969 0.00556899 0)
(0.000583518 -0.00539939 0)
(0.00369264 -0.00826867 0)
(0.00704642 -0.00730502 0)
(0.00989446 -0.00510891 0)
(0.0118894 -0.00298513 0)
(0.013112 -0.00144844 0)
(0.013796 -0.000587654 0)
(0.0141797 -0.00029999 0)
(0.0144508 -0.000425922 0)
(0.0147334 -0.000816856 0)
(0.015094 -0.00135869 0)
(0.015551 -0.00196139 0)
(0.0160732 -0.00252097 0)
(0.0165613 -0.00285384 0)
(0.016814 -0.0026033 0)
(0.016475 -0.00113818 0)
(0.01498 0.00243222 0)
(0.0117337 0.00871053 0)
(0.0067477 0.0161615 0)
(0.00113511 0.0160322 0)
(0.000536764 -0.00938274 0)
(0.0034018 -0.0148706 0)
(0.00642513 -0.0136293 0)
(0.00900132 -0.0100384 0)
(0.0108439 -0.00639008 0)
(0.0120285 -0.00361953 0)
(0.0127497 -0.00192397 0)
(0.013193 -0.00116033 0)
(0.0134939 -0.00107321 0)
(0.0137342 -0.00140864 0)
(0.0139499 -0.00195151 0)
(0.0141368 -0.00251031 0)
(0.0142465 -0.00285914 0)
(0.0141705 -0.00264622 0)
(0.0137181 -0.00129292 0)
(0.0125888 0.00203465 0)
(0.01052 0.00814278 0)
(0.0073816 0.0170436 0)
(0.00360929 0.0254964 0)
(0.000404469 0.0215465 0)
(0.000459784 -0.012872 0)
(0.00276787 -0.020381 0)
(0.00501133 -0.0186824 0)
(0.00679108 -0.0138268 0)
(0.00797457 -0.00893304 0)
(0.00869122 -0.00522656 0)
(0.00911779 -0.00292674 0)
(0.00938502 -0.00181095 0)
(0.00956519 -0.00152663 0)
(0.00968867 -0.00173724 0)
(0.00976089 -0.00216213 0)
(0.00976869 -0.00254543 0)
(0.00967407 -0.00257631 0)
(0.00939809 -0.00178497 0)
(0.00879659 0.000532864 0)
(0.00771432 0.0052157 0)
(0.00602962 0.0129073 0)
(0.00379178 0.0230235 0)
(0.00146669 0.0310979 0)
(4.03452e-05 0.0239347 0)
(0.000369853 -0.0156209 0)
(0.00196884 -0.02426 0)
(0.00322386 -0.0218262 0)
(0.00400461 -0.0158698 0)
(0.00437171 -0.010114 0)
(0.0045098 -0.00589196 0)
(0.00456439 -0.00332893 0)
(0.00460083 -0.00207845 0)
(0.00462927 -0.00170135 0)
(0.00463907 -0.00181923 0)
(0.00461853 -0.0021335 0)
(0.00455605 -0.00236543 0)
(0.00442817 -0.00215386 0)
(0.00418353 -0.000949786 0)
(0.0037259 0.00201797 0)
(0.00298519 0.00754714 0)
(0.0019447 0.01607 0)
(0.000768299 0.0264758 0)
(-0.00014382 0.0336007 0)
(-0.00018173 0.0243139 0)
(0.000264764 -0.0174943 0)
(0.000985102 -0.0262245 0)
(0.00107033 -0.0228173 0)
(0.000745697 -0.0160383 0)
(0.000270314 -0.00989259 0)
(-0.000157636 -0.00559948 0)
(-0.000467107 -0.00310881 0)
(-0.000677645 -0.00193599 0)
(-0.000826525 -0.00159308 0)
(-0.00094511 -0.00170639 0)
(-0.00105151 -0.00199201 0)
(-0.00115884 -0.00216506 0)
(-0.0012874 -0.00182837 0)
(-0.00146841 -0.000385906 0)
(-0.00173411 0.00293838 0)
(-0.0020495 0.00883695 0)
(-0.00229626 0.0174639 0)
(-0.0022344 0.0273251 0)
(-0.00162709 0.0332004 0)
(-0.000363369 0.0230724 0)
(0.000125294 -0.0181737 0)
(-0.000354627 -0.0258192 0)
(-0.00170067 -0.0213042 0)
(-0.00322628 -0.0141839 0)
(-0.00454603 -0.00826606 0)
(-0.00553179 -0.0043892 0)
(-0.00621851 -0.00226212 0)
(-0.00669443 -0.00133763 0)
(-0.00703596 -0.00114722 0)
(-0.00729419 -0.00135261 0)
(-0.00750057 -0.00169161 0)
(-0.0076762 -0.00188009 0)
(-0.00783296 -0.00151953 0)
(-0.00795691 -4.88816e-05 0)
(-0.00796852 0.00319942 0)
(-0.00770296 0.00876114 0)
(-0.00692394 0.0165988 0)
(-0.0054022 0.0251785 0)
(-0.00317156 0.0298062 0)
(-0.000570756 0.0202263 0)
(-0.000217029 -0.0170222 0)
(-0.00245862 -0.0222352 0)
(-0.005448 -0.0168955 0)
(-0.00819476 -0.0102248 0)
(-0.010259 -0.00523338 0)
(-0.0116572 -0.00224618 0)
(-0.0125643 -0.000788109 0)
(-0.0131556 -0.00031114 0)
(-0.0135598 -0.000404141 0)
(-0.0138693 -0.000783297 0)
(-0.0141354 -0.00122906 0)
(-0.0143768 -0.00150173 0)
(-0.0145686 -0.00127479 0)
(-0.0146168 -0.000113044 0)
(-0.0143189 0.00247849 0)
(-0.0134021 0.00690011 0)
(-0.0115402 0.0130703 0)
(-0.00854538 0.019737 0)
(-0.00471282 0.0232441 0)
(-0.00078778 0.0157179 0)
(-0.00087107 -0.0129156 0)
(-0.00548048 -0.0146354 0)
(-0.0100282 -0.00948027 0)
(-0.0134289 -0.00449869 0)
(-0.0154733 -0.00133736 0)
(-0.016539 0.000209253 0)
(-0.0170503 0.000710818 0)
(-0.0172964 0.000632349 0)
(-0.0174594 0.000264644 0)
(-0.0176396 -0.000223899 0)
(-0.0178852 -0.00071018 0)
(-0.0181937 -0.00106135 0)
(-0.0184946 -0.00109488 0)
(-0.0186303 -0.000561297 0)
(-0.0183212 0.000843132 0)
(-0.0171728 0.00341291 0)
(-0.0147633 0.00715614 0)
(-0.0108738 0.0113636 0)
(-0.00593075 0.0138387 0)
(-0.000995071 0.00967056 0)
(-0.00207619 -0.00442649 0)
(-0.00730089 -0.00378086 0)
(-0.0109464 -0.00167112 0)
(-0.0127851 -0.000217148 0)
(-0.0133129 0.000448378 0)
(-0.0131829 0.000618433 0)
(-0.0128229 0.000554701 0)
(-0.0124741 0.000402191 0)
(-0.0122513 0.000224442 0)
(-0.0122006 4.20852e-05 0)
(-0.0123329 -0.000135304 0)
(-0.0126272 -0.000294419 0)
(-0.0130246 -0.000410094 0)
(-0.0134017 -0.00043537 0)
(-0.0135429 -0.000290074 0)
(-0.0131281 0.000151187 0)
(-0.0117385 0.00098693 0)
(-0.00904513 0.0021608 0)
(-0.00526331 0.00317766 0)
(-0.00124147 0.00266452 0)
)
;

boundaryField
{
    leftWall
    {
        type            fixedValue;
        value           uniform (0 0 0);
    }
    rightWall
    {
        type            fixedValue;
        value           uniform (0 0 0);
    }
    topWall
    {
        type            fixedValue;
        value           uniform (0 0 0);
    }
    bottomWall
    {
        type            fixedValue;
        value           uniform (0 0 0);
    }
    frontAndBackPlanes
    {
        type            empty;
    }
}


// ************************************************************************* //
