/*--------------------------------*- C++ -*----------------------------------*\
| =========                 |                                                 |
| \\      /  F ield         | OpenFOAM: The Open Source CFD Toolbox           |
|  \\    /   O peration     | Version:  2506                                  |
|   \\  /    A nd           | Website:  www.openfoam.com                      |
|    \\/     M anipulation  |                                                 |
\*---------------------------------------------------------------------------*/
FoamFile
{
    version     2.0;
    format      ascii;
    arch        "LSB;label=32;scalar=64";
    class       surfaceScalarField;
    location    "75.8";
    object      phi;
}
// * * * * * * * * * * * * * * * * * * * * * * * * * * * * * * * * * * * * * //

dimensions      [1 0 -1 0 0 0 0];

oriented        oriented;

internalField   nonuniform List<scalar> 
370
(
0.000139412
-0.000199576
0.000463963
-0.000324471
0.000776257
-0.000312176
0.00102468
-0.000248275
0.00120408
-0.000179244
0.00133198
-0.000127729
0.00143282
-0.000100667
0.00152986
-9.68601e-05
0.00164229
-0.000112242
0.00178515
-0.000142659
0.00197011
-0.000184761
0.00220549
-0.000235181
0.00249363
-0.000287926
0.00282368
-0.000329838
0.00315706
-0.000333157
0.00340164
-0.000244353
0.0033654
3.64775e-05
0.00282836
0.00053726
0.00155687
0.0012717
0.00155698
0.000290901
-0.000490432
0.000815146
-0.000848592
0.00135424
-0.000851095
0.00181116
-0.000704988
0.00216528
-0.000533132
0.00243267
-0.000394888
0.00264236
-0.000310127
0.00282363
-0.00027789
0.00300022
-0.000288596
0.00318848
-0.000330675
0.00339668
-0.000392722
0.0036236
-0.000461841
0.00385418
-0.000518248
0.00405083
-0.000526229
0.00414033
-0.000422388
0.00400337
-0.00010713
0.00349583
0.000544289
0.00245167
0.00158168
0.00100384
0.00271976
0.00256094
0.000332795
-0.000823163
0.00090155
-0.00141717
0.00147359
-0.00142289
0.00195254
-0.00118365
0.00232032
-0.000900607
0.00259414
-0.000668392
0.00280146
-0.000517131
0.00296779
-0.000443915
0.00311198
-0.000432476
0.0032451
-0.000463479
0.00337034
-0.000517644
0.0034818
-0.000572989
0.00356076
-0.000596886
0.00356906
-0.000534207
0.00344286
-0.000295856
0.00309515
0.000240908
0.00245535
0.00118441
0.00152786
0.00250948
0.000530636
0.00371724
0.0030917
0.000326458
-0.00114954
0.000854657
-0.00194515
0.00135463
-0.00192255
0.00174707
-0.00157573
0.00202878
-0.00118194
0.00222419
-0.000863429
0.00236079
-0.000653355
0.00245965
-0.000542407
0.00253387
-0.000506326
0.00258997
-0.000519212
0.0026293
-0.000556607
0.00264754
-0.000590855
0.00263138
-0.000580355
0.00255316
-0.000455613
0.00236803
-0.000110349
0.00202405
0.000585263
0.00149606
0.00171276
0.000834666
0.00317121
0.000232037
0.00432015
0.00332386
0.000289148
-0.0014386
0.000709349
-0.00236511
0.00106032
-0.00227317
0.00129685
-0.00181187
0.0014383
-0.00132297
0.00151719
-0.000941907
0.001559
-0.000694752
0.00157843
-0.000561437
0.00158242
-0.00050992
0.001574
-0.000510389
0.00155425
-0.000536461
0.00152144
-0.000557648
0.00146761
-0.000526125
0.00137445
-0.000362042
0.00121157
5.29473e-05
0.00095435
0.00084289
0.000607439
0.00206007
0.000243572
0.00353544
8.71299e-06
0.00455529
0.00333269
0.000212973
-0.00165147
0.000447875
-0.00259973
0.000571028
-0.00239594
0.000593495
-0.00183391
0.000559327
-0.00128837
0.000503101
-0.000885252
0.000441857
-0.00063309
0.000380722
-0.000499891
0.000320179
-0.000448971
0.000260275
-0.00045008
0.000200955
-0.000476736
0.000139762
-0.000496046
6.92919e-05
-0.000455241
-2.20578e-05
-0.00027027
-0.000141378
0.000172703
-0.000276461
0.000978408
-0.00038523
0.00216926
-0.000390619
0.0035412
-0.000229138
0.00439409
0.00310367
6.77276e-05
-0.00171909
2.33266e-06
-0.00253404
-0.000189978
-0.00220323
-0.00043351
-0.00158994
-0.000668766
-0.00105268
-0.000871536
-0.000682062
-0.0010405
-0.000463714
-0.00118268
-0.000357306
-0.00130518
-0.000326072
-0.00141298
-0.000341889
-0.00151005
-0.000379269
-0.00160066
-0.000405031
-0.00168768
-0.000367815
-0.00176544
-0.000192092
-0.00180572
0.000213406
-0.00175323
0.000926339
-0.00153554
0.00195197
-0.00109511
0.00310113
-0.000476149
0.00377539
0.00262762
-0.000191262
-0.0015277
-0.000687973
-0.002037
-0.0012758
-0.00161499
-0.00180729
-0.00105803
-0.00223277
-0.000626782
-0.00255705
-0.000357385
-0.00280399
-0.000216371
-0.00299863
-0.000162281
-0.00316075
-0.000163571
-0.00330411
-0.000198154
-0.00343691
-0.000246094
-0.00355976
-0.000281809
-0.00365979
-0.000267417
-0.00370149
-0.000150011
-0.00362012
0.000132405
-0.00332751
0.000634103
-0.00273846
0.00136328
-0.00182549
0.00218847
-0.000736548
0.00268668
0.00189117
-0.000588925
-0.000938626
-0.00159732
-0.00102828
-0.00252407
-0.000687832
-0.00321069
-0.000370989
-0.00367171
-0.000165362
-0.00397058
-5.81225e-05
-0.00417015
-1.64294e-05
-0.00431974
-1.23365e-05
-0.00445244
-3.05259e-05
-0.00458763
-6.26278e-05
-0.00473357
-9.98334e-05
-0.00488363
-0.000131441
-0.00500894
-0.000141798
-0.00505024
-0.000108408
-0.00492089
3.35751e-06
-0.00449522
0.000208722
-0.00366959
0.00053793
-0.00242004
0.000939163
-0.000957014
0.00122385
0.000934237
-0.00093847
-0.00196641
-0.00265384
-0.00302442
-0.00318939
-0.00324714
-0.00326322
-0.00327522
-0.00330544
-0.00336777
-0.00346733
-0.00359851
-0.00374006
-0.00384823
-0.00384466
-0.00363573
-0.0030976
-0.00215827
-0.000934294
)
;

boundaryField
{
    leftWall
    {
        type            calculated;
        value           nonuniform List<scalar> 10(-1.69407e-21 0 0 0 0 0 0 -4.33681e-19 4.33681e-19 0);
    }
    rightWall
    {
        type            calculated;
        value           nonuniform List<scalar> 10(1.0842e-19 0 0 0 0 0 0 0 0 0);
    }
    topWall
    {
        type            calculated;
        value           uniform 0;
    }
    bottomWall
    {
        type            calculated;
        value           uniform 0;
    }
    frontAndBackPlanes
    {
        type            empty;
    }
}


// ************************************************************************* //
