/*--------------------------------*- C++ -*----------------------------------*\
| =========                 |                                                 |
| \\      /  F ield         | OpenFOAM: The Open Source CFD Toolbox           |
|  \\    /   O peration     | Version:  2506                                  |
|   \\  /    A nd           | Website:  www.openfoam.com                      |
|    \\/     M anipulation  |                                                 |
\*---------------------------------------------------------------------------*/
FoamFile
{
    version     2.0;
    format      ascii;
    arch        "LSB;label=32;scalar=64";
    class       surfaceScalarField;
    location    "131.4";
    object      phi;
}
// * * * * * * * * * * * * * * * * * * * * * * * * * * * * * * * * * * * * * //

dimensions      [1 0 -1 0 0 0 0];

oriented        oriented;

internalField   nonuniform List<scalar> 
370
(
0.000357314
-0.000387403
0.000923108
-0.000565741
0.00140793
-0.000484748
0.00173532
-0.00032729
0.00191708
-0.000181656
0.00199784
-8.06472e-05
0.00202597
-2.79975e-05
0.00204078
-1.46839e-05
0.00207021
-2.92869e-05
0.00213288
-6.25142e-05
0.00223991
-0.000106882
0.0023972
-0.000157121
0.00260476
-0.000207398
0.00285099
-0.000246053
0.00309906
-0.000247889
0.00326148
-0.000162244
0.0031718
8.98706e-05
0.00261955
0.000552431
0.00141386
0.00120585
0.00141394
0.000471419
-0.000858793
0.00125584
-0.00135008
0.00199678
-0.00122558
0.00256086
-0.000891249
0.00293613
-0.000556797
0.0031627
-0.000307076
0.00329402
-0.000159178
0.00337854
-9.90484e-05
0.0034521
-0.000102697
0.00353652
-0.000146782
0.00364181
-0.000212014
0.00376657
-0.000281721
0.00389553
-0.000336192
0.00399292
-0.000343266
0.00399168
-0.000246479
0.00378668
4.294e-05
0.00324314
0.000633589
0.00223636
0.00155939
0.000899501
0.00254288
0.00231352
0.000443236
-0.00130199
0.00116019
-0.00206693
0.00183511
-0.00190037
0.00235434
-0.00141032
0.00271051
-0.000912807
0.00293855
-0.000534949
0.00308152
-0.000301969
0.00317563
-0.000192991
0.00324575
-0.000172646
0.00330554
-0.000206396
0.00335874
-0.000265044
0.00339925
-0.000322056
0.00340858
-0.000345339
0.00335095
-0.00028546
0.00316949
-6.48422e-05
0.00279358
0.000419044
0.00217285
0.00125451
0.00132201
0.00241041
0.000443953
0.00342109
0.00275755
0.000371018
-0.00167297
0.000931143
-0.00262695
0.00142184
-0.00239091
0.00177266
-0.00176096
0.00199824
-0.00113821
0.00213706
-0.000673577
0.00222371
-0.000388428
0.00228082
-0.000249907
0.00232004
-0.000211682
0.00234563
-0.000231796
0.00235689
-0.000276127
0.00234806
-0.000313038
0.0023054
-0.000302485
0.00220341
-0.000183284
0.00200484
0.000133925
0.00167509
0.000748989
0.00120115
0.00172864
0.000638514
0.00297323
0.00015803
0.00390172
0.00291564
0.000278712
-0.00195164
0.000635049
-0.00298316
0.000888973
-0.00264466
0.00102675
-0.00189854
0.00108869
-0.00119995
0.00111496
-0.000699647
0.00112892
-0.000402196
0.00113849
-0.000259285
0.00114352
-0.000216516
0.00114169
-0.000229777
0.00113074
-0.000264995
0.00110701
-0.000289116
0.00106181
-0.000257098
0.000978659
-9.99378e-05
0.000835672
0.000277108
0.000619061
0.000965799
0.000343815
0.00200408
8.13631e-05
0.00323587
-4.92326e-05
0.00403247
0.00286647
0.000163862
-0.00211545
0.000268078
-0.00308725
0.000247041
-0.00262345
0.000154791
-0.00180609
5.09439e-05
-0.0010959
-3.42098e-05
-0.000614298
-9.52262e-05
-0.000340988
-0.000138439
-0.000215884
-0.000171942
-0.000182825
-0.000201079
-0.000200454
-0.000228886
-0.000237002
-0.000258846
-0.000258971
-0.000297129
-0.000218627
-0.000351776
-4.50989e-05
-0.00042377
0.000349298
-0.000499643
0.00104187
-0.000536875
0.00204151
-0.000465982
0.00316516
-0.000243484
0.00381011
0.00262304
-1.15485e-05
-0.00210385
-0.000225646
-0.00287301
-0.000561479
-0.00228744
-0.000896884
-0.0014705
-0.0011685
-0.000824097
-0.00136632
-0.000416287
-0.00150558
-0.000201551
-0.00160536
-0.00011592
-0.00168004
-0.00010797
-0.00173874
-0.00014157
-0.00178717
-0.0001884
-0.001829
-0.000216964
-0.00186431
-0.00018313
-0.00188449
-2.47403e-05
-0.00186062
0.000325615
-0.00174878
0.000930225
-0.00148911
0.00178202
-0.00103598
0.00271219
-0.000439248
0.0032135
0.00218384
-0.000280859
-0.00182293
-0.000922053
-0.00223167
-0.00161222
-0.00159709
-0.00218141
-0.000901135
-0.00259122
-0.000414103
-0.00286701
-0.000140321
-0.00304901
-1.93761e-05
-0.00317201
7.25577e-06
-0.00326175
-1.80617e-05
-0.00333457
-6.85848e-05
-0.00339884
-0.000123959
-0.00345381
-0.000161831
-0.0034857
-0.000151083
-0.00346064
-4.96324e-05
-0.00332485
0.000189991
-0.00300651
0.000612042
-0.00243803
0.00121371
-0.00160302
0.00187732
-0.000637549
0.00224814
0.00154633
-0.000705777
-0.00111708
-0.00184086
-0.00109644
-0.00280228
-0.000635498
-0.00344224
-0.000260988
-0.0038084
-4.77679e-05
-0.00400121
5.26559e-05
-0.00409835
7.79261e-05
-0.00415314
6.22e-05
-0.00419897
2.79182e-05
-0.00425431
-1.30963e-05
-0.00432476
-5.33754e-05
-0.0044014
-8.50454e-05
-0.0044571
-9.52491e-05
-0.00444029
-6.6314e-05
-0.00427628
2.61091e-05
-0.00386494
0.000200827
-0.00312247
0.000471356
-0.00203748
0.000792437
-0.000796455
0.0010072
0.00074991
-0.00111701
-0.0022133
-0.00284863
-0.00310945
-0.00315705
-0.00310423
-0.00302615
-0.00296381
-0.00293576
-0.00294872
-0.00300197
-0.0030869
-0.00318204
-0.00324826
-0.00322205
-0.00302114
-0.0025497
-0.00175719
-0.000749934
)
;

boundaryField
{
    leftWall
    {
        type            calculated;
        value           nonuniform List<scalar> 10(0 0 -5.42101e-20 0 0 0 0 0 0 0);
    }
    rightWall
    {
        type            calculated;
        value           nonuniform List<scalar> 10(0 -2.1684e-19 0 0 0 0 0 -4.33681e-19 0 0);
    }
    topWall
    {
        type            calculated;
        value           uniform 0;
    }
    bottomWall
    {
        type            calculated;
        value           uniform 0;
    }
    frontAndBackPlanes
    {
        type            empty;
    }
}


// ************************************************************************* //
