/*--------------------------------*- C++ -*----------------------------------*\
| =========                 |                                                 |
| \\      /  F ield         | OpenFOAM: The Open Source CFD Toolbox           |
|  \\    /   O peration     | Version:  2506                                  |
|   \\  /    A nd           | Website:  www.openfoam.com                      |
|    \\/     M anipulation  |                                                 |
\*---------------------------------------------------------------------------*/
FoamFile
{
    version     2.0;
    format      ascii;
    arch        "LSB;label=32;scalar=64";
    class       surfaceScalarField;
    location    "136.8";
    object      phi;
}
// * * * * * * * * * * * * * * * * * * * * * * * * * * * * * * * * * * * * * //

dimensions      [1 0 -1 0 0 0 0];

oriented        oriented;

internalField   nonuniform List<scalar> 
370
(
0.000372211
-0.000400314
0.000954601
-0.00058234
0.00145165
-0.000496978
0.00178524
-0.000333505
0.00196822
-0.000182882
0.00204689
-7.85585e-05
0.00207112
-2.411e-05
0.00208124
-1.00023e-05
0.00210558
-2.42001e-05
0.0021631
-5.73879e-05
0.00226498
-0.000101727
0.00241693
-0.000151804
0.00261884
-0.000201746
0.00285892
-0.000239923
0.00310033
-0.000241235
0.00325565
-0.000155152
0.00316056
9.52689e-05
0.00260561
0.000555121
0.00140362
0.00120215
0.0014037
0.000483312
-0.000883599
0.00128504
-0.00138399
0.00203971
-0.00125155
0.00261161
-0.000905291
0.0029893
-0.000560442
0.00321431
-0.000303438
0.00334153
-0.000151204
0.00342056
-8.88948e-05
0.00348816
-9.16571e-05
0.00356639
-0.000135475
0.00366538
-0.000200562
0.00378369
-0.000269968
0.003906
-0.000323897
0.00399654
-0.000330305
0.00398862
-0.000233144
0.00377775
5.58904e-05
0.00323024
0.000642944
0.00222423
0.00156131
0.000893348
0.00253317
0.00229712
0.000450119
-0.00133368
0.00117636
-0.00211014
0.00185781
-0.00193287
0.00237977
-0.00142711
0.00273558
-0.0009161
0.00296124
-0.000528938
0.00310072
-0.000290519
0.00319086
-0.000178878
0.00325688
-0.000157514
0.00331257
-0.000191
0.00336169
-0.000249527
0.00339811
-0.000306221
0.00340329
-0.000328914
0.00334155
-0.00026839
0.0031563
-4.77291e-05
0.0027784
0.000433969
0.00215803
0.00126349
0.00131099
0.00240852
0.000439348
0.00340496
0.00273653
0.000373351
-0.001707
0.00093481
-0.0026715
0.00142437
-0.00242228
0.00177225
-0.00177482
0.00199423
-0.00113791
0.00212963
-0.000664156
0.00221343
-0.000374144
0.00226827
-0.000233539
0.00230568
-0.000194752
0.00232976
-0.000214905
0.00233969
-0.000259282
0.00232958
-0.000295937
0.00228565
-0.000284811
0.00218257
-0.000165126
0.00198354
0.000151483
0.0016549
0.000762792
0.00118427
0.00173429
0.000627453
0.00296552
0.00015401
0.00387854
0.0028906
0.000277396
-0.00198435
0.000628817
-0.0030228
0.000876009
-0.00266932
0.00100721
-0.00190584
0.00106396
-0.00119447
0.00108696
-0.000686967
0.00109928
-0.000386278
0.00110833
-0.000242413
0.00111354
-0.000199782
0.00111229
-0.000213481
0.00110214
-0.00024895
0.00107927
-0.000272897
0.00103499
-0.000240354
0.000952963
-8.29169e-05
0.000811864
0.000292765
0.00059828
0.000976562
0.000327876
0.00200488
7.19359e-05
0.00322163
-5.23452e-05
0.00400296
0.00283831
0.00015984
-0.00214414
0.000255336
-0.00311818
0.000224911
-0.00263872
0.000125405
-0.00180615
1.72372e-05
-0.00108612
-7.00529e-05
-0.000599495
-0.000131315
-0.000324839
-0.00017369
-0.000199862
-0.000205726
-0.000167572
-0.000233042
-0.000185991
-0.000258864
-0.000222955
-0.000286748
-0.00024484
-0.000322797
-0.00020413
-0.000374961
-3.05746e-05
-0.000443561
0.000361549
-0.000515102
0.00104829
-0.000547124
0.00203708
-0.000470835
0.00314551
-0.000244282
0.00377654
0.00259408
-1.64762e-05
-0.00212762
-0.000240738
-0.00289378
-0.000585777
-0.00229352
-0.000927012
-0.00146474
-0.00120115
-0.000811808
-0.00139896
-0.000401514
-0.001537
-0.000186624
-0.0016348
-0.000101897
-0.00170692
-9.52805e-05
-0.00176285
-0.000129899
-0.0018084
-0.000177243
-0.00184722
-0.000205852
-0.0018792
-0.000171978
-0.00189573
-1.38774e-05
-0.00186747
0.000333464
-0.00175125
0.000932249
-0.001488
0.001774
-0.00103308
0.00269074
-0.000437086
0.00318066
0.00215704
-0.000286813
-0.00184075
-0.000936946
-0.00224352
-0.00163366
-0.00159664
-0.00220557
-0.000892659
-0.00261495
-0.00040226
-0.00288838
-0.000127925
-0.00306709
-7.74252e-06
-0.00318603
1.72051e-05
-0.00327169
-9.47124e-06
-0.0033405
-6.09272e-05
-0.00340084
-0.000116752
-0.00345182
-0.00015472
-0.00347959
-0.000144061
-0.00345002
-4.32947e-05
-0.00331049
0.000194093
-0.0029898
0.000611706
-0.00242154
0.0012059
-0.00159026
0.00185959
-0.000631656
0.00222216
0.00152543
-0.000712977
-0.00112771
-0.00185587
-0.00110049
-0.00281968
-0.000632662
-0.00345731
-0.00025486
-0.00381797
-4.14417e-05
-0.00400521
5.9473e-05
-0.0040962
8.33932e-05
-0.00414542
6.65672e-05
-0.00418635
3.1608e-05
-0.00423708
-1.00709e-05
-0.00430318
-5.0514e-05
-0.00437554
-8.22281e-05
-0.00442705
-9.24277e-05
-0.00440652
-6.37075e-05
-0.00424003
2.7726e-05
-0.00382885
0.000200643
-0.00309056
0.000467721
-0.00201478
0.000783909
-0.000786775
0.000994227
0.000738683
-0.00112764
-0.00222799
-0.0028605
-0.0031152
-0.00315648
-0.00309686
-0.00301333
-0.00294663
-0.00291489
-0.00292484
-0.00297524
-0.00305736
-0.00314969
-0.0032133
-0.00318548
-0.00298476
-0.00251696
-0.00173298
-0.000738704
)
;

boundaryField
{
    leftWall
    {
        type            calculated;
        value           nonuniform List<scalar> 10(0 0 0 0 0 0 -4.33681e-19 0 0 0);
    }
    rightWall
    {
        type            calculated;
        value           nonuniform List<scalar> 10(0 0 0 0 -4.33681e-19 0 0 0 0 0);
    }
    topWall
    {
        type            calculated;
        value           uniform 0;
    }
    bottomWall
    {
        type            calculated;
        value           uniform 0;
    }
    frontAndBackPlanes
    {
        type            empty;
    }
}


// ************************************************************************* //
