/*--------------------------------*- C++ -*----------------------------------*\
| =========                 |                                                 |
| \\      /  F ield         | OpenFOAM: The Open Source CFD Toolbox           |
|  \\    /   O peration     | Version:  2506                                  |
|   \\  /    A nd           | Website:  www.openfoam.com                      |
|    \\/     M anipulation  |                                                 |
\*---------------------------------------------------------------------------*/
FoamFile
{
    version     2.0;
    format      ascii;
    arch        "LSB;label=32;scalar=64";
    class       volVectorField;
    location    "71.2";
    object      U;
}
// * * * * * * * * * * * * * * * * * * * * * * * * * * * * * * * * * * * * * //

dimensions      [0 1 -1 0 0 0 0];

internalField   nonuniform List<vector> 
200
(
(9.49734e-05 -0.00057177 0)
(0.00105717 -0.000803274 0)
(0.00233237 -0.00066997 0)
(0.00351124 -0.00046488 0)
(0.00439864 -0.000288988 0)
(0.00504439 -0.000179325 0)
(0.00553785 -0.000142397 0)
(0.00597387 -0.00016907 0)
(0.00643674 -0.000247464 0)
(0.0069958 -0.000369804 0)
(0.0077072 -0.000534044 0)
(0.00861581 -0.000741017 0)
(0.00975061 -0.000986041 0)
(0.0111062 -0.0012423 0)
(0.0125965 -0.00143218 0)
(0.0139529 -0.0013759 0)
(0.0145623 -0.000702259 0)
(0.0134822 0.00117836 0)
(0.00973056 0.00439431 0)
(0.00295209 0.00624693 0)
(0.000298447 -0.0025541 0)
(0.00210053 -0.00439564 0)
(0.00427958 -0.00442162 0)
(0.00634419 -0.00369271 0)
(0.00802996 -0.00282713 0)
(0.00932906 -0.00214223 0)
(0.0103404 -0.00175185 0)
(0.0111847 -0.00165886 0)
(0.011969 -0.00182004 0)
(0.0127745 -0.0021821 0)
(0.0136521 -0.00269326 0)
(0.0146194 -0.00329254 0)
(0.0156482 -0.00387561 0)
(0.0166369 -0.0042335 0)
(0.0173642 -0.00396424 0)
(0.0174337 -0.00237241 0)
(0.0162175 0.00155761 0)
(0.0129775 0.00862278 0)
(0.00762838 0.0173179 0)
(0.00132055 0.0179718 0)
(0.000361809 -0.00506403 0)
(0.0024341 -0.00889705 0)
(0.00481259 -0.00912938 0)
(0.00702342 -0.0077836 0)
(0.00880295 -0.0060973 0)
(0.0101511 -0.00468725 0)
(0.0111702 -0.00377474 0)
(0.011974 -0.00336779 0)
(0.0126541 -0.00338101 0)
(0.0132712 -0.00370074 0)
(0.013855 -0.00420579 0)
(0.0144022 -0.00474945 0)
(0.0148658 -0.00510423 0)
(0.0151328 -0.00487322 0)
(0.0149911 -0.00338932 0)
(0.0140931 0.000326907 0)
(0.0120504 0.00728993 0)
(0.00867402 0.0175989 0)
(0.00439393 0.0278257 0)
(0.000538348 0.0244579 0)
(0.000373174 -0.00778013 0)
(0.00241047 -0.0135187 0)
(0.00459654 -0.0137331 0)
(0.00650841 -0.0116071 0)
(0.00794673 -0.00901562 0)
(0.00895857 -0.00684631 0)
(0.00966383 -0.00538796 0)
(0.0101697 -0.00462254 0)
(0.0105484 -0.00440757 0)
(0.0108407 -0.0045701 0)
(0.0110636 -0.00493312 0)
(0.0112132 -0.00528647 0)
(0.0112568 -0.00530968 0)
(0.0111132 -0.00446351 0)
(0.0106284 -0.00190134 0)
(0.0095515 0.00346952 0)
(0.0077056 0.0124549 0)
(0.00507896 0.0244964 0)
(0.00217303 0.0346731 0)
(0.000146406 0.0276782 0)
(0.000359796 -0.0103706 0)
(0.00212535 -0.0176009 0)
(0.00380017 -0.0174759 0)
(0.00508936 -0.0144335 0)
(0.00591487 -0.0109537 0)
(0.00638902 -0.00811912 0)
(0.00664525 -0.00621741 0)
(0.00677428 -0.00516436 0)
(0.00682333 -0.004751 0)
(0.00681402 -0.00475876 0)
(0.00675653 -0.00498073 0)
(0.00665231 -0.00517266 0)
(0.00648463 -0.00495129 0)
(0.00620088 -0.00367096 0)
(0.00569219 -0.000357426 0)
(0.00480449 0.00609897 0)
(0.00349221 0.0162775 0)
(0.0018687 0.0289997 0)
(0.000371924 0.0383823 0)
(-0.000139883 0.0287466 0)
(0.000308253 -0.0125605 0)
(0.00151014 -0.0205802 0)
(0.0023186 -0.0197511 0)
(0.00267197 -0.0157626 0)
(0.0026705 -0.0115658 0)
(0.00248442 -0.00830045 0)
(0.00223194 -0.00616712 0)
(0.00196473 -0.00498597 0)
(0.0016964 -0.00449045 0)
(0.00142971 -0.00444034 0)
(0.00116679 -0.00461953 0)
(0.000904176 -0.00476043 0)
(0.000622388 -0.00442568 0)
(0.000282864 -0.00289022 0)
(-0.000184761 0.000883387 0)
(-0.000769041 0.00790598 0)
(-0.0013435 0.0184615 0)
(-0.0016603 0.030858 0)
(-0.00142243 0.0389155 0)
(-0.000364153 0.027913 0)
(0.000187432 -0.0139021 0)
(0.000366456 -0.0216466 0)
(-0.000161373 -0.0197951 0)
(-0.00107959 -0.0150365 0)
(-0.00208485 -0.0105126 0)
(-0.00300992 -0.00721151 0)
(-0.00380238 -0.00515779 0)
(-0.00447312 -0.0040731 0)
(-0.00505003 -0.00366184 0)
(-0.00555619 -0.00368421 0)
(-0.00600906 -0.00391908 0)
(-0.00642789 -0.00407419 0)
(-0.00683417 -0.00368262 0)
(-0.00723079 -0.002034 0)
(-0.00755732 0.00177163 0)
(-0.0076051 0.00851223 0)
(-0.00707807 0.0182534 0)
(-0.00568975 0.0292339 0)
(-0.00344239 0.0357766 0)
(-0.000645763 0.0249897 0)
(-9.27184e-05 -0.0135939 0)
(-0.00161241 -0.0195843 0)
(-0.00394801 -0.0166604 0)
(-0.00633963 -0.01176 0)
(-0.00836631 -0.00760641 0)
(-0.00994994 -0.00481222 0)
(-0.0111633 -0.00321092 0)
(-0.0121123 -0.00247094 0)
(-0.012889 -0.00230706 0)
(-0.0135624 -0.0025022 0)
(-0.0141796 -0.00285171 0)
(-0.0147648 -0.00308519 0)
(-0.0153019 -0.00279683 0)
(-0.0156983 -0.00141811 0)
(-0.0157261 0.00171621 0)
(-0.0150156 0.00715484 0)
(-0.0131604 0.014904 0)
(-0.00990361 0.0235245 0)
(-0.00555823 0.0285276 0)
(-0.00095545 0.0198132 0)
(-0.000665721 -0.0105192 0)
(-0.00446878 -0.0133696 0)
(-0.00860554 -0.0100443 0)
(-0.0120593 -0.00611928 0)
(-0.014493 -0.00327054 0)
(-0.0160948 -0.00161401 0)
(-0.017155 -0.000842358 0)
(-0.0179131 -0.000642209 0)
(-0.0185377 -0.00079157 0)
(-0.0191384 -0.00114145 0)
(-0.0197773 -0.00156373 0)
(-0.0204644 -0.00189562 0)
(-0.0211331 -0.00189751 0)
(-0.0216071 -0.00123704 0)
(-0.0215584 0.000489267 0)
(-0.0204694 0.00367621 0)
(-0.0178092 0.00841271 0)
(-0.013276 0.0138873 0)
(-0.007345 0.0173669 0)
(-0.00126027 0.0124478 0)
(-0.00165532 -0.00355529 0)
(-0.00611753 -0.00349785 0)
(-0.00972945 -0.00197808 0)
(-0.0120123 -0.000755648 0)
(-0.0131522 -8.40417e-05 0)
(-0.0136216 0.000195077 0)
(-0.013786 0.000250801 0)
(-0.0138627 0.000190208 0)
(-0.0139744 7.02062e-05 0)
(-0.0141958 -8.24845e-05 0)
(-0.0145692 -0.000254017 0)
(-0.0151003 -0.000426539 0)
(-0.0157399 -0.000564564 0)
(-0.0163528 -0.000604277 0)
(-0.0166741 -0.000438546 0)
(-0.0163143 0.000102285 0)
(-0.0147391 0.00117128 0)
(-0.0114915 0.00271951 0)
(-0.00678666 0.00411353 0)
(-0.00163721 0.00352404 0)
)
;

boundaryField
{
    leftWall
    {
        type            fixedValue;
        value           uniform (0 0 0);
    }
    rightWall
    {
        type            fixedValue;
        value           uniform (0 0 0);
    }
    topWall
    {
        type            fixedValue;
        value           uniform (0 0 0);
    }
    bottomWall
    {
        type            fixedValue;
        value           uniform (0 0 0);
    }
    frontAndBackPlanes
    {
        type            empty;
    }
}


// ************************************************************************* //
