/*--------------------------------*- C++ -*----------------------------------*\
| =========                 |                                                 |
| \\      /  F ield         | OpenFOAM: The Open Source CFD Toolbox           |
|  \\    /   O peration     | Version:  2506                                  |
|   \\  /    A nd           | Website:  www.openfoam.com                      |
|    \\/     M anipulation  |                                                 |
\*---------------------------------------------------------------------------*/
FoamFile
{
    version     2.0;
    format      ascii;
    arch        "LSB;label=32;scalar=64";
    class       surfaceScalarField;
    location    "79.4";
    object      phi;
}
// * * * * * * * * * * * * * * * * * * * * * * * * * * * * * * * * * * * * * //

dimensions      [1 0 -1 0 0 0 0];

oriented        oriented;

internalField   nonuniform List<scalar> 
370
(
0.000156832
-0.0002144
0.000500519
-0.000343605
0.000826029
-0.00032539
0.00107966
-0.000253485
0.00125783
-0.00017801
0.0013805
-0.000122496
0.00147424
-9.35624e-05
0.00156374
-8.93114e-05
0.00166892
-0.000104987
0.00180502
-0.000135899
0.00198359
-0.000178375
0.00221272
-0.000228915
0.00249457
-0.00028163
0.00281837
-0.000323585
0.0031459
-0.000327301
0.00338561
-0.00023948
0.00334713
3.87178e-05
0.00281096
0.000536397
0.00154583
0.00126534
0.00154594
0.000306475
-0.00052083
0.000852661
-0.000889669
0.00140814
-0.000880692
0.00187276
-0.000717902
0.00222682
-0.000531851
0.00248873
-0.000384179
0.00268986
-0.000294452
0.00286123
-0.000260451
0.0030277
-0.000271214
0.00320609
-0.000314054
0.00340484
-0.000376873
0.00362268
-0.000446513
0.00384466
-0.000503346
0.00403347
-0.000512134
0.00411658
-0.000410151
0.0039759
-9.8526e-05
0.00346815
0.000546734
0.00242996
0.00157485
0.000993773
0.00270176
0.00253984
0.000343208
-0.000863976
0.000925662
-0.00147195
0.00150683
-0.00146162
0.00198869
-0.00119949
0.00235424
-0.000897101
0.00262244
-0.000652072
0.00282234
-0.000494049
0.00298059
-0.000418395
0.00311667
-0.000406992
0.00324195
-0.000439036
0.00335972
-0.000494338
0.00346411
-0.000550596
0.00353649
-0.000575412
0.00353906
-0.000514384
0.00340878
-0.000279557
0.00306
0.000250572
0.00242392
0.00118314
0.00150562
0.00249344
0.000521321
0.00368631
0.00306128
0.00033149
-0.00119539
0.000863929
-0.00200418
0.00136392
-0.00196131
0.00175275
-0.00158799
0.00202894
-0.00117293
0.00221833
-0.000841103
0.00234924
-0.0006246
0.00244305
-0.000511848
0.00251283
-0.000476425
0.00256498
-0.000490834
0.0026007
-0.000529701
0.00261556
-0.000565106
0.0025963
-0.000555796
0.00251551
-0.000433234
0.00232905
-9.27294e-05
0.00198669
0.000593286
0.0014646
0.00170558
0.000813689
0.00314468
0.000223915
0.00427635
0.00328531
0.000289351
-0.00148465
0.000705434
-0.00242003
0.00104867
-0.00230422
0.00127665
-0.00181559
0.00141081
-0.00130669
0.00148456
-0.000914454
0.00152329
-0.000662947
0.00154122
-0.000529388
0.00154465
-0.000479482
0.00153613
-0.000481937
0.00151644
-0.000509629
0.00148367
-0.000531961
0.00142984
-0.000501584
0.00133675
-0.000339751
0.00117496
6.94532e-05
0.000921109
0.000847531
0.000580826
0.00204625
0.000226851
0.00349901
2.74182e-06
0.00450074
0.00328817
0.0002095
-0.00169406
0.000433796
-0.00264406
0.000544764
-0.00241482
0.000557151
-0.00182758
0.000516791
-0.00126592
0.000458124
-0.000855383
0.00039717
-0.000601598
0.000337927
-0.000469757
0.000280003
-0.000421174
0.00022289
-0.000424441
0.000166241
-0.000452597
0.000107517
-0.000472851
3.94732e-05
-0.00043315
-4.903e-05
-0.000250848
-0.00016493
0.000185765
-0.000295574
0.000978588
-0.000398733
0.0021498
-0.00039783
0.00349846
-0.000230994
0.00433417
0.00305728
6.14482e-05
-0.0017554
-1.63415e-05
-0.00256599
-0.000221655
-0.00220913
-0.00047326
-0.00157557
-0.000711198
-0.00102758
-0.000912615
-0.000653572
-0.00107783
-0.000436
-0.00121515
-0.000332058
-0.0013325
-0.000303449
-0.00143528
-0.000321283
-0.00152762
-0.00035988
-0.00161373
-0.000386365
-0.00169626
-0.000350236
-0.00176933
-0.000177389
-0.00180457
0.000221404
-0.00174799
0.000922406
-0.0015282
0.0019304
-0.00108835
0.00305895
-0.000472563
0.00371863
0.00258482
-0.000199372
-0.0015559
-0.000709523
-0.00205553
-0.00130601
-0.00161226
-0.00183994
-0.00104123
-0.00226268
-0.000604443
-0.00258096
-0.000334908
-0.00282035
-0.000196238
-0.00300704
-0.000145006
-0.00316147
-0.000148668
-0.00329755
-0.000184846
-0.00342346
-0.000233614
-0.00353972
-0.000269756
-0.00363347
-0.000256138
-0.00366954
-0.000140965
-0.0035842
0.000136422
-0.00329098
0.000629534
-0.00270612
0.00134587
-0.00180268
0.0021558
-0.000726853
0.00264303
0.00185806
-0.00059998
-0.000955788
-0.00162029
-0.0010349
-0.00254983
-0.000682342
-0.00323112
-0.000359557
-0.00368235
-0.000152832
-0.00396984
-4.70511e-05
-0.00415779
-7.94088e-06
-0.00429696
-5.49762e-06
-0.00442082
-2.44898e-05
-0.00454794
-5.74091e-05
-0.00468626
-9.49914e-05
-0.00482905
-0.000126668
-0.00494776
-0.000137138
-0.00498405
-0.000104397
-0.00485234
4.99536e-06
-0.00442975
0.000207214
-0.0036141
0.000530492
-0.00238214
0.000924077
-0.00094148
0.00120254
0.00091665
-0.00095564
-0.00199022
-0.00267219
-0.00303136
-0.00318382
-0.00323052
-0.00323813
-0.00324332
-0.00326752
-0.00332465
-0.00341938
-0.0035458
-0.00368271
-0.00378689
-0.00378169
-0.00357428
-0.0030436
-0.00211937
-0.000916703
)
;

boundaryField
{
    leftWall
    {
        type            calculated;
        value           nonuniform List<scalar> 10(-1.69407e-21 0 0 0 -1.0842e-19 -2.1684e-19 0 4.33681e-19 0 0);
    }
    rightWall
    {
        type            calculated;
        value           nonuniform List<scalar> 10(0 2.1684e-19 -4.33681e-19 -4.33681e-19 4.33681e-19 0 0 0 4.33681e-19 0);
    }
    topWall
    {
        type            calculated;
        value           uniform 0;
    }
    bottomWall
    {
        type            calculated;
        value           uniform 0;
    }
    frontAndBackPlanes
    {
        type            empty;
    }
}


// ************************************************************************* //
