/*--------------------------------*- C++ -*----------------------------------*\
| =========                 |                                                 |
| \\      /  F ield         | OpenFOAM: The Open Source CFD Toolbox           |
|  \\    /   O peration     | Version:  2506                                  |
|   \\  /    A nd           | Website:  www.openfoam.com                      |
|    \\/     M anipulation  |                                                 |
\*---------------------------------------------------------------------------*/
FoamFile
{
    version     2.0;
    format      ascii;
    arch        "LSB;label=32;scalar=64";
    class       volVectorField;
    location    "84.4";
    object      U;
}
// * * * * * * * * * * * * * * * * * * * * * * * * * * * * * * * * * * * * * //

dimensions      [0 1 -1 0 0 0 0];

internalField   nonuniform List<vector> 
200
(
(0.000216063 -0.000767093 0)
(0.00148847 -0.00102971 0)
(0.00300996 -0.000809499 0)
(0.00433 -0.000503476 0)
(0.00524675 -0.00025678 0)
(0.00583854 -0.000111067 0)
(0.00623305 -6.36785e-05 0)
(0.00655411 -9.42955e-05 0)
(0.00690269 -0.000181813 0)
(0.00735478 -0.000312308 0)
(0.00796643 -0.000480616 0)
(0.00877903 -0.000686998 0)
(0.00981797 -0.000928167 0)
(0.0110769 -0.00118024 0)
(0.0124728 -0.00136902 0)
(0.0137445 -0.001317 0)
(0.0142953 -0.000655914 0)
(0.0131984 0.00118695 0)
(0.00949752 0.0043227 0)
(0.002875 0.00609143 0)
(0.000374527 -0.0032636 0)
(0.0025203 -0.00535474 0)
(0.00500036 -0.00511163 0)
(0.00725428 -0.00399203 0)
(0.00899748 -0.00279721 0)
(0.0102491 -0.00189736 0)
(0.0111474 -0.00139771 0)
(0.0118466 -0.00126996 0)
(0.0124759 -0.00143717 0)
(0.0131281 -0.00181921 0)
(0.0138583 -0.00234773 0)
(0.0146842 -0.00295584 0)
(0.0155774 -0.00354279 0)
(0.0164384 -0.00391047 0)
(0.0170538 -0.00367115 0)
(0.0170402 -0.00214268 0)
(0.0157859 0.00167328 0)
(0.012585 0.00854334 0)
(0.00736783 0.0169675 0)
(0.00126729 0.0174865 0)
(0.000412283 -0.00617864 0)
(0.00271144 -0.0104246 0)
(0.00527027 -0.0102429 0)
(0.00757633 -0.00828006 0)
(0.00936027 -0.00606119 0)
(0.010645 -0.00429115 0)
(0.0115609 -0.0031832 0)
(0.0122436 -0.00270085 0)
(0.0127986 -0.00270876 0)
(0.0132936 -0.00305251 0)
(0.0137606 -0.00358505 0)
(0.0141965 -0.00414988 0)
(0.0145548 -0.00452487 0)
(0.0147252 -0.00433113 0)
(0.0145041 -0.00292797 0)
(0.0135577 0.000635264 0)
(0.0115306 0.00733639 0)
(0.00824975 0.0172761 0)
(0.00414128 0.0270957 0)
(0.000494862 0.0236699 0)
(0.000401472 -0.00913089 0)
(0.00253471 -0.0153218 0)
(0.00475373 -0.0149885 0)
(0.00663726 -0.012094 0)
(0.00800381 -0.00885922 0)
(0.00892511 -0.00626829 0)
(0.00953923 -0.00459057 0)
(0.00996229 -0.00374849 0)
(0.0102686 -0.00353737 0)
(0.0104971 -0.00373583 0)
(0.0106624 -0.00413746 0)
(0.0107585 -0.00452217 0)
(0.0107519 -0.00457783 0)
(0.0105624 -0.00379057 0)
(0.0100423 -0.00135522 0)
(0.00896111 0.00376618 0)
(0.00716808 0.0123508 0)
(0.00466609 0.0238667 0)
(0.00194297 0.0335407 0)
(0.000109727 0.0266158 0)
(0.000367746 -0.0117981 0)
(0.00211198 -0.0193957 0)
(0.003691 -0.0185993 0)
(0.00485041 -0.0147177 0)
(0.00555155 -0.0105849 0)
(0.00592947 -0.0073572 0)
(0.00612321 -0.0052781 0)
(0.0062183 -0.00418708 0)
(0.00625266 -0.00380574 0)
(0.0062391 -0.00386654 0)
(0.00618159 -0.00413593 0)
(0.00607823 -0.00436322 0)
(0.00591114 -0.00417742 0)
(0.00562697 -0.00296415 0)
(0.00511818 0.000191581 0)
(0.00426419 0.0063176 0)
(0.00302499 0.0159772 0)
(0.00152911 0.0280484 0)
(0.000194275 0.0368737 0)
(-0.000166836 0.027462 0)
(0.000299652 -0.0139332 0)
(0.00138932 -0.0221394 0)
(0.00201437 -0.020546 0)
(0.00218692 -0.0157362 0)
(0.00205705 -0.0109673 0)
(0.00180553 -0.00740505 0)
(0.00153897 -0.00517574 0)
(0.00129075 -0.00401192 0)
(0.00105834 -0.00357885 0)
(0.000833492 -0.00359398 0)
(0.00061213 -0.00382152 0)
(0.000388927 -0.00399303 0)
(0.00014713 -0.0036886 0)
(-0.000158944 -0.00222142 0)
(-0.000584087 0.001367 0)
(-0.00110299 0.00799996 0)
(-0.00159897 0.0179524 0)
(-0.00182229 0.0296236 0)
(-0.00148884 0.0371281 0)
(-0.000367806 0.0264985 0)
(0.000170864 -0.0151169 0)
(0.000178094 -0.0228298 0)
(-0.000567987 -0.0201735 0)
(-0.00164889 -0.0147028 0)
(-0.00273465 -0.00976049 0)
(-0.00366614 -0.00629318 0)
(-0.00441558 -0.00422859 0)
(-0.00501758 -0.00320484 0)
(-0.00551644 -0.00287125 0)
(-0.00594442 -0.00295816 0)
(-0.00632289 -0.00323406 0)
(-0.00667116 -0.00341345 0)
(-0.00700799 -0.00305525 0)
(-0.00733285 -0.00149717 0)
(-0.00758056 0.00209946 0)
(-0.00755571 0.00844515 0)
(-0.00698058 0.0175979 0)
(-0.0055805 0.0278891 0)
(-0.00335841 0.0339383 0)
(-0.000624336 0.0235913 0)
(-0.000126629 -0.0145857 0)
(-0.0018471 -0.0203486 0)
(-0.00436357 -0.0166934 0)
(-0.00684572 -0.0112545 0)
(-0.00886822 -0.00684947 0)
(-0.0103806 -0.00400549 0)
(-0.0114866 -0.00245684 0)
(-0.0123147 -0.00180205 0)
(-0.0129709 -0.00171758 0)
(-0.0135294 -0.00196935 0)
(-0.0140382 -0.00235105 0)
(-0.0145195 -0.00260427 0)
(-0.0149558 -0.00234982 0)
(-0.0152563 -0.00106016 0)
(-0.0152023 0.00188192 0)
(-0.014453 0.00698852 0)
(-0.0126248 0.014255 0)
(-0.0094752 0.0223135 0)
(-0.00530294 0.0269244 0)
(-0.000906535 0.0186138 0)
(-0.000724828 -0.0112195 0)
(-0.00476043 -0.0137401 0)
(-0.00901259 -0.00986264 0)
(-0.0124424 -0.00561441 0)
(-0.0147524 -0.00266919 0)
(-0.0161842 -0.00104505 0)
(-0.0170641 -0.000355855 0)
(-0.0176544 -0.000243434 0)
(-0.0181322 -0.000462424 0)
(-0.0186026 -0.000855617 0)
(-0.0191209 -0.001298 0)
(-0.0196923 -0.00163844 0)
(-0.0202515 -0.00165645 0)
(-0.0206297 -0.00104509 0)
(-0.0205147 0.000570539 0)
(-0.0194271 0.00355852 0)
(-0.0168664 0.0079925 0)
(-0.0125484 0.0131006 0)
(-0.00692583 0.0163099 0)
(-0.00118317 0.0116384 0)
(-0.00177935 -0.00381075 0)
(-0.006466 -0.00358244 0)
(-0.0100848 -0.00188478 0)
(-0.0122285 -0.000590231 0)
(-0.0131751 8.31833e-05 0)
(-0.0134591 0.000336266 0)
(-0.0134718 0.000359511 0)
(-0.0134285 0.000267587 0)
(-0.0134412 0.000123996 0)
(-0.013578 -4.13384e-05 0)
(-0.0138751 -0.000215418 0)
(-0.014332 -0.000383666 0)
(-0.014897 -0.000514923 0)
(-0.0154396 -0.000550895 0)
(-0.0157119 -0.00039295 0)
(-0.0153449 0.00011458 0)
(-0.0138369 0.00111099 0)
(-0.0107658 0.00254831 0)
(-0.00634118 0.00383584 0)
(-0.00152291 0.00327489 0)
)
;

boundaryField
{
    leftWall
    {
        type            fixedValue;
        value           uniform (0 0 0);
    }
    rightWall
    {
        type            fixedValue;
        value           uniform (0 0 0);
    }
    topWall
    {
        type            fixedValue;
        value           uniform (0 0 0);
    }
    bottomWall
    {
        type            fixedValue;
        value           uniform (0 0 0);
    }
    frontAndBackPlanes
    {
        type            empty;
    }
}


// ************************************************************************* //
