/*--------------------------------*- C++ -*----------------------------------*\
| =========                 |                                                 |
| \\      /  F ield         | OpenFOAM: The Open Source CFD Toolbox           |
|  \\    /   O peration     | Version:  2506                                  |
|   \\  /    A nd           | Website:  www.openfoam.com                      |
|    \\/     M anipulation  |                                                 |
\*---------------------------------------------------------------------------*/
FoamFile
{
    version     2.0;
    format      ascii;
    arch        "LSB;label=32;scalar=64";
    class       volVectorField;
    location    "57.6";
    object      U;
}
// * * * * * * * * * * * * * * * * * * * * * * * * * * * * * * * * * * * * * //

dimensions      [0 1 -1 0 0 0 0];

internalField   nonuniform List<vector> 
200
(
(-3.89839e-05 -0.000377233 0)
(0.000591611 -0.000568484 0)
(0.00160826 -0.000521747 0)
(0.00263307 -0.000422289 0)
(0.00348703 -0.00032087 0)
(0.00419039 -0.000248684 0)
(0.00479011 -0.00022211 0)
(0.00534947 -0.000244407 0)
(0.00593567 -0.000314064 0)
(0.00661274 -0.000430198 0)
(0.00743883 -0.000593924 0)
(0.00846346 -0.000805714 0)
(0.00971831 -0.0010575 0)
(0.011195 -0.00131707 0)
(0.012798 -0.00150164 0)
(0.0142437 -0.00142992 0)
(0.0149008 -0.000732466 0)
(0.0138133 0.00119018 0)
(0.00998322 0.00448009 0)
(0.0030304 0.00640314 0)
(0.000207838 -0.00179421 0)
(0.00160675 -0.00334922 0)
(0.00343696 -0.0036636 0)
(0.00528535 -0.00336484 0)
(0.00691001 -0.00286254 0)
(0.00826962 -0.00241277 0)
(0.00941611 -0.00214021 0)
(0.0104318 -0.00208534 0)
(0.0113996 -0.00224497 0)
(0.0123896 -0.00259655 0)
(0.0134505 -0.00310485 0)
(0.0146003 -0.00371035 0)
(0.0158092 -0.0042967 0)
(0.0169678 -0.00463439 0)
(0.0178385 -0.00430149 0)
(0.0180031 -0.0025938 0)
(0.0168106 0.00150504 0)
(0.0134924 0.00879978 0)
(0.00795779 0.0177621 0)
(0.00138647 0.0185041 0)
(0.000294283 -0.00379704 0)
(0.00206659 -0.0071504 0)
(0.00420953 -0.00785801 0)
(0.00629776 -0.0072263 0)
(0.00807269 -0.0061541 0)
(0.00950295 -0.00515464 0)
(0.0106546 -0.00446221 0)
(0.0116141 -0.00414193 0)
(0.0124573 -0.0041706 0)
(0.0132381 -0.00448282 0)
(0.0139848 -0.00498364 0)
(0.0146939 -0.00552845 0)
(0.0153155 -0.0058698 0)
(0.0157275 -0.00557598 0)
(0.0157008 -0.0039438 0)
(0.0148639 2.71325e-05 0)
(0.012788 0.00736314 0)
(0.00926693 0.0181267 0)
(0.00474345 0.028783 0)
(0.000599026 0.025392 0)
(0.000329215 -0.00617424 0)
(0.00220651 -0.0113691 0)
(0.00431601 -0.0122396 0)
(0.00623846 -0.0110368 0)
(0.00775328 -0.00921426 0)
(0.00887482 -0.00754491 0)
(0.0096985 -0.0063463 0)
(0.0103194 -0.0056785 0)
(0.0108072 -0.00547811 0)
(0.0112045 -0.00563049 0)
(0.0115314 -0.00598787 0)
(0.0117851 -0.00633876 0)
(0.0119308 -0.00633372 0)
(0.0118803 -0.00538442 0)
(0.0114647 -0.00258913 0)
(0.0104033 0.00318876 0)
(0.00848284 0.0127535 0)
(0.00567587 0.0254662 0)
(0.0025083 0.0361983 0)
(0.000201684 0.0290065 0)
(0.000340092 -0.00860569 0)
(0.00208558 -0.0153683 0)
(0.00383698 -0.0160696 0)
(0.00525621 -0.0140642 0)
(0.00621796 -0.011391 0)
(0.00680521 -0.00904376 0)
(0.00714339 -0.00737015 0)
(0.00732899 -0.00638533 0)
(0.00741975 -0.00596844 0)
(0.00744648 -0.00595929 0)
(0.00742469 -0.00617546 0)
(0.00735717 -0.00636476 0)
(0.00722537 -0.00610734 0)
(0.00697317 -0.00469848 0)
(0.00648923 -0.00109199 0)
(0.00558109 0.00590731 0)
(0.00417479 0.0168499 0)
(0.00237235 0.0304294 0)
(0.000647645 0.0404513 0)
(-9.1535e-05 0.0304084 0)
(0.000310867 -0.0108039 0)
(0.00161456 -0.018551 0)
(0.00262015 -0.0186838 0)
(0.00317817 -0.0157327 0)
(0.00332384 -0.0122639 0)
(0.00321536 -0.00938802 0)
(0.00298511 -0.00740315 0)
(0.00270721 -0.00624147 0)
(0.00241401 -0.00572075 0)
(0.00211926 -0.00564887 0)
(0.00182937 -0.00582445 0)
(0.00154078 -0.00596548 0)
(0.00123069 -0.00559387 0)
(0.000854465 -0.00391986 0)
(0.000355123 0.000178056 0)
(-0.000297626 0.00784837 0)
(-0.000971701 0.019309 0)
(-0.0014113 0.0326869 0)
(-0.00130762 0.0413989 0)
(-0.000352917 0.0297851 0)
(0.000207097 -0.0123021 0)
(0.00058163 -0.0200365 0)
(0.000321975 -0.0192108 0)
(-0.000388336 -0.0153724 0)
(-0.00129921 -0.0113973 0)
(-0.00221741 -0.00833296 0)
(-0.00306141 -0.00633271 0)
(-0.00381336 -0.00522317 0)
(-0.00448197 -0.00477358 0)
(-0.00508132 -0.00477461 0)
(-0.00562669 -0.00500831 0)
(-0.00613866 -0.00516136 0)
(-0.00664162 -0.00472102 0)
(-0.00714118 -0.00290598 0)
(-0.00757623 0.00127264 0)
(-0.00771429 0.00865528 0)
(-0.00723382 0.0192735 0)
(-0.00584053 0.0311954 0)
(-0.0035479 0.0383359 0)
(-0.000672209 0.0268651 0)
(-4.87466e-05 -0.0122689 0)
(-0.00130306 -0.0185161 0)
(-0.00339059 -0.0165304 0)
(-0.00565223 -0.0123272 0)
(-0.00767749 -0.00850445 0)
(-0.00934956 -0.00579655 0)
(-0.0107007 -0.00416725 0)
(-0.0118081 -0.00336862 0)
(-0.0127485 -0.00315736 0)
(-0.0135851 -0.00333026 0)
(-0.0143646 -0.00367668 0)
(-0.0151122 -0.00390217 0)
(-0.0158109 -0.00355867 0)
(-0.0163598 -0.00202021 0)
(-0.0165115 0.00143945 0)
(-0.0158476 0.00740399 0)
(-0.0139343 0.0158655 0)
(-0.0105049 0.0252581 0)
(-0.00590529 0.0307481 0)
(-0.00102044 0.0214269 0)
(-0.000586255 -0.00958831 0)
(-0.00407055 -0.0128506 0)
(-0.00803504 -0.0102327 0)
(-0.0114981 -0.00671138 0)
(-0.0140739 -0.00397678 0)
(-0.0158806 -0.00228413 0)
(-0.0171626 -0.00143043 0)
(-0.0181376 -0.00115519 0)
(-0.0189679 -0.00125649 0)
(-0.0197663 -0.00158734 0)
(-0.0206004 -0.00200985 0)
(-0.0214819 -0.00234178 0)
(-0.0223384 -0.00231528 0)
(-0.0229748 -0.00156372 0)
(-0.0230292 0.000349441 0)
(-0.0219339 0.003842 0)
(-0.0191247 0.00901796 0)
(-0.0142788 0.0149969 0)
(-0.00791345 0.018821 0)
(-0.00136313 0.0135356 0)
(-0.00149158 -0.00322052 0)
(-0.00565433 -0.00338425 0)
(-0.00924889 -0.00209221 0)
(-0.0116975 -0.000954047 0)
(-0.013067 -0.000275004 0)
(-0.0137562 4.28814e-05 0)
(-0.0141058 0.000137962 0)
(-0.0143356 0.000106952 0)
(-0.0145807 4.12645e-06 0)
(-0.0149268 -0.000143548 0)
(-0.0154243 -0.000319599 0)
(-0.0160831 -0.000501728 0)
(-0.0168517 -0.000648112 0)
(-0.017584 -0.000686607 0)
(-0.0179949 -0.000501058 0)
(-0.0176557 8.77858e-05 0)
(-0.0159827 0.00125941 0)
(-0.012483 0.00296076 0)
(-0.0073885 0.00449504 0)
(-0.00179013 0.00385855 0)
)
;

boundaryField
{
    leftWall
    {
        type            fixedValue;
        value           uniform (0 0 0);
    }
    rightWall
    {
        type            fixedValue;
        value           uniform (0 0 0);
    }
    topWall
    {
        type            fixedValue;
        value           uniform (0 0 0);
    }
    bottomWall
    {
        type            fixedValue;
        value           uniform (0 0 0);
    }
    frontAndBackPlanes
    {
        type            empty;
    }
}


// ************************************************************************* //
