/*--------------------------------*- C++ -*----------------------------------*\
| =========                 |                                                 |
| \\      /  F ield         | OpenFOAM: The Open Source CFD Toolbox           |
|  \\    /   O peration     | Version:  2506                                  |
|   \\  /    A nd           | Website:  www.openfoam.com                      |
|    \\/     M anipulation  |                                                 |
\*---------------------------------------------------------------------------*/
FoamFile
{
    version     2.0;
    format      ascii;
    arch        "LSB;label=32;scalar=64";
    class       surfaceScalarField;
    location    "47.4";
    object      phi;
}
// * * * * * * * * * * * * * * * * * * * * * * * * * * * * * * * * * * * * * //

dimensions      [1 0 -1 0 0 0 0];

oriented        oriented;

internalField   nonuniform List<scalar> 
370
(
3.38571e-06
-8.84457e-05
0.000178235
-0.000174815
0.00038991
-0.000211623
0.000605468
-0.000215492
0.000806049
-0.000200506
0.000987579
-0.00018145
0.00115602
-0.000168354
0.00132272
-0.000166616
0.00150138
-0.000178572
0.00170609
-0.000204615
0.0019497
-0.000243516
0.00224159
-0.000291784
0.00258311
-0.000341417
0.00295963
-0.00037642
0.00332691
-0.000367173
0.0035873
-0.000260283
0.00354488
4.25206e-05
0.00297594
0.000569047
0.00164132
0.00133473
0.00164138
0.00015416
-0.000242578
0.000497926
-0.0005185
0.00091451
-0.000628085
0.00133128
-0.000632116
0.00171504
-0.000584106
0.00205762
-0.000523859
0.00236554
-0.000476094
0.00265236
-0.00045326
0.0029333
-0.000459333
0.00322136
-0.000492497
0.00352392
-0.000545885
0.00383832
-0.000605986
0.0041456
-0.000648487
0.00440106
-0.000631681
0.00452226
-0.000488174
0.00438111
-0.000118948
0.00382629
0.000597536
0.0026877
0.00170782
0.00110726
0.00291535
0.00274874
0.000229585
-0.000472105
0.000676141
-0.00096489
0.0011831
-0.0011348
0.00166347
-0.00111219
0.00208271
-0.00100303
0.00243709
-0.000877929
0.00273759
-0.000776282
0.00299977
-0.000715125
0.00323798
-0.000697222
0.003462
-0.000716202
0.00367443
-0.000757983
0.00386711
-0.000798332
0.00401578
-0.000796818
0.00407302
-0.000688589
0.00396305
-0.000377885
0.00358695
0.000257447
0.00286486
0.00131992
0.00180292
0.00277004
0.000643181
0.00407535
0.00339205
0.000265469
-0.000737477
0.000746665
-0.00144581
0.00125235
-0.0016401
0.00169295
-0.00155235
0.00204349
-0.00135311
0.00231181
-0.00114578
0.00251746
-0.000981482
0.00268035
-0.000877564
0.00281579
-0.000832212
0.00293298
-0.000832947
0.00303427
-0.000858808
0.00311315
-0.000876745
0.00315023
-0.000833432
0.0031078
-0.000645694
0.00292781
-0.000197459
0.00254284
0.000642817
0.00191841
0.00194474
0.00110996
0.00357886
0.000340094
0.00484554
0.00373231
0.000270714
-0.00100805
0.000714129
-0.00188885
0.00113032
-0.00205577
0.00144467
-0.00186611
0.0016525
-0.00156035
0.001778
-0.0012707
0.00184984
-0.00105276
0.00189081
-0.00091799
0.00191575
-0.000856599
0.00193267
-0.000849308
0.00194394
-0.000869498
0.00194553
-0.000877747
0.00192413
-0.000811434
0.00185329
-0.00057427
0.00169219
-3.58016e-05
0.00139869
0.00093682
0.000965577
0.00237833
0.000470307
0.00407457
8.97014e-05
0.00522652
0.00382218
0.000231245
-0.00123912
0.000544638
-0.00220177
0.00077079
-0.00228128
0.000874528
-0.00196917
0.000881235
-0.00156639
0.000830875
-0.0012197
0.000755261
-0.000976526
0.000673772
-0.000835885
0.000596162
-0.000778363
0.000526324
-0.000778821
0.000464109
-0.000806603
0.000404825
-0.000817752
0.000337869
-0.000743749
0.000247228
-0.000482906
0.000117316
9.47852e-05
-4.59605e-05
0.00110073
-0.000205576
0.00253853
-0.000282063
0.00415158
-0.00019259
0.00513744
0.00362975
0.000118964
-0.00135787
0.000169427
-0.00225168
8.16232e-05
-0.00219276
-0.000108129
-0.00177867
-0.000344306
-0.00132951
-0.00058535
-0.000977991
-0.000809927
-0.000751298
-0.0010111
-0.000634047
-0.00118921
-0.000599568
-0.00134745
-0.00061987
-0.00149026
-0.000663046
-0.00162252
-0.000684706
-0.00174677
-0.000618709
-0.00185583
-0.000373046
-0.00191921
0.000158923
-0.00187361
0.00105584
-0.00164279
0.00230835
-0.0011722
0.00368153
-0.000511364
0.004477
0.00311855
-0.000115732
-0.00124189
-0.000489311
-0.00187747
-0.00100105
-0.00168025
-0.00152855
-0.00125042
-0.00200445
-0.000852904
-0.00240998
-0.000571804
-0.00275115
-0.000409475
-0.00304314
-0.000341393
-0.00330189
-0.000340147
-0.00354027
-0.000380792
-0.0037657
-0.000436906
-0.00397602
-0.000473666
-0.00415206
-0.000441932
-0.00424757
-0.000276799
-0.00418269
9.47726e-05
-0.00385291
0.000726751
-0.00316755
0.00162361
-0.00210684
0.00262134
-0.000848588
0.00321912
0.00227011
-0.000479919
-0.00076167
-0.0013779
-0.000978791
-0.00229172
-0.000765637
-0.00304658
-0.000494808
-0.00361513
-0.000283679
-0.00403267
-0.000153642
-0.00435017
-9.13926e-05
-0.00461402
-7.69792e-05
-0.00485938
-9.42293e-05
-0.00510873
-0.000130875
-0.00537016
-0.000174916
-0.00563203
-0.000211234
-0.00585443
-0.000218958
-0.00596056
-0.000170085
-0.00583858
-2.66304e-05
-0.00534723
0.000235952
-0.00436605
0.000642945
-0.00287746
0.00113318
-0.00113722
0.00147921
0.00113302
-0.000761325
-0.00173936
-0.00250414
-0.00299815
-0.00328114
-0.00343419
-0.00352505
-0.00360156
-0.00369534
-0.00382579
-0.0040003
-0.00421114
-0.0044297
-0.00459941
-0.00462566
-0.00438934
-0.00374605
-0.00261256
-0.00113312
)
;

boundaryField
{
    leftWall
    {
        type            calculated;
        value           nonuniform List<scalar> 10(0 0 6.77626e-21 0 0 0 1.0842e-19 0 0 -4.33681e-19);
    }
    rightWall
    {
        type            calculated;
        value           nonuniform List<scalar> 10(1.0842e-19 0 -4.33681e-19 0 0 0 0 0 0 0);
    }
    topWall
    {
        type            calculated;
        value           uniform 0;
    }
    bottomWall
    {
        type            calculated;
        value           uniform 0;
    }
    frontAndBackPlanes
    {
        type            empty;
    }
}


// ************************************************************************* //
