/*--------------------------------*- C++ -*----------------------------------*\
| =========                 |                                                 |
| \\      /  F ield         | OpenFOAM: The Open Source CFD Toolbox           |
|  \\    /   O peration     | Version:  2506                                  |
|   \\  /    A nd           | Website:  www.openfoam.com                      |
|    \\/     M anipulation  |                                                 |
\*---------------------------------------------------------------------------*/
FoamFile
{
    version     2.0;
    format      ascii;
    arch        "LSB;label=32;scalar=64";
    class       volVectorField;
    location    "101.4";
    object      U;
}
// * * * * * * * * * * * * * * * * * * * * * * * * * * * * * * * * * * * * * //

dimensions      [0 1 -1 0 0 0 0];

internalField   nonuniform List<vector> 
200
(
(0.000354122 -0.0010001 0)
(0.0019861 -0.00129971 0)
(0.00380137 -0.000980388 0)
(0.00529719 -0.000559263 0)
(0.00626526 -0.00023042 0)
(0.00681424 -4.07596e-05 0)
(0.00711257 2.21128e-05 0)
(0.00731519 -9.61144e-06 0)
(0.00754155 -0.000104937 0)
(0.00787588 -0.000243235 0)
(0.00837528 -0.000415751 0)
(0.0090781 -0.00062158 0)
(0.0100058 -0.000858088 0)
(0.0111494 -0.00110358 0)
(0.0124268 -0.00128689 0)
(0.0135826 -0.00123349 0)
(0.0140398 -0.000581165 0)
(0.0128942 0.00121632 0)
(0.00922879 0.00424633 0)
(0.0027813 0.00590063 0)
(0.000456218 -0.00407999 0)
(0.00297767 -0.00646411 0)
(0.00579567 -0.005933 0)
(0.00827447 -0.00438814 0)
(0.0101054 -0.00282957 0)
(0.0113334 -0.00168478 0)
(0.0121358 -0.00105161 0)
(0.0127007 -0.000870666 0)
(0.0131807 -0.00103072 0)
(0.0136805 -0.00142369 0)
(0.0142601 -0.00196301 0)
(0.0149374 -0.00257361 0)
(0.0156832 -0.00315552 0)
(0.0163992 -0.00351893 0)
(0.0168781 -0.00328991 0)
(0.01675 -0.00180432 0)
(0.0154185 0.00190462 0)
(0.0122198 0.00855001 0)
(0.00711106 0.016627 0)
(0.00121328 0.0169342 0)
(0.000462464 -0.00741845 0)
(0.00299048 -0.0121399 0)
(0.00573682 -0.0115328 0)
(0.00815065 -0.00892133 0)
(0.00995547 -0.0061354 0)
(0.0111955 -0.00397262 0)
(0.0120273 -0.00263955 0)
(0.0126071 -0.00205584 0)
(0.0130529 -0.00203656 0)
(0.0134385 -0.00238625 0)
(0.0137978 -0.00293063 0)
(0.0141277 -0.0035007 0)
(0.0143812 -0.00387576 0)
(0.0144502 -0.00369139 0)
(0.0141376 -0.00233314 0)
(0.0131213 0.00111208 0)
(0.0110851 0.00756017 0)
(0.00787254 0.0170936 0)
(0.00391164 0.0264118 0)
(0.000455374 0.0228328 0)
(0.000426558 -0.0105945 0)
(0.00263952 -0.017297 0)
(0.0048778 -0.0164146 0)
(0.00672678 -0.0127332 0)
(0.00802367 -0.00883333 0)
(0.00886338 -0.00579757 0)
(0.00939999 -0.0038761 0)
(0.00975625 -0.00293243 0)
(0.0100064 -0.00270094 0)
(0.0101867 -0.00291274 0)
(0.0103083 -0.00333163 0)
(0.0103629 -0.00372474 0)
(0.010315 -0.00378341 0)
(0.0100849 -0.00301503 0)
(0.00952953 -0.00065658 0)
(0.00844004 0.0042598 0)
(0.00668891 0.0124635 0)
(0.00429586 0.0234215 0)
(0.00173936 0.0324968 0)
(7.97099e-05 0.0255364 0)
(0.000371093 -0.0133099 0)
(0.0020694 -0.0213169 0)
(0.00352949 -0.019859 0)
(0.00454471 -0.0151381 0)
(0.00511613 -0.0103475 0)
(0.00539943 -0.00671696 0)
(0.00553689 -0.00444483 0)
(0.00560679 -0.00329523 0)
(0.00563635 -0.00292279 0)
(0.00562905 -0.00301361 0)
(0.00558263 -0.00330807 0)
(0.00549153 -0.00354586 0)
(0.0053356 -0.00336183 0)
(0.00506189 -0.00217009 0)
(0.00456253 0.000886524 0)
(0.00374781 0.00673667 0)
(0.00258253 0.015909 0)
(0.0012134 0.0273077 0)
(5.45457e-05 0.0354855 0)
(-0.000170589 0.0261793 0)
(0.000287847 -0.0153576 0)
(0.00124 -0.02377 0)
(0.00165665 -0.0214381 0)
(0.00163394 -0.015824 0)
(0.00136793 -0.0104918 0)
(0.00104683 -0.00663183 0)
(0.000763779 -0.00429617 0)
(0.000533163 -0.00313233 0)
(0.000336739 -0.00274128 0)
(0.000155954 -0.00280155 0)
(-1.91167e-05 -0.00305842 0)
(-0.00019711 -0.00323823 0)
(-0.000397791 -0.00293088 0)
(-0.00065653 -0.00148845 0)
(-0.0010196 0.00197113 0)
(-0.00146208 0.00827415 0)
(-0.00186655 0.0176629 0)
(-0.00198392 0.0285991 0)
(-0.00154456 0.0354754 0)
(-0.000365737 0.0250949 0)
(0.000156348 -0.016352 0)
(-2.67272e-05 -0.0240378 0)
(-0.00101332 -0.0206149 0)
(-0.00227058 -0.0144613 0)
(-0.00344872 -0.00911643 0)
(-0.00439876 -0.00548363 0)
(-0.0051177 -0.00339758 0)
(-0.00566247 -0.00241949 0)
(-0.00609195 -0.0021479 0)
(-0.00644686 -0.00228499 0)
(-0.00675287 -0.00258855 0)
(-0.00703017 -0.002776 0)
(-0.00729477 -0.00242484 0)
(-0.00753964 -0.000914056 0)
(-0.00769438 0.00252178 0)
(-0.00757823 0.0085242 0)
(-0.00693112 0.0171234 0)
(-0.00549441 0.0267188 0)
(-0.00327875 0.0322143 0)
(-0.000602471 0.0222138 0)
(-0.000161817 -0.0155784 0)
(-0.00209068 -0.0211165 0)
(-0.00479823 -0.0167616 0)
(-0.00738561 -0.0108111 0)
(-0.00942088 -0.00616667 0)
(-0.0108799 -0.00327008 0)
(-0.0118977 -0.00176142 0)
(-0.0126238 -0.00118302 0)
(-0.0131728 -0.00117293 0)
(-0.0136249 -0.00147557 0)
(-0.014031 -0.00188256 0)
(-0.0144118 -0.00214491 0)
(-0.0147472 -0.00190621 0)
(-0.014946 -0.000677441 0)
(-0.0147963 0.00210829 0)
(-0.013986 0.00692054 0)
(-0.0121554 0.0137297 0)
(-0.00908183 0.0212229 0)
(-0.00505822 0.0254005 0)
(-0.000858003 0.0174306 0)
(-0.000784079 -0.0119147 0)
(-0.00505323 -0.0141053 0)
(-0.00942543 -0.00969521 0)
(-0.0128419 -0.00514104 0)
(-0.0150406 -0.0021073 0)
(-0.0163121 -0.000518028 0)
(-0.0170329 8.68706e-05 0)
(-0.0174857 0.000117427 0)
(-0.0178324 -0.000162771 0)
(-0.0181784 -0.00059468 0)
(-0.0185825 -0.001054 0)
(-0.0190441 -0.00139833 0)
(-0.019496 -0.00142399 0)
(-0.0197751 -0.000848158 0)
(-0.0195833 0.000675292 0)
(-0.0184773 0.00348555 0)
(-0.015988 0.0076328 0)
(-0.0118552 0.0123747 0)
(-0.00651745 0.0152929 0)
(-0.00110649 0.0108363 0)
(-0.0019014 -0.0040637 0)
(-0.00680901 -0.00366334 0)
(-0.0104361 -0.00179315 0)
(-0.0124483 -0.000430722 0)
(-0.0132162 0.00024194 0)
(-0.0133345 0.00046267 0)
(-0.0131992 0.000441509 0)
(-0.013024 0.000321903 0)
(-0.0129399 0.000166233 0)
(-0.0130039 -6.63701e-06 0)
(-0.0132331 -0.000182342 0)
(-0.0136222 -0.000346357 0)
(-0.0141175 -0.000470687 0)
(-0.0145919 -0.000502069 0)
(-0.0148116 -0.000349672 0)
(-0.0144279 0.000129446 0)
(-0.0129725 0.00105867 0)
(-0.0100604 0.00238777 0)
(-0.00590151 0.00356597 0)
(-0.00140856 0.00302646 0)
)
;

boundaryField
{
    leftWall
    {
        type            fixedValue;
        value           uniform (0 0 0);
    }
    rightWall
    {
        type            fixedValue;
        value           uniform (0 0 0);
    }
    topWall
    {
        type            fixedValue;
        value           uniform (0 0 0);
    }
    bottomWall
    {
        type            fixedValue;
        value           uniform (0 0 0);
    }
    frontAndBackPlanes
    {
        type            empty;
    }
}


// ************************************************************************* //
