/*--------------------------------*- C++ -*----------------------------------*\
| =========                 |                                                 |
| \\      /  F ield         | OpenFOAM: The Open Source CFD Toolbox           |
|  \\    /   O peration     | Version:  2506                                  |
|   \\  /    A nd           | Website:  www.openfoam.com                      |
|    \\/     M anipulation  |                                                 |
\*---------------------------------------------------------------------------*/
FoamFile
{
    version     2.0;
    format      ascii;
    arch        "LSB;label=32;scalar=64";
    class       volVectorField;
    location    "72.2";
    object      U;
}
// * * * * * * * * * * * * * * * * * * * * * * * * * * * * * * * * * * * * * //

dimensions      [0 1 -1 0 0 0 0];

internalField   nonuniform List<vector> 
200
(
(0.000104491 -0.000586655 0)
(0.00109086 -0.000820665 0)
(0.00238507 -0.000680649 0)
(0.00357475 -0.000467675 0)
(0.00446412 -0.000286258 0)
(0.00510523 -0.000173815 0)
(0.00559052 -0.000136134 0)
(0.0060172 -0.000163186 0)
(0.00647087 -0.000242354 0)
(0.00702138 -0.000365367 0)
(0.00772485 -0.000529928 0)
(0.00862585 -0.000736836 0)
(0.00975305 -0.00098155 0)
(0.011101 -0.00123753 0)
(0.0125841 -0.00142747 0)
(0.0139342 -0.00137175 0)
(0.0145398 -0.000699323 0)
(0.0134593 0.00117836 0)
(0.00971231 0.00438845 0)
(0.00294621 0.00623512 0)
(0.000304639 -0.00260955 0)
(0.00213449 -0.00447079 0)
(0.00433765 -0.00447533 0)
(0.00641713 -0.00371519 0)
(0.00810695 -0.00282333 0)
(0.00940154 -0.0021214 0)
(0.0104031 -0.00172256 0)
(0.011235 -0.00162712 0)
(0.0120064 -0.00178907 0)
(0.0127991 -0.00215296 0)
(0.0136645 -0.00266563 0)
(0.0146202 -0.00326569 0)
(0.015638 -0.0038492 0)
(0.0166163 -0.00420823 0)
(0.0173349 -0.00394204 0)
(0.0173982 -0.00235622 0)
(0.0161798 0.00156391 0)
(0.012944 0.00861358 0)
(0.00760659 0.0172884 0)
(0.00131615 0.0179336 0)
(0.000366105 -0.00515306 0)
(0.00245761 -0.00901897 0)
(0.00485124 -0.00921749 0)
(0.00706987 -0.00782141 0)
(0.00884941 -0.00609178 0)
(0.0101918 -0.00465263 0)
(0.0112017 -0.00372461 0)
(0.0119949 -0.00331202 0)
(0.012664 -0.00332532 0)
(0.0132706 -0.00364742 0)
(0.0138444 -0.004155 0)
(0.014382 -0.00470062 0)
(0.0148367 -0.00505739 0)
(0.0150956 -0.0048301 0)
(0.0149473 -0.00335391 0)
(0.0140456 0.000348373 0)
(0.0120047 0.00728897 0)
(0.0086371 0.017568 0)
(0.00437206 0.0277636 0)
(0.000534571 0.0243939 0)
(0.000375727 -0.00788982 0)
(0.00242196 -0.0136649 0)
(0.00461157 -0.0138339 0)
(0.00652153 -0.0116443 0)
(0.00795393 -0.00899965 0)
(0.00895797 -0.00679565 0)
(0.00965515 -0.00531953 0)
(0.0101535 -0.0045483 0)
(0.0105256 -0.00433422 0)
(0.0108119 -0.00450021 0)
(0.0110294 -0.0048668 0)
(0.011174 -0.00522307 0)
(0.011213 -0.00524947 0)
(0.0110652 -0.00440912 0)
(0.0105772 -0.00185884 0)
(0.00949983 0.00348956 0)
(0.00765858 0.0124404 0)
(0.00504283 0.0244385 0)
(0.00215273 0.034576 0)
(0.000143053 0.02759 0)
(0.000360688 -0.0104881 0)
(0.00212563 -0.0177487 0)
(0.00379348 -0.0175674 0)
(0.00507245 -0.0144547 0)
(0.0058878 -0.0109201 0)
(0.00635381 -0.00805256 0)
(0.00660446 -0.00613616 0)
(0.00673016 -0.0050803 0)
(0.00677743 -0.0046701 0)
(0.00676719 -0.00468276 0)
(0.00670913 -0.0049091 0)
(0.00660443 -0.00510438 0)
(0.00643633 -0.00488666 0)
(0.00615244 -0.00361321 0)
(0.00564337 -0.000313791 0)
(0.00475787 0.00611275 0)
(0.00345167 0.0162461 0)
(0.00183901 0.0289139 0)
(0.000355436 0.0382524 0)
(-0.000143045 0.028639 0)
(0.000307731 -0.012675 0)
(0.00150141 -0.0207109 0)
(0.00229546 -0.0198166 0)
(0.00263402 -0.0157586 0)
(0.00262195 -0.0115131 0)
(0.00243036 -0.00822237 0)
(0.00217652 -0.00608082 0)
(0.00191063 -0.00490127 0)
(0.00164498 -0.00441136 0)
(0.00138143 -0.00436715 0)
(0.0011216 -0.00455079 0)
(0.000861744 -0.00469467 0)
(0.000582775 -0.00436311 0)
(0.000248047 -0.00283469 0)
(-0.000216287 0.000922374 0)
(-0.000797553 0.00790967 0)
(-0.00136557 0.0184126 0)
(-0.0016745 0.030748 0)
(-0.00142865 0.0387612 0)
(-0.000364703 0.0277939 0)
(0.000185957 -0.0140045 0)
(0.000351892 -0.0217473 0)
(-0.000193576 -0.0198268 0)
(-0.00112597 -0.0150073 0)
(-0.0021378 -0.0104472 0)
(-0.00306319 -0.00713143 0)
(-0.00385188 -0.00507651 0)
(-0.00451675 -0.00399701 0)
(-0.00508706 -0.00359255 0)
(-0.00558666 -0.0036207 0)
(-0.00603334 -0.00385938 0)
(-0.0064463 -0.00401691 0)
(-0.00684675 -0.00362863 0)
(-0.00723708 -0.0019885 0)
(-0.00755707 0.00179699 0)
(-0.0075993 0.00850254 0)
(-0.00706882 0.0181928 0)
(-0.00568011 0.0291152 0)
(-0.00343533 0.0356182 0)
(-0.000643988 0.0248713 0)
(-9.55556e-05 -0.013678 0)
(-0.00163201 -0.0196498 0)
(-0.00398275 -0.0166637 0)
(-0.00638187 -0.0117168 0)
(-0.00840789 -0.00754112 0)
(-0.0099851 -0.00474207 0)
(-0.011189 -0.00314487 0)
(-0.0121273 -0.00241204 0)
(-0.0128936 -0.002255 0)
(-0.013557 -0.00245516 0)
(-0.0141649 -0.00280771 0)
(-0.0147411 -0.00304327 0)
(-0.0152696 -0.00275836 0)
(-0.0156577 -0.00138802 0)
(-0.0156789 0.0017288 0)
(-0.0149656 0.00713805 0)
(-0.0131134 0.0148455 0)
(-0.00986656 0.0234186 0)
(-0.00553646 0.0283899 0)
(-0.000951323 0.0197116 0)
(-0.000670741 -0.0105787 0)
(-0.0044936 -0.0134018 0)
(-0.00864026 -0.0100296 0)
(-0.012092 -0.00607679 0)
(-0.0145149 -0.00321949 0)
(-0.016102 -0.0015654 0)
(-0.0171466 -0.000800481 0)
(-0.0178901 -0.000607517 0)
(-0.0185017 -0.000762627 0)
(-0.0190909 -0.00111615 0)
(-0.0197192 -0.00154025 0)
(-0.0203961 -0.00187311 0)
(-0.0210553 -0.00187676 0)
(-0.0215211 -0.001221 0)
(-0.0214671 0.000495238 0)
(-0.0203789 0.00366473 0)
(-0.0177279 0.00837521 0)
(-0.0132137 0.0138189 0)
(-0.00730938 0.0172763 0)
(-0.00125377 0.0123792 0)
(-0.00166585 -0.00357693 0)
(-0.00614724 -0.00350528 0)
(-0.00975998 -0.00197046 0)
(-0.0120313 -0.000741908 0)
(-0.0131548 -7.01892e-05 0)
(-0.0136083 0.000206649 0)
(-0.0137595 0.000259626 0)
(-0.0138256 0.000196557 0)
(-0.0139286 7.47373e-05 0)
(-0.0141425 -7.8906e-05 0)
(-0.0145092 -0.000250612 0)
(-0.0150337 -0.000422787 0)
(-0.0156668 -0.000560311 0)
(-0.0162737 -0.000599864 0)
(-0.0165908 -0.000434991 0)
(-0.0162306 0.000102981 0)
(-0.0146615 0.00116577 0)
(-0.0114295 0.00270458 0)
(-0.00674884 0.00408974 0)
(-0.00162755 0.00350295 0)
)
;

boundaryField
{
    leftWall
    {
        type            fixedValue;
        value           uniform (0 0 0);
    }
    rightWall
    {
        type            fixedValue;
        value           uniform (0 0 0);
    }
    topWall
    {
        type            fixedValue;
        value           uniform (0 0 0);
    }
    bottomWall
    {
        type            fixedValue;
        value           uniform (0 0 0);
    }
    frontAndBackPlanes
    {
        type            empty;
    }
}


// ************************************************************************* //
