/*--------------------------------*- C++ -*----------------------------------*\
| =========                 |                                                 |
| \\      /  F ield         | OpenFOAM: The Open Source CFD Toolbox           |
|  \\    /   O peration     | Version:  2506                                  |
|   \\  /    A nd           | Website:  www.openfoam.com                      |
|    \\/     M anipulation  |                                                 |
\*---------------------------------------------------------------------------*/
FoamFile
{
    version     2.0;
    format      ascii;
    arch        "LSB;label=32;scalar=64";
    class       volVectorField;
    location    "142.4";
    object      U;
}
// * * * * * * * * * * * * * * * * * * * * * * * * * * * * * * * * * * * * * //

dimensions      [0 1 -1 0 0 0 0];

internalField   nonuniform List<vector> 
200
(
(0.000597551 -0.00142178 0)
(0.00287047 -0.00179287 0)
(0.00522275 -0.00130389 0)
(0.00705507 -0.00068326 0)
(0.00814783 -0.000209334 0)
(0.00865818 6.18865e-05 0)
(0.00882149 0.000158907 0)
(0.00884377 0.000132587 0)
(0.00887371 2.93862e-05 0)
(0.00901013 -0.000118234 0)
(0.00931491 -0.000295352 0)
(0.00982326 -0.000498651 0)
(0.0105502 -0.00072524 0)
(0.0114805 -0.000954956 0)
(0.0125275 -0.00111964 0)
(0.0134396 -0.00104951 0)
(0.0136765 -0.000402219 0)
(0.0123862 0.00131033 0)
(0.00874231 0.0041233 0)
(0.00260337 0.00553541 0)
(0.000595954 -0.00552825 0)
(0.00376226 -0.00844528 0)
(0.00716833 -0.00744084 0)
(0.0100529 -0.00518291 0)
(0.012065 -0.00300534 0)
(0.0132885 -0.00143105 0)
(0.0139626 -0.000547942 0)
(0.0143299 -0.000249216 0)
(0.0145818 -0.000370942 0)
(0.0148444 -0.000760638 0)
(0.0151846 -0.00130161 0)
(0.0156209 -0.00190237 0)
(0.0161215 -0.00245846 0)
(0.0165875 -0.00278665 0)
(0.0168176 -0.00253171 0)
(0.0164565 -0.00106566 0)
(0.0149437 0.00249298 0)
(0.0116905 0.00873492 0)
(0.00671417 0.0161207 0)
(0.00112781 0.0159432 0)
(0.00054398 -0.00957425 0)
(0.00344145 -0.0151371 0)
(0.00649146 -0.0138356 0)
(0.00908341 -0.0101516 0)
(0.0109299 -0.00642123 0)
(0.0121096 -0.0035926 0)
(0.0128206 -0.00186191 0)
(0.0132512 -0.00108015 0)
(0.0135385 -0.000985308 0)
(0.0137652 -0.00131803 0)
(0.0139675 -0.00185939 0)
(0.014141 -0.00241565 0)
(0.0142371 -0.0027602 0)
(0.0141474 -0.00254222 0)
(0.0136816 -0.00118645 0)
(0.0125417 0.00213281 0)
(0.0104694 0.00821101 0)
(0.00733739 0.0170507 0)
(0.00358203 0.0254152 0)
(0.000399957 0.0214228 0)
(0.000462871 -0.0130933 0)
(0.00277946 -0.0206808 0)
(0.00502289 -0.0189045 0)
(0.0067956 -0.0139372 0)
(0.00796793 -0.00894898 0)
(0.00867265 -0.00517863 0)
(0.00908864 -0.00284225 0)
(0.0093473 -0.0017091 0)
(0.0095207 -0.00141857 0)
(0.00963871 -0.00162788 0)
(0.00970624 -0.00205216 0)
(0.00970976 -0.00243323 0)
(0.00961099 -0.00245978 0)
(0.0093311 -0.00166388 0)
(0.00872572 0.000653229 0)
(0.00764488 0.00531704 0)
(0.00596705 0.0129625 0)
(0.00374439 0.0229982 0)
(0.00144143 0.0309719 0)
(3.67657e-05 0.0237824 0)
(0.00036948 -0.015844 0)
(0.00195785 -0.0245448 0)
(0.00319257 -0.0220183 0)
(0.00395042 -0.0159446 0)
(0.00429761 -0.0100974 0)
(0.00442157 -0.00581938 0)
(0.00446812 -0.00322813 0)
(0.0045012 -0.00196697 0)
(0.00452921 -0.00158829 0)
(0.00454034 -0.00170778 0)
(0.00452209 -0.00202307 0)
(0.00446234 -0.00225352 0)
(0.00433733 -0.00203804 0)
(0.00409585 -0.000830873 0)
(0.00364285 0.002131 0)
(0.0029101 0.00763276 0)
(0.00188259 0.0160965 0)
(0.000725417 0.0264076 0)
(-0.000162854 0.033428 0)
(-0.000182952 0.0241374 0)
(0.000261877 -0.0176983 0)
(0.000958793 -0.0264611 0)
(0.00101213 -0.0229523 0)
(0.000658511 -0.0160629 0)
(0.000163584 -0.00983951 0)
(-0.000274472 -0.00550692 0)
(-0.000587318 -0.00300151 0)
(-0.000796683 -0.00182621 0)
(-0.000941639 -0.00148647 0)
(-0.00105472 -0.00160386 0)
(-0.00115479 -0.00189157 0)
(-0.00125538 -0.00206339 0)
(-0.00137694 -0.00172303 0)
(-0.00155057 -0.000279179 0)
(-0.00180676 0.00303406 0)
(-0.00210918 0.00889678 0)
(-0.00233965 0.0174535 0)
(-0.0022594 0.0272125 0)
(-0.0016352 0.0329896 0)
(-0.000363168 0.0228815 0)
(0.000119492 -0.0183467 0)
(-0.000389775 -0.0259892 0)
(-0.00176758 -0.0213726 0)
(-0.00331851 -0.0141621 0)
(-0.00465166 -0.00819039 0)
(-0.00564108 -0.00429003 0)
(-0.00632571 -0.00215741 0)
(-0.0067962 -0.00123644 0)
(-0.00713011 -0.00105327 0)
(-0.00737949 -0.00126496 0)
(-0.00757651 -0.00160724 0)
(-0.00774237 -0.00179574 0)
(-0.00788869 -0.00143412 0)
(-0.00800162 3.32738e-05 0)
(-0.00799997 0.00326564 0)
(-0.0077193 0.00878771 0)
(-0.00692638 0.0165547 0)
(-0.00539507 0.0250379 0)
(-0.00316184 0.0295811 0)
(-0.000567761 0.0200385 0)
(-0.000222781 -0.0171588 0)
(-0.00249467 -0.0223412 0)
(-0.00551082 -0.0169106 0)
(-0.00827311 -0.0101735 0)
(-0.0103407 -0.00514931 0)
(-0.0117336 -0.00215252 0)
(-0.012631 -0.000697477 0)
(-0.01321 -0.000228817 0)
(-0.0136004 -0.00033143 0)
(-0.0138966 -0.000717871 0)
(-0.0141498 -0.00116736 0)
(-0.0143786 -0.00144107 0)
(-0.0145572 -0.0012152 0)
(-0.0145902 -5.9476e-05 0)
(-0.0142772 0.00251483 0)
(-0.0133499 0.00690063 0)
(-0.0114842 0.013011 0)
(-0.00849576 0.019599 0)
(-0.00468042 0.0230413 0)
(-0.000781129 0.0155557 0)
(-0.000879378 -0.013009 0)
(-0.00552117 -0.0146849 0)
(-0.0100859 -0.0094612 0)
(-0.013486 -0.00444014 0)
(-0.0155164 -0.0012664 0)
(-0.0165628 0.000276981 0)
(-0.017054 0.000769439 0)
(-0.0172805 0.000681471 0)
(-0.0174265 0.000306343 0)
(-0.0175913 -0.000187453 0)
(-0.0178222 -0.000676518 0)
(-0.0181164 -0.00102855 0)
(-0.0184032 -0.00106281 0)
(-0.0185251 -0.000532989 0)
(-0.0182045 0.000860201 0)
(-0.0170515 0.00340735 0)
(-0.0146488 0.00711239 0)
(-0.0107816 0.0112689 0)
(-0.00587533 0.0137013 0)
(-0.000984526 0.00956012 0)
(-0.00209251 -0.00446011 0)
(-0.00734665 -0.00379149 0)
(-0.0109938 -0.00165962 0)
(-0.0128166 -0.000196943 0)
(-0.0133228 0.000468491 0)
(-0.0131708 0.000634227 0)
(-0.0127904 0.000566305 0)
(-0.0124252 0.000410682 0)
(-0.0121892 0.000231147 0)
(-0.0121274 4.7748e-05 0)
(-0.0122501 -0.000130143 0)
(-0.0125349 -0.00028909 0)
(-0.0129228 -0.000404155 0)
(-0.0132903 -0.000428988 0)
(-0.0134238 -0.000284452 0)
(-0.0130058 0.000153235 0)
(-0.011622 0.000980195 0)
(-0.00894908 0.00213941 0)
(-0.00520282 0.00314096 0)
(-0.00122562 0.00263024 0)
)
;

boundaryField
{
    leftWall
    {
        type            fixedValue;
        value           uniform (0 0 0);
    }
    rightWall
    {
        type            fixedValue;
        value           uniform (0 0 0);
    }
    topWall
    {
        type            fixedValue;
        value           uniform (0 0 0);
    }
    bottomWall
    {
        type            fixedValue;
        value           uniform (0 0 0);
    }
    frontAndBackPlanes
    {
        type            empty;
    }
}


// ************************************************************************* //
