/*--------------------------------*- C++ -*----------------------------------*\
| =========                 |                                                 |
| \\      /  F ield         | OpenFOAM: The Open Source CFD Toolbox           |
|  \\    /   O peration     | Version:  2506                                  |
|   \\  /    A nd           | Website:  www.openfoam.com                      |
|    \\/     M anipulation  |                                                 |
\*---------------------------------------------------------------------------*/
FoamFile
{
    version     2.0;
    format      ascii;
    arch        "LSB;label=32;scalar=64";
    class       volVectorField;
    location    "64.6";
    object      U;
}
// * * * * * * * * * * * * * * * * * * * * * * * * * * * * * * * * * * * * * //

dimensions      [0 1 -1 0 0 0 0];

internalField   nonuniform List<vector> 
200
(
(3.10552e-05 -0.000474836 0)
(0.00083211 -0.000688505 0)
(0.00198085 -0.000598763 0)
(0.00308635 -0.000445717 0)
(0.00395941 -0.000306427 0)
(0.00463507 -0.000215161 0)
(0.00518204 -0.000183194 0)
(0.00567958 -0.000207363 0)
(0.00620324 -0.000280788 0)
(0.00681927 -0.000399064 0)
(0.00758439 -0.000561808 0)
(0.00854572 -0.000769965 0)
(0.00973405 -0.00101763 0)
(0.0111436 -0.0012758 0)
(0.0126852 -0.00146451 0)
(0.0140842 -0.00140288 0)
(0.0147187 -0.000719558 0)
(0.0136388 0.00118116 0)
(0.0098527 0.0044348 0)
(0.00299076 0.00632437 0)
(0.000255823 -0.0021844 0)
(0.00186705 -0.00389063 0)
(0.00388032 -0.00405829 0)
(0.00584217 -0.00353841 0)
(0.0074992 -0.00284925 0)
(0.00882796 -0.00227867 0)
(0.00990494 -0.00194517 0)
(0.0108321 -0.00186916 0)
(0.0117044 -0.00202642 0)
(0.0125968 -0.00237868 0)
(0.0135587 -0.00288299 0)
(0.0146079 -0.00348056 0)
(0.0157162 -0.00406313 0)
(0.0167796 -0.00441343 0)
(0.0175712 -0.00412016 0)
(0.0176852 -0.0024818 0)
(0.0164834 0.00152147 0)
(0.0132117 0.00869452 0)
(0.00778002 0.0175229 0)
(0.00135114 0.018228 0)
(0.000331128 -0.00445892 0)
(0.00226614 -0.00806454 0)
(0.00453601 -0.00852454 0)
(0.00669 -0.00752046 0)
(0.00846754 -0.00612904 0)
(0.00985453 -0.00491696 0)
(0.0109363 -0.00411019 0)
(0.0118135 -0.00374263 0)
(0.0125694 -0.00375794 0)
(0.0132611 -0.00406595 0)
(0.0139171 -0.00455964 0)
(0.014534 -0.00509606 0)
(0.0150644 -0.00544151 0)
(0.0153927 -0.0051852 0)
(0.0153006 -0.00364307 0)
(0.0144306 0.000178044 0)
(0.0123755 0.00730475 0)
(0.0089372 0.0178246 0)
(0.00454989 0.0282614 0)
(0.000565422 0.024896 0)
(0.000354076 -0.00702378 0)
(0.00232263 -0.0125061 0)
(0.00447769 -0.01303 0)
(0.00639786 -0.011341 0)
(0.00787416 -0.00911554 0)
(0.00893876 -0.00718536 0)
(0.00970007 -0.00585033 0)
(0.0102592 -0.00512742 0)
(0.0106865 -0.00491092 0)
(0.0110234 -0.00505639 0)
(0.0112881 -0.00540325 0)
(0.0114777 -0.00574475 0)
(0.0115598 -0.00575143 0)
(0.0114514 -0.00486453 0)
(0.0109935 -0.00221156 0)
(0.00992226 0.00332741 0)
(0.00804433 0.0125656 0)
(0.00533977 0.0249146 0)
(0.0023198 0.0353592 0)
(0.000170631 0.0282901 0)
(0.000352139 -0.00954968 0)
(0.00211516 -0.0165627 0)
(0.00383191 -0.0168247 0)
(0.00518701 -0.0142697 0)
(0.00608015 -0.0111711 0)
(0.00660992 -0.00856736 0)
(0.00690562 -0.00677096 0)
(0.00706011 -0.00574247 0)
(0.00712519 -0.00531424 0)
(0.00712683 -0.00529695 0)
(0.00707822 -0.00549881 0)
(0.00698233 -0.00567691 0)
(0.00682264 -0.00543628 0)
(0.00654583 -0.00410739 0)
(0.00604383 -0.000681965 0)
(0.00514258 0.00599807 0)
(0.00378783 0.0165077 0)
(0.0020861 0.0296184 0)
(0.000491507 0.0393055 0)
(-0.000118188 0.0295021 0)
(0.000310731 -0.0117525 0)
(0.00156524 -0.0196495 0)
(0.00247006 -0.0192699 0)
(0.00292331 -0.0157673 0)
(0.0029944 -0.0119129 0)
(0.00284711 -0.00882955 0)
(0.00260585 -0.00675989 0)
(0.00233237 -0.00557527 0)
(0.00204902 -0.00504972 0)
(0.00176429 -0.0049684 0)
(0.00148324 -0.00512642 0)
(0.00120326 -0.00525473 0)
(0.000903686 -0.00490206 0)
(0.000541932 -0.0033159 0)
(5.33309e-05 0.000582347 0)
(-0.000562279 0.00787172 0)
(-0.00118239 0.0188158 0)
(-0.00155467 0.0316517 0)
(-0.00137508 0.0400172 0)
(-0.000359823 0.0287562 0)
(0.000197127 -0.0131731 0)
(0.000468205 -0.0209185 0)
(6.38616e-05 -0.0195458 0)
(-0.000756672 -0.0152165 0)
(-0.00171495 -0.0109506 0)
(-0.00263596 -0.00775834 0)
(-0.00345266 -0.00572082 0)
(-0.0041622 -0.00460879 0)
(-0.00478308 -0.00415928 0)
(-0.00533343 -0.00415031 0)
(-0.00582901 -0.00436645 0)
(-0.00628944 -0.00451003 0)
(-0.00673808 -0.00409664 0)
(-0.00718024 -0.00238478 0)
(-0.00755616 0.00156835 0)
(-0.00764663 0.00857307 0)
(-0.00714433 0.01869 0)
(-0.00575743 0.030089 0)
(-0.00349124 0.0369098 0)
(-0.000658059 0.0258304 0)
(-7.26319e-05 -0.0129928 0)
(-0.00147209 -0.0191048 0)
(-0.00369729 -0.0166169 0)
(-0.00603244 -0.0120437 0)
(-0.00806077 -0.00804865 0)
(-0.00968724 -0.00529386 0)
(-0.0109658 -0.00367102 0)
(-0.0119883 -0.00288897 0)
(-0.0128392 -0.00268506 0)
(-0.013584 -0.002852 0)
(-0.0142698 -0.00318569 0)
(-0.0149218 -0.00340762 0)
(-0.0155245 -0.00309473 0)
(-0.0159836 -0.00165287 0)
(-0.0160637 0.00161239 0)
(-0.015375 0.00726925 0)
(-0.0134978 0.0153239 0)
(-0.0101687 0.0242856 0)
(-0.00571302 0.0295122 0)
(-0.000984682 0.0205357 0)
(-0.000629761 -0.0100955 0)
(-0.00428949 -0.0131338 0)
(-0.00835148 -0.0101371 0)
(-0.0118148 -0.00640618 0)
(-0.0143198 -0.00361755 0)
(-0.0160222 -0.0019461 0)
(-0.0171897 -0.0011315 0)
(-0.01805 -0.000886543 0)
(-0.0187675 -0.00100129 0)
(-0.0194533 -0.00133034 0)
(-0.0201726 -0.00174318 0)
(-0.0209372 -0.00206967 0)
(-0.0216797 -0.00205831 0)
(-0.0222173 -0.00136133 0)
(-0.022209 0.000440856 0)
(-0.0211157 0.00375591 0)
(-0.0183905 0.00868149 0)
(-0.0137208 0.0143783 0)
(-0.00759852 0.018014 0)
(-0.00130639 0.0129354 0)
(-0.00158061 -0.00340213 0)
(-0.00590579 -0.00344435 0)
(-0.00950959 -0.00203009 0)
(-0.0118709 -0.000849742 0)
(-0.013122 -0.000177981 0)
(-0.0136997 0.000117499 0)
(-0.013956 0.00019199 0)
(-0.0141075 0.000147355 0)
(-0.0142816 3.83676e-05 0)
(-0.0145578 -0.000109011 0)
(-0.0149824 -0.000280171 0)
(-0.0155638 -0.000455464 0)
(-0.0162533 -0.000596729 0)
(-0.0169122 -0.000636522 0)
(-0.0172673 -0.000463347 0)
(-0.0169131 9.7868e-05 0)
(-0.0152934 0.00121134 0)
(-0.0119341 0.00282697 0)
(-0.00705615 0.00428384 0)
(-0.00170592 0.00367426 0)
)
;

boundaryField
{
    leftWall
    {
        type            fixedValue;
        value           uniform (0 0 0);
    }
    rightWall
    {
        type            fixedValue;
        value           uniform (0 0 0);
    }
    topWall
    {
        type            fixedValue;
        value           uniform (0 0 0);
    }
    bottomWall
    {
        type            fixedValue;
        value           uniform (0 0 0);
    }
    frontAndBackPlanes
    {
        type            empty;
    }
}


// ************************************************************************* //
