/*--------------------------------*- C++ -*----------------------------------*\
| =========                 |                                                 |
| \\      /  F ield         | OpenFOAM: The Open Source CFD Toolbox           |
|  \\    /   O peration     | Version:  2506                                  |
|   \\  /    A nd           | Website:  www.openfoam.com                      |
|    \\/     M anipulation  |                                                 |
\*---------------------------------------------------------------------------*/
FoamFile
{
    version     2.0;
    format      ascii;
    arch        "LSB;label=32;scalar=64";
    class       volVectorField;
    location    "114.6";
    object      U;
}
// * * * * * * * * * * * * * * * * * * * * * * * * * * * * * * * * * * * * * //

dimensions      [0 1 -1 0 0 0 0];

internalField   nonuniform List<vector> 
200
(
(0.000445849 -0.00115811 0)
(0.00231862 -0.00148388 0)
(0.00433412 -0.00109978 0)
(0.00595346 -0.000602779 0)
(0.00696401 -0.000218953 0)
(0.0074933 1.26818e-06 0)
(0.00773549 7.63609e-05 0)
(0.00786521 4.58443e-05 0)
(0.00801378 -5.31234e-05 0)
(0.00827124 -0.000195617 0)
(0.00869617 -0.000370543 0)
(0.00932549 -0.00057604 0)
(0.0101781 -0.000809483 0)
(0.011243 -0.00105007 0)
(0.012437 -0.0012283 0)
(0.0135076 -0.00117174 0)
(0.0138904 -0.000522182 0)
(0.012699 0.00124466 0)
(0.00904744 0.00419772 0)
(0.002716 0.00576683 0)
(0.000508965 -0.00462437 0)
(0.00327421 -0.00720723 0)
(0.00631389 -0.0064935 0)
(0.008944 -0.00467514 0)
(0.0108399 -0.00287992 0)
(0.0120617 -0.00157215 0)
(0.0128108 -0.000845883 0)
(0.0132969 -0.000623148 0)
(0.0136868 -0.000771996 0)
(0.0140936 -0.0011671 0)
(0.01458 -0.00171017 0)
(0.0151642 -0.00231992 0)
(0.0158161 -0.00289513 0)
(0.0164371 -0.0032492 0)
(0.0168228 -0.00301593 0)
(0.0166144 -0.0015452 0)
(0.0152223 0.00210209 0)
(0.0120092 0.00859668 0)
(0.00695619 0.0164247 0)
(0.00118018 0.0165646 0)
(0.000493544 -0.00823147 0)
(0.0031631 -0.0132689 0)
(0.0060258 -0.0123947 0)
(0.0085076 -0.0093716 0)
(0.0103277 -0.00622356 0)
(0.0115435 -0.00380654 0)
(0.0123275 -0.00232336 0)
(0.0128486 -0.00166719 0)
(0.013232 -0.00162306 0)
(0.0135551 -0.00197039 0)
(0.0138527 -0.00251755 0)
(0.0141214 -0.00308625 0)
(0.0143138 -0.00345419 0)
(0.0143222 -0.00326289 0)
(0.0139517 -0.00191281 0)
(0.0128845 0.0014776 0)
(0.0108336 0.00777532 0)
(0.00765592 0.0170441 0)
(0.00377884 0.0260129 0)
(0.000432772 0.0222964 0)
(0.000440906 -0.0115407 0)
(0.00269618 -0.0185774 0)
(0.00493888 -0.0173516 0)
(0.00676064 -0.0131762 0)
(0.00801114 -0.00885792 0)
(0.00879972 -0.00554011 0)
(0.00928997 -0.00346075 0)
(0.00960825 -0.0024472 0)
(0.00982824 -0.00219675 0)
(0.00998378 -0.00241144 0)
(0.0100837 -0.00283611 0)
(0.0101174 -0.0032285 0)
(0.0100484 -0.00327985 0)
(0.0097974 -0.00250821 0)
(0.00922074 -0.000175761 0)
(0.00813182 0.00463295 0)
(0.00640744 0.0126143 0)
(0.00407973 0.0232196 0)
(0.00162169 0.0318879 0)
(6.25986e-05 0.0248615 0)
(0.000371363 -0.0142746 0)
(0.00203159 -0.022544 0)
(0.00340807 -0.020675 0)
(0.00432668 -0.0154331 0)
(0.00481357 -0.0102345 0)
(0.00503652 -0.00635335 0)
(0.00513918 -0.00395903 0)
(0.00519484 -0.00276927 0)
(0.00522385 -0.00239813 0)
(0.00522378 -0.00250345 0)
(0.00518818 -0.00280891 0)
(0.0051087 -0.00304678 0)
(0.00496365 -0.00285445 0)
(0.00470071 -0.00166266 0)
(0.00421692 0.00134894 0)
(0.00343098 0.00705438 0)
(0.00231558 0.0159451 0)
(0.00102572 0.0269254 0)
(-2.9246e-05 0.0346715 0)
(-0.000174783 0.02539 0)
(0.000280485 -0.0162569 0)
(0.00113887 -0.0247963 0)
(0.00141638 -0.0220099 0)
(0.00126738 -0.015903 0)
(0.000914589 -0.0102262 0)
(0.000548738 -0.00618345 0)
(0.000253927 -0.003781 0)
(3.28733e-05 -0.00261474 0)
(-0.000142177 -0.00224756 0)
(-0.000295789 -0.00233369 0)
(-0.0004414 -0.00260505 0)
(-0.000589513 -0.00278376 0)
(-0.000760082 -0.00246627 0)
(-0.000986537 -0.00102746 0)
(-0.00130967 0.00236925 0)
(-0.00170062 0.00849331 0)
(-0.0020417 0.0175535 0)
(-0.0020869 0.0280357 0)
(-0.0015789 0.0344988 0)
(-0.000364681 0.0242377 0)
(0.000153982 -0.0171203 0)
(-0.000151294 -0.0247878 0)
(-0.00129937 -0.0208991 0)
(-0.00266999 -0.014333 0)
(-0.00390681 -0.0087442 0)
(-0.00487104 -0.00500901 0)
(-0.00557491 -0.00290759 0)
(-0.00608825 -0.00195507 0)
(-0.00647854 -0.00172013 0)
(-0.00679139 -0.00188784 0)
(-0.00705471 -0.00220756 0)
(-0.00728885 -0.00239641 0)
(-0.00750793 -0.00204271 0)
(-0.00770182 -0.000551507 0)
(-0.00779673 0.00280044 0)
(-0.00761937 0.00861065 0)
(-0.0069198 0.0168835 0)
(-0.00545112 0.0260501 0)
(-0.00323228 0.0311858 0)
(-0.000589052 0.0213719 0)
(-0.000183361 -0.0161874 0)
(-0.00224287 -0.0215895 0)
(-0.00507033 -0.0168127 0)
(-0.00772432 -0.0105534 0)
(-0.00977034 -0.00576119 0)
(-0.0112021 -0.00282761 0)
(-0.0121711 -0.00134326 0)
(-0.0128379 -0.000810591 0)
(-0.0133248 -0.000845306 0)
(-0.0137157 -0.00118134 0)
(-0.0140617 -0.00160538 0)
(-0.0143829 -0.00187263 0)
(-0.0146573 -0.00163983 0)
(-0.014793 -0.000441208 0)
(-0.0145819 0.00225938 0)
(-0.0137285 0.00690307 0)
(-0.0118877 0.0134399 0)
(-0.00885101 0.0205845 0)
(-0.00491103 0.024483 0)
(-0.000828276 0.0167058 0)
(-0.000820592 -0.0123401 0)
(-0.00523301 -0.0143304 0)
(-0.00967857 -0.00960111 0)
(-0.0130863 -0.00486445 0)
(-0.0152175 -0.00177806 0)
(-0.0164018 -0.000209188 0)
(-0.017034 0.000350585 0)
(-0.0173984 0.000333847 0)
(-0.0176663 1.54381e-05 0)
(-0.0179418 -0.000440251 0)
(-0.018278 -0.000910363 0)
(-0.018674 -0.00125712 0)
(-0.0190617 -0.00128607 0)
(-0.0192805 -0.000728666 0)
(-0.01904 0.00074346 0)
(-0.0179178 0.00345078 0)
(-0.0154649 0.00742643 0)
(-0.0114377 0.0119429 0)
(-0.00626875 0.014676 0)
(-0.00105937 0.0103434 0)
(-0.00197571 -0.00421854 0)
(-0.00701846 -0.00371392 0)
(-0.0106534 -0.00174135 0)
(-0.0125911 -0.000340691 0)
(-0.0132555 0.000326868 0)
(-0.0132649 0.000524085 0)
(-0.013032 0.000485424 0)
(-0.0127838 0.00035236 0)
(-0.012641 0.000187147 0)
(-0.0126565 1.13275e-05 0)
(-0.0128457 -0.000164004 0)
(-0.0131957 -0.000325224 0)
(-0.0136501 -0.000445428 0)
(-0.0140838 -0.000473943 0)
(-0.014271 -0.000324453 0)
(-0.0138752 0.000138494 0)
(-0.0124487 0.0010279 0)
(-0.00963036 0.00229122 0)
(-0.00563166 0.00340143 0)
(-0.001338 0.00287345 0)
)
;

boundaryField
{
    leftWall
    {
        type            fixedValue;
        value           uniform (0 0 0);
    }
    rightWall
    {
        type            fixedValue;
        value           uniform (0 0 0);
    }
    topWall
    {
        type            fixedValue;
        value           uniform (0 0 0);
    }
    bottomWall
    {
        type            fixedValue;
        value           uniform (0 0 0);
    }
    frontAndBackPlanes
    {
        type            empty;
    }
}


// ************************************************************************* //
