/*--------------------------------*- C++ -*----------------------------------*\
| =========                 |                                                 |
| \\      /  F ield         | OpenFOAM: The Open Source CFD Toolbox           |
|  \\    /   O peration     | Version:  2506                                  |
|   \\  /    A nd           | Website:  www.openfoam.com                      |
|    \\/     M anipulation  |                                                 |
\*---------------------------------------------------------------------------*/
FoamFile
{
    version     2.0;
    format      ascii;
    arch        "LSB;label=32;scalar=64";
    class       surfaceScalarField;
    location    "72.6";
    object      phi;
}
// * * * * * * * * * * * * * * * * * * * * * * * * * * * * * * * * * * * * * //

dimensions      [1 0 -1 0 0 0 0];

oriented        oriented;

internalField   nonuniform List<scalar> 
370
(
0.000123714
-0.000186271
0.000430992
-0.0003072
0.000731389
-0.000300282
0.000975224
-0.000243695
0.00115593
-0.000180552
0.00128877
-0.000132676
0.00139624
-0.000107293
0.00150026
-0.000103848
0.00161936
-0.00011892
0.0017684
-0.000148853
0.00195919
-0.000190594
0.00220028
-0.000240887
0.00249412
-0.000293639
0.00282979
-0.000335462
0.00316834
-0.000338325
0.00341705
-0.000248489
0.00338248
3.479e-05
0.00284427
0.000538436
0.00156679
0.00127767
0.00156691
0.000276515
-0.000462741
0.00078059
-0.000811152
0.00130473
-0.000824247
0.00175479
-0.000693544
0.00210925
-0.000534787
0.00238202
-0.000405211
0.00259992
-0.000324962
0.00279057
-0.000294259
0.00297671
-0.000304816
0.0031742
-0.000346106
0.00339123
-0.000407376
0.00362655
-0.000475957
0.00386507
-0.000531899
0.00406888
-0.000539006
0.00416406
-0.000433242
0.00403022
-0.000114382
0.00352237
0.000542917
0.00247222
0.00158884
0.0010133
0.00273683
0.00258032
0.000322917
-0.000785593
0.000878729
-0.00136679
0.00144223
-0.00138749
0.00191856
-0.00116958
0.00228865
-0.000904559
0.002568
-0.000684239
0.00278255
-0.000539189
0.00295673
-0.00046812
0.00310874
-0.000456512
0.00324938
-0.000486422
0.00338175
-0.000539423
0.00349994
-0.000593825
0.00358512
-0.00061675
0.00359878
-0.000552337
0.00347627
-0.000310399
0.00312932
0.000232901
0.00248573
0.00118684
0.00154928
0.0025256
0.000539612
0.00374675
0.00312006
0.000321455
-0.00110697
0.000845285
-0.00189039
0.00134498
-0.00188686
0.00174071
-0.00156495
0.00202768
-0.00119114
0.00222894
-0.000885104
0.00237114
-0.000681
0.00247503
-0.000571628
0.00255369
-0.000534788
0.00261375
-0.000546105
0.00265671
-0.000582002
0.00267833
-0.00061506
0.00266528
-0.000603312
0.00258961
-0.000476279
0.00240576
-0.000126167
0.00206017
0.000578876
0.00152646
0.00172093
0.000854994
0.00319741
0.000240143
0.00436188
0.00336033
0.000288589
-0.00139546
0.000712127
-0.00231367
0.00107001
-0.00224438
0.00131446
-0.00180898
0.00146276
-0.00133901
0.00154662
-0.000968527
0.00159151
-0.000725459
0.0016126
-0.00059229
0.00161735
-0.000539125
0.00160924
-0.000537583
0.00158966
-0.000562005
0.00155702
-0.000582008
0.00150343
-0.000549298
0.00141048
-0.000382904
0.00124657
3.81779e-05
0.000986198
0.000839679
0.000632967
0.00207457
0.00025951
0.00357124
1.39961e-05
0.00460769
0.00337445
0.000215866
-0.00161122
0.000459541
-0.00255706
0.000594483
-0.00237892
0.000626491
-0.00184054
0.00059816
-0.00131023
0.000544285
-0.0009142
0.000482859
-0.000663592
0.000420051
-0.000529049
0.000357156
-0.000475803
0.000294735
-0.000474736
0.000232998
-0.000499842
0.000169543
-0.000518124
9.67738e-05
-0.000476093
2.63332e-06
-0.000288318
-0.000119522
0.00016079
-0.000258537
0.00097915
-0.000372416
0.00218889
-0.000383584
0.00358279
-0.000227027
0.00445142
0.00314754
7.3751e-05
-0.00168485
2.12909e-05
-0.00250428
-0.000159929
-0.00219728
-0.000396417
-0.00160359
-0.000629377
-0.00107681
-0.000833574
-0.000709559
-0.00100619
-0.000490537
-0.00115304
-0.000381778
-0.00128043
-0.000347986
-0.00139296
-0.000361792
-0.00149447
-0.000397912
-0.0015893
-0.00042287
-0.00168048
-0.000384478
-0.00176253
-0.000205831
-0.00180757
0.000206272
-0.00175877
0.0009308
-0.00154279
0.00197333
-0.00110158
0.00314195
-0.000479498
0.00382962
0.00266815
-0.000183726
-0.00150099
-0.000668309
-0.00201936
-0.00124765
-0.0016175
-0.00177682
-0.00107397
-0.00220505
-0.000648134
-0.00253519
-0.000378994
-0.00278946
-0.000235845
-0.00299177
-0.00017906
-0.0031613
-0.000178049
-0.00331164
-0.000211058
-0.00345101
-0.000258144
-0.00358012
-0.00029337
-0.00368607
-0.000278135
-0.00373303
-0.00015847
-0.00365525
0.000128889
-0.00336296
0.000638898
-0.0027696
0.00138034
-0.00184727
0.00221996
-0.000745729
0.00272832
0.00192252
-0.000578475
-0.000922363
-0.0015756
-0.00102188
-0.00249973
-0.000692937
-0.00319149
-0.00038177
-0.00366196
-0.000177235
-0.00397185
-6.86932e-05
-0.00418246
-2.48451e-05
-0.004342
-1.91418e-05
-0.00448335
-3.63261e-05
-0.00462641
-6.76557e-05
-0.0047797
-0.000104505
-0.00493671
-0.00013603
-0.00506827
-0.000146246
-0.00511423
-0.000112196
-0.004987
1.97847e-06
-0.0045581
0.000210307
-0.00372266
0.000545196
-0.00245611
0.000953668
-0.000971729
0.00124414
0.00095088
-0.000922199
-0.00194373
-0.00263624
-0.00301758
-0.0031944
-0.0032627
-0.00328718
-0.00330597
-0.00334197
-0.00340931
-0.00351352
-0.00364928
-0.00379526
-0.00390721
-0.003905
-0.00369447
-0.00314907
-0.00219522
-0.00095094
)
;

boundaryField
{
    leftWall
    {
        type            calculated;
        value           uniform 0;
    }
    rightWall
    {
        type            calculated;
        value           nonuniform List<scalar> 10(0 0 0 0 4.33681e-19 0 0 0 -4.33681e-19 0);
    }
    topWall
    {
        type            calculated;
        value           uniform 0;
    }
    bottomWall
    {
        type            calculated;
        value           uniform 0;
    }
    frontAndBackPlanes
    {
        type            empty;
    }
}


// ************************************************************************* //
