/*--------------------------------*- C++ -*----------------------------------*\
| =========                 |                                                 |
| \\      /  F ield         | OpenFOAM: The Open Source CFD Toolbox           |
|  \\    /   O peration     | Version:  2506                                  |
|   \\  /    A nd           | Website:  www.openfoam.com                      |
|    \\/     M anipulation  |                                                 |
\*---------------------------------------------------------------------------*/
FoamFile
{
    version     2.0;
    format      ascii;
    arch        "LSB;label=32;scalar=64";
    class       surfaceScalarField;
    location    "57.4";
    object      phi;
}
// * * * * * * * * * * * * * * * * * * * * * * * * * * * * * * * * * * * * * //

dimensions      [1 0 -1 0 0 0 0];

oriented        oriented;

internalField   nonuniform List<scalar> 
370
(
4.87363e-05
-0.000123897
0.000272071
-0.000223278
0.000513509
-0.000241354
0.000733766
-0.000220155
0.000919604
-0.000185722
0.00107532
-0.000155595
0.00121388
-0.000138432
0.001351
-0.000136996
0.00150233
-0.000151187
0.0016823
-0.000179834
0.00190365
-0.000221204
0.00217602
-0.000272215
0.00250196
-0.000325787
0.00286893
-0.000366796
0.00323465
-0.000365558
0.00350244
-0.00026762
0.00347271
2.99039e-05
0.0029237
0.000549175
0.001614
0.00130985
0.00161409
0.000201664
-0.000325523
0.000601715
-0.00062322
0.0010487
-0.000688186
0.00146328
-0.000634539
0.00181918
-0.000541427
0.00211891
-0.000455115
0.0023781
-0.000397415
0.00261624
-0.000374919
0.00285147
-0.0003862
0.00309788
-0.00042603
0.00336346
-0.000486555
0.00364688
-0.000555397
0.00393187
-0.000610535
0.00417743
-0.00061211
0.00430447
-0.000492345
0.00418594
-0.000148839
0.0036718
0.000544286
0.0025853
0.00163591
0.0010646
0.00283077
0.0026788
0.000266716
-0.000592174
0.000749478
-0.0011058
0.00126468
-0.00120313
0.00172562
-0.00109517
0.00210731
-0.000922791
0.00241585
-0.000763327
0.00266896
-0.0006502
0.00288556
-0.000591188
0.00308093
-0.000581241
0.0032648
-0.000609567
0.00344007
-0.000661496
0.00360048
-0.000715458
0.00372568
-0.000735387
0.00377378
-0.000659853
0.00367428
-0.000392488
0.00333121
0.000194579
0.00266389
0.00121194
0.00167404
0.00262608
0.000591976
0.0039131
0.00327091
0.000288681
-0.000880762
0.000780986
-0.00159785
0.00127251
-0.00169429
0.0016815
-0.00150374
0.00199431
-0.00123516
0.00222624
-0.000994814
0.0023994
-0.00082292
0.00253282
-0.000724178
0.00263959
-0.000687583
0.00272703
-0.000696578
0.00279719
-0.000731223
0.00284573
-0.000763557
0.00285811
-0.000747313
0.00280353
-0.000604814
0.00263091
-0.000219413
0.00227745
0.000548482
0.00170963
0.00178018
0.000977606
0.00335848
0.000289115
0.0046019
0.00356017
0.000279258
-0.0011599
0.0007117
-0.00202998
0.00109881
-0.00208096
0.00138017
-0.00178459
0.00156216
-0.00141663
0.00167181
-0.00110395
0.00173471
-0.000885308
0.0017684
-0.000757357
0.00178302
-0.000701705
0.00178399
-0.000697046
0.0017736
-0.000720323
0.00175025
-0.000739686
0.00170519
-0.000701716
0.00161828
-0.000517365
0.00145601
-5.66125e-05
0.00118049
0.000824524
0.000790622
0.00217054
0.000359781
0.00378976
4.95712e-05
0.00491246
0.0036099
0.000226818
-0.00138659
0.00051269
-0.00231548
0.00070431
-0.00227207
0.000783438
-0.00186316
0.000784582
-0.00141721
0.00074332
-0.00106213
0.000682856
-0.000824293
0.000614886
-0.000688843
0.000544598
-0.000630873
0.000474535
-0.000626433
0.000405498
-0.000650728
0.0003349
-0.000668517
0.000254556
-0.000620785
0.000151023
-0.000413234
1.24312e-05
8.25897e-05
-0.000148061
0.000985607
-0.000290848
0.00231387
-0.000336529
0.00383593
-0.000211908
0.0047882
0.00339813
0.000103059
-0.00148949
0.000115348
-0.00232737
-4.04808e-06
-0.00215213
-0.00020038
-0.00166623
-0.00041991
-0.00119709
-0.00063077
-0.000850694
-0.000821565
-0.000632933
-0.00099166
-0.000518187
-0.00114376
-0.000478209
-0.00128099
-0.000488637
-0.00140704
-0.000524107
-0.0015267
-0.000548269
-0.00164373
-0.000503159
-0.00175305
-0.000303309
-0.00182516
0.000155315
-0.00179576
0.000956797
-0.00158619
0.00210486
-0.00113762
0.00338784
-0.000497273
0.0041482
0.002901
-0.000140892
-0.00134842
-0.000553574
-0.00191423
-0.00108224
-0.0016229
-0.00159571
-0.00115216
-0.00203676
-0.000755458
-0.00239759
-0.000489307
-0.00269147
-0.000338499
-0.00293659
-0.000272515
-0.00314935
-0.000264907
-0.00334252
-0.000294928
-0.00352439
-0.000341694
-0.00369567
-0.000376449
-0.00384234
-0.000355942
-0.00392502
-0.00022008
-0.00387036
0.000101208
-0.00357835
0.000665326
-0.00295579
0.0014828
-0.00197492
0.00240742
-0.000798368
0.00297197
0.00210277
-0.000517684
-0.000830538
-0.00144679
-0.000984657
-0.00235032
-0.000718798
-0.00306486
-0.000437048
-0.00358262
-0.000237147
-0.00394944
-0.000121956
-0.00421838
-6.90524e-05
-0.00443374
-5.66629e-05
-0.00462796
-7.02008e-05
-0.00482235
-0.000100071
-0.0050264
-0.000137188
-0.00523302
-0.000169371
-0.00541002
-0.000178499
-0.00549081
-0.000138844
-0.0053755
-1.36711e-05
-0.00492893
0.000219188
-0.00403425
0.000588523
-0.00266604
0.00103957
-0.00105636
0.00136256
0.00104652
-0.000830317
-0.00181449
-0.00253272
-0.00296921
-0.00320584
-0.00332731
-0.00339591
-0.00345215
-0.00352194
-0.00362162
-0.00375843
-0.00392745
-0.0041056
-0.00424411
-0.00425747
-0.00403798
-0.00344917
-0.00240935
-0.00104661
)
;

boundaryField
{
    leftWall
    {
        type            calculated;
        value           uniform 0;
    }
    rightWall
    {
        type            calculated;
        value           nonuniform List<scalar> 10(0 0 0 0 0 0 0 0 4.33681e-19 4.33681e-19);
    }
    topWall
    {
        type            calculated;
        value           uniform 0;
    }
    bottomWall
    {
        type            calculated;
        value           uniform 0;
    }
    frontAndBackPlanes
    {
        type            empty;
    }
}


// ************************************************************************* //
