/*--------------------------------*- C++ -*----------------------------------*\
| =========                 |                                                 |
| \\      /  F ield         | OpenFOAM: The Open Source CFD Toolbox           |
|  \\    /   O peration     | Version:  2506                                  |
|   \\  /    A nd           | Website:  www.openfoam.com                      |
|    \\/     M anipulation  |                                                 |
\*---------------------------------------------------------------------------*/
FoamFile
{
    version     2.0;
    format      ascii;
    arch        "LSB;label=32;scalar=64";
    class       surfaceScalarField;
    location    "92.4";
    object      phi;
}
// * * * * * * * * * * * * * * * * * * * * * * * * * * * * * * * * * * * * * //

dimensions      [1 0 -1 0 0 0 0];

oriented        oriented;

internalField   nonuniform List<scalar> 
370
(
0.000216652
-0.000265687
0.000626246
-0.000409515
0.000997986
-0.000371624
0.00127124
-0.00027311
0.00144747
-0.000176076
0.00155459
-0.000106943
0.00162609
-7.132e-05
0.00169134
-6.5061e-05
0.00177276
-8.12227e-05
0.00188636
-0.0001134
0.00204339
-0.000156818
0.00225111
-0.000207505
0.00251112
-0.000259788
0.00281269
-0.000301347
0.00311849
-0.000305573
0.00333872
-0.000219993
0.00328935
4.96079e-05
0.00275274
0.000536851
0.00150752
0.00124542
0.00150764
0.000357732
-0.000623377
0.000977142
-0.00102881
0.00158852
-0.000982838
0.00208135
-0.000765759
0.00243865
-0.000533169
0.00268603
-0.000354106
0.00286216
-0.000247237
0.0030037
-0.000206383
0.00313893
-0.000216228
0.0032863
-0.000260549
0.0034547
-0.000324979
0.00364286
-0.00039543
0.00383589
-0.000452582
0.00399735
-0.000462558
0.00405676
-0.00036473
0.0039001
-6.3079e-05
0.00338662
0.000563347
0.00236353
0.00156019
0.000962295
0.00264688
0.00247004
0.000375909
-0.000999231
0.00100202
-0.00165477
0.00161321
-0.00159382
0.00210622
-0.00125853
0.00246718
-0.00089386
0.00272033
-0.000606998
0.0028995
-0.000426136
0.00303462
-0.000341237
0.00314708
-0.000328423
0.00324911
-0.000362306
0.00334422
-0.00041982
0.00342659
-0.000477531
0.00347783
-0.000503544
0.00346108
-0.00044553
0.00331585
-0.000219208
0.00296058
0.00029247
0.00233276
0.00119145
0.00144003
0.0024532
0.000493677
0.00359346
0.00296383
0.000345977
-0.00134514
0.000889944
-0.00219856
0.00138901
-0.00209263
0.00176662
-0.00163586
0.00202646
-0.0011534
0.00219863
-0.000778854
0.00231371
-0.000540908
0.00239375
-0.000420977
0.00245159
-0.000385961
0.00249306
-0.000403479
0.00251888
-0.000445331
0.0025243
-0.000482656
0.00249606
-0.000475002
0.00240736
-0.000356521
0.00221626
-2.7798e-05
0.00187781
0.000631237
0.00137233
0.00169723
0.000752052
0.00307376
0.000200295
0.00414545
0.00316423
0.000288111
-0.00163318
0.000688265
-0.00259851
0.00100523
-0.00240931
0.00120551
-0.00183582
0.00131683
-0.00126439
0.00137508
-0.00083677
0.00140519
-0.0005707
0.00141954
-0.000435003
0.00142242
-0.000388527
0.00141481
-0.000395548
0.00139651
-0.00042672
0.00136516
-0.000450993
0.00131257
-0.000422089
0.00122098
-0.00026461
0.00106313
0.000130384
0.000820234
0.000874467
0.000500567
0.00201722
0.000176582
0.00339805
-1.58049e-05
0.00433808
0.00314852
0.000196822
-0.00182992
0.000385068
-0.00278654
0.000455351
-0.00247929
0.0004348
-0.00181494
0.000374363
-0.00120362
0.000307652
-0.000769727
0.000247327
-0.00051005
0.000193858
-0.000381216
0.000144184
-0.000338537
9.61139e-05
-0.000347163
4.83927e-05
-0.000378683
-1.80057e-06
-0.000400483
-6.11439e-05
-0.000362426
-0.000139778
-0.000185648
-0.000242951
0.000233896
-0.000357869
0.000989727
-0.000441836
0.00210152
-0.00041995
0.00337647
-0.000235588
0.00415394
0.00291302
3.96061e-05
-0.00186944
-8.04853e-05
-0.00266621
-0.000327477
-0.00223199
-0.000605621
-0.00153646
-0.000853389
-0.000955522
-0.0010521
-0.000570696
-0.00120707
-0.000354766
-0.00133044
-0.000257535
-0.00143252
-0.000236153
-0.00151998
-0.000259393
-0.00159745
-0.000300903
-0.00166901
-0.000328623
-0.00173668
-0.000294437
-0.00179349
-0.000128525
-0.00181107
0.000251803
-0.00173905
0.000918038
-0.00150966
0.00187245
-0.00106882
0.00293591
-0.000461345
0.00354667
0.00245176
-0.000225263
-0.00164407
-0.000777727
-0.0021135
-0.00140391
-0.0016055
-0.001948
-0.000992055
-0.00236461
-0.000538595
-0.00266652
-0.000268472
-0.00288495
-0.000136038
-0.00304895
-9.32371e-05
-0.0031805
-0.000104311
-0.00329453
-0.000145069
-0.00339922
-0.000195931
-0.00349475
-0.000232806
-0.00356817
-0.000220737
-0.00358513
-0.000111272
-0.00348505
0.000152002
-0.00318662
0.000619899
-0.00261107
0.00129717
-0.00173394
0.00205903
-0.000696914
0.00250983
0.00175492
-0.000634586
-0.00100937
-0.00169243
-0.00105539
-0.00263176
-0.000665867
-0.00329818
-0.00032532
-0.00372066
-0.000115805
-0.00397279
-1.60458e-05
-0.00413014
2.16019e-05
-0.00424089
1.77786e-05
-0.00433711
-7.82054e-06
-0.0044396
-4.23285e-05
-0.00455451
-8.0777e-05
-0.00467467
-0.000112404
-0.0047723
-0.000122878
-0.00479162
-9.17135e-05
-0.00465062
1.1223e-05
-0.00423448
0.000203979
-0.00344638
0.000509286
-0.00226611
0.000878943
-0.000893282
0.00113715
0.000861698
-0.00100925
-0.00206438
-0.00272995
-0.00305496
-0.00317046
-0.00318623
-0.00316436
-0.00314633
-0.00315391
-0.00319602
-0.00327658
-0.00338879
-0.00351148
-0.00360302
-0.00359163
-0.00338749
-0.00287806
-0.00199898
-0.00086174
)
;

boundaryField
{
    leftWall
    {
        type            calculated;
        value           uniform 0;
    }
    rightWall
    {
        type            calculated;
        value           nonuniform List<scalar> 10(0 0 0 0 -4.33681e-19 0 0 0 0 0);
    }
    topWall
    {
        type            calculated;
        value           uniform 0;
    }
    bottomWall
    {
        type            calculated;
        value           uniform 0;
    }
    frontAndBackPlanes
    {
        type            empty;
    }
}


// ************************************************************************* //
