/*--------------------------------*- C++ -*----------------------------------*\
| =========                 |                                                 |
| \\      /  F ield         | OpenFOAM: The Open Source CFD Toolbox           |
|  \\    /   O peration     | Version:  2506                                  |
|   \\  /    A nd           | Website:  www.openfoam.com                      |
|    \\/     M anipulation  |                                                 |
\*---------------------------------------------------------------------------*/
FoamFile
{
    version     2.0;
    format      ascii;
    arch        "LSB;label=32;scalar=64";
    class       volVectorField;
    location    "92.4";
    object      U;
}
// * * * * * * * * * * * * * * * * * * * * * * * * * * * * * * * * * * * * * //

dimensions      [0 1 -1 0 0 0 0];

internalField   nonuniform List<vector> 
200
(
(0.000283761 -0.000880407 0)
(0.00173192 -0.00116081 0)
(0.00339606 -0.000891821 0)
(0.00480052 -0.000529292 0)
(0.00574031 -0.000242505 0)
(0.00630896 -7.56532e-05 0)
(0.0066545 -2.11867e-05 0)
(0.00691621 -5.28246e-05 0)
(0.00720418 -0.000144517 0)
(0.00759831 -0.000279015 0)
(0.00815497 -0.000449398 0)
(0.00891389 -0.000655425 0)
(0.00989848 -0.000894252 0)
(0.0111014 -0.00114322 0)
(0.0124402 -0.00132974 0)
(0.013657 -0.00127771 0)
(0.0141648 -0.000621598 0)
(0.0130474 0.0011992 0)
(0.0093663 0.00428473 0)
(0.00282976 0.00599954 0)
(0.000415073 -0.00366335 0)
(0.00274671 -0.005897 0)
(0.00539311 -0.00551035 0)
(0.00775651 -0.00417994 0)
(0.00954063 -0.00280562 0)
(0.0107778 -0.00178592 0)
(0.0116259 -0.00122209 0)
(0.0122562 -0.00106999 0)
(0.0128097 -0.00123532 0)
(0.013385 -0.00162393 0)
(0.0140395 -0.00215848 0)
(0.0147911 -0.00276831 0)
(0.0156109 -0.0033535 0)
(0.0164005 -0.00372055 0)
(0.0169496 -0.00348884 0)
(0.0168816 -0.00198472 0)
(0.0155927 0.0017761 0)
(0.0123972 0.00853611 0)
(0.00723758 0.0167943 0)
(0.00124005 0.0172159 0)
(0.000437581 -0.00678976 0)
(0.00285191 -0.0112684 0)
(0.00550471 -0.0108734 0)
(0.00786412 -0.00858699 0)
(0.00965724 -0.00608611 0)
(0.0109178 -0.00412189 0)
(0.0117895 -0.00290398 0)
(0.0124186 -0.00237358 0)
(0.0129168 -0.00237019 0)
(0.0133551 -0.0027187 0)
(0.0137665 -0.00325855 0)
(0.014148 -0.00382737 0)
(0.0144529 -0.00420436 0)
(0.0145723 -0.00401852 0)
(0.0143061 -0.00264252 0)
(0.0133267 0.000856657 0)
(0.0112977 0.00742859 0)
(0.00805412 0.0171673 0)
(0.0040227 0.0267449 0)
(0.000474433 0.0232532 0)
(0.000414438 -0.00985612 0)
(0.00258966 -0.0162986 0)
(0.00482014 -0.0156891 0)
(0.00668742 -0.0124002 0)
(0.00801918 -0.00883263 0)
(0.0088989 -0.00602006 0)
(0.00947287 -0.0042221 0)
(0.00986077 -0.00333136 0)
(0.0101371 -0.00311224 0)
(0.0103395 -0.0033193 0)
(0.010481 -0.00373131 0)
(0.0105545 -0.00412228 0)
(0.0105257 -0.00418259 0)
(0.0103149 -0.00340963 0)
(0.00977727 -0.00101914 0)
(0.00869174 0.00399357 0)
(0.00692073 0.0123832 0)
(0.00447511 0.0236208 0)
(0.00183778 0.0330038 0)
(9.41429e-05 0.0260735 0)
(0.000369914 -0.0125507 0)
(0.00209363 -0.0203504 0)
(0.00361539 -0.0192205 0)
(0.00470407 -0.0149164 0)
(0.00534083 -0.0104526 0)
(0.00567127 -0.00702282 0)
(0.0058363 -0.00484787 0)
(0.005918 -0.00372911 0)
(0.00594899 -0.00335406 0)
(0.00593743 -0.00343158 0)
(0.00588413 -0.00371506 0)
(0.00578542 -0.00394971 0)
(0.00562224 -0.00376855 0)
(0.00534203 -0.00257218 0)
(0.00483675 0.000527225 0)
(0.00400203 0.0065076 0)
(0.00279957 0.0159175 0)
(0.00136768 0.0276517 0)
(0.000122653 0.0361605 0)
(-0.000168609 0.0268143 0)
(0.000293939 -0.0146451 0)
(0.00131683 -0.0229535 0)
(0.00183966 -0.0209868 0)
(0.00191566 -0.0157702 0)
(0.00171817 -0.0107165 0)
(0.0014322 -0.0070042 0)
(0.0011578 -0.00472213 0)
(0.000918821 -0.00355962 0)
(0.000704731 -0.00314905 0)
(0.000502006 -0.00318793 0)
(0.000303792 -0.00343109 0)
(0.000103328 -0.00360867 0)
(-0.000120393 -0.00330658 0)
(-0.000404315 -0.00185727 0)
(-0.000798161 0.00165978 0)
(-0.00128006 0.0081195 0)
(-0.00173183 0.0177831 0)
(-0.00190335 0.0290848 0)
(-0.00151722 0.0362809 0)
(-0.00036681 0.025788 0)
(0.000163051 -0.015737 0)
(7.58465e-05 -0.0234358 0)
(-0.000788836 -0.0203907 0)
(-0.00195673 -0.0145731 0)
(-0.00308791 -0.00942643 0)
(-0.00402755 -0.00587575 0)
(-0.00476029 -0.00380128 0)
(-0.00533219 -0.00280171 0)
(-0.00579506 -0.00250021 0)
(-0.00618549 -0.00261281 0)
(-0.00652692 -0.00290294 0)
(-0.00683911 -0.0030876 0)
(-0.00714 -0.00273632 0)
(-0.00742548 -0.00120589 0)
(-0.00762763 0.00230406 0)
(-0.00755882 0.00847054 0)
(-0.00695013 0.01734 0)
(-0.00553438 0.0272808 0)
(-0.00331754 0.0330572 0)
(-0.000613299 0.022894 0)
(-0.000144236 -0.0150861 0)
(-0.00196884 -0.0207352 0)
(-0.00458068 -0.0167243 0)
(-0.00711459 -0.011025 0)
(-0.0091419 -0.00649831 0)
(-0.0106256 -0.00362793 0)
(-0.0116855 -0.00210008 0)
(-0.0124608 -0.0014847 0)
(-0.0130617 -0.0014383 0)
(-0.0135654 -0.00171583 0)
(-0.0140214 -0.00211032 0)
(-0.0144513 -0.00236877 0)
(-0.0148364 -0.00212404 0)
(-0.015086 -0.000868019 0)
(-0.014985 0.00199115 0)
(-0.0142072 0.00694494 0)
(-0.0123809 0.0139778 0)
(-0.009273 0.0217513 0)
(-0.0051783 0.0261478 0)
(-0.000881992 0.0180153 0)
(-0.000754556 -0.011571 0)
(-0.00490747 -0.0139253 0)
(-0.00921938 -0.00977744 0)
(-0.012641 -0.00537392 0)
(-0.0148931 -0.00238458 0)
(-0.0162428 -0.000779427 0)
(-0.0170427 -0.000133796 0)
(-0.0175639 -6.26472e-05 0)
(-0.0179748 -0.000311755 0)
(-0.018381 -0.000723398 0)
(-0.01884 -0.00117346 0)
(-0.0193547 -0.00151553 0)
(-0.0198589 -0.00153779 0)
(-0.0201869 -0.000945533 0)
(-0.0200338 0.000621695 0)
(-0.0189387 0.00351773 0)
(-0.0164168 0.00780533 0)
(-0.0121952 0.0127286 0)
(-0.00671873 0.0157932 0)
(-0.00114444 0.0112332 0)
(-0.00184127 -0.003939 0)
(-0.00664002 -0.00362415 0)
(-0.0102632 -0.00183909 0)
(-0.0123403 -0.000510476 0)
(-0.0131965 0.000161456 0)
(-0.013396 0.000396512 0)
(-0.0133319 0.000396262 0)
(-0.0132201 0.000290981 0)
(-0.0131833 0.000142662 0)
(-0.0132835 -2.51726e-05 0)
(-0.0135464 -0.000199196 0)
(-0.0139689 -0.000364782 0)
(-0.0144983 -0.000492254 0)
(-0.0150062 -0.000525814 0)
(-0.0152521 -0.000370795 0)
(-0.0148775 0.000121958 0)
(-0.0133974 0.00108394 0)
(-0.0104081 0.00246638 0)
(-0.00611891 0.00369903 0)
(-0.00146525 0.00314954 0)
)
;

boundaryField
{
    leftWall
    {
        type            fixedValue;
        value           uniform (0 0 0);
    }
    rightWall
    {
        type            fixedValue;
        value           uniform (0 0 0);
    }
    topWall
    {
        type            fixedValue;
        value           uniform (0 0 0);
    }
    bottomWall
    {
        type            fixedValue;
        value           uniform (0 0 0);
    }
    frontAndBackPlanes
    {
        type            empty;
    }
}


// ************************************************************************* //
