/*--------------------------------*- C++ -*----------------------------------*\
| =========                 |                                                 |
| \\      /  F ield         | OpenFOAM: The Open Source CFD Toolbox           |
|  \\    /   O peration     | Version:  2506                                  |
|   \\  /    A nd           | Website:  www.openfoam.com                      |
|    \\/     M anipulation  |                                                 |
\*---------------------------------------------------------------------------*/
FoamFile
{
    version     2.0;
    format      ascii;
    arch        "LSB;label=32;scalar=64";
    class       volVectorField;
    location    "124.2";
    object      U;
}
// * * * * * * * * * * * * * * * * * * * * * * * * * * * * * * * * * * * * * //

dimensions      [0 1 -1 0 0 0 0];

internalField   nonuniform List<vector> 
200
(
(0.000504253 -0.00125941 0)
(0.00253085 -0.00160242 0)
(0.00467535 -0.00117767 0)
(0.00637565 -0.000632821 0)
(0.00741639 -0.000214144 0)
(0.00793666 2.57331e-05 0)
(0.0081466 0.000109108 0)
(0.00823299 7.99843e-05 0)
(0.00833425 -2.07173e-05 0)
(0.00854407 -0.000165339 0)
(0.00892213 -0.000341332 0)
(0.00950463 -0.000546224 0)
(0.010309 -0.000777282 0)
(0.0113227 -0.00101399 0)
(0.0124614 -0.00118744 0)
(0.0134731 -0.00112628 0)
(0.013803 -0.000478481 0)
(0.0125769 0.00126752 0)
(0.00893062 0.00416829 0)
(0.00267329 0.00567919 0)
(0.000542372 -0.00497173 0)
(0.00346186 -0.00768256 0)
(0.00664225 -0.0068556 0)
(0.00936955 -0.00486647 0)
(0.0113089 -0.00292288 0)
(0.0125298 -0.001512 0)
(0.0132486 -0.000725555 0)
(0.0136877 -0.000474292 0)
(0.0140234 -0.000613671 0)
(0.0143737 -0.00100784 0)
(0.014803 -0.00155133 0)
(0.0153299 -0.00215891 0)
(0.0159235 -0.00272822 0)
(0.0164854 -0.00307422 0)
(0.0168122 -0.00283525 0)
(0.0165454 -0.00136968 0)
(0.0151075 0.00224189 0)
(0.0118816 0.00864013 0)
(0.00686086 0.0163026 0)
(0.00115964 0.0163265 0)
(0.000512938 -0.00874765 0)
(0.00327039 -0.0139866 0)
(0.00620525 -0.0129464 0)
(0.00872929 -0.00966688 0)
(0.0105592 -0.00629294 0)
(0.0117606 -0.00371657 0)
(0.012516 -0.00213812 0)
(0.0130018 -0.00143438 0)
(0.0133478 -0.001372 0)
(0.0136334 -0.00171516 0)
(0.0138939 -0.00226158 0)
(0.0141255 -0.00282706 0)
(0.0142804 -0.00318783 0)
(0.0142504 -0.00298866 0)
(0.0138427 -0.00163958 0)
(0.0127483 0.00171983 0)
(0.0106903 0.0079303 0)
(0.00753052 0.0170337 0)
(0.00370118 0.0257743 0)
(0.000419744 0.0219586 0)
(0.000449493 -0.0121382 0)
(0.00272898 -0.0193863 0)
(0.00497224 -0.0179469 0)
(0.00677523 -0.0134644 0)
(0.00799567 -0.00888627 0)
(0.00875189 -0.00539311 0)
(0.00921345 -0.00321485 0)
(0.00950876 -0.00215617 0)
(0.00971091 -0.00189156 0)
(0.00985211 -0.00210548 0)
(0.00993954 -0.00253124 0)
(0.00996147 -0.00292055 0)
(0.0098807 -0.00296389 0)
(0.00961805 -0.00218501 0)
(0.00902983 0.000138774 0)
(0.00794358 0.00488856 0)
(0.00623686 0.0127368 0)
(0.00394936 0.0231212 0)
(0.00155117 0.0315252 0)
(5.2405e-05 0.0244426 0)
(0.000370913 -0.0148799 0)
(0.0020044 -0.0233142 0)
(0.00332641 -0.02119 0)
(0.00418309 -0.0156254 0)
(0.00461626 -0.010175 0)
(0.00480103 -0.0061395 0)
(0.00488194 -0.00367004 0)
(0.00492912 -0.00245421 0)
(0.00495819 -0.00208148 0)
(0.00496286 -0.00219333 0)
(0.00493422 -0.00250346 0)
(0.00486242 -0.00273936 0)
(0.00472497 -0.00253929 0)
(0.00446999 -0.00134336 0)
(0.00399753 0.00164656 0)
(0.00323142 0.00727014 0)
(0.00214914 0.0159927 0)
(0.000909883 0.0267136 0)
(-8.08752e-05 0.0341824 0)
(-0.000177804 0.024903 0)
(0.000274368 -0.0168158 0)
(0.00107158 -0.0254372 0)
(0.00126187 -0.0223699 0)
(0.0010337 -0.0159594 0)
(0.000626564 -0.010071 0)
(0.000231891 -0.00591629 0)
(-7.04779e-05 -0.00347241 0)
(-0.000285283 -0.00230503 0)
(-0.000447831 -0.00195046 0)
(-0.000585355 -0.0020497 0)
(-0.000713129 -0.00232796 0)
(-0.000842817 -0.00250455 0)
(-0.000994524 -0.00217901 0)
(-0.00120055 -0.000739548 0)
(-0.00149804 0.00262299 0)
(-0.00185549 0.00864321 0)
(-0.00215485 0.017506 0)
(-0.00215267 0.0277077 0)
(-0.00160049 0.0339076 0)
(-0.000364072 0.0237101 0)
(0.000145485 -0.0175963 0)
(-0.000237464 -0.025252 0)
(-0.0014791 -0.0210784 0)
(-0.00291997 -0.0142608 0)
(-0.00419382 -0.00852315 0)
(-0.0051677 -0.00472509 0)
(-0.0058634 -0.0026132 0)
(-0.00635877 -0.00167516 0)
(-0.00672642 -0.00146094 0)
(-0.00701439 -0.0016459 0)
(-0.00725194 -0.00197444 0)
(-0.00745968 -0.00216325 0)
(-0.00765072 -0.00180674 0)
(-0.00781303 -0.000325421 0)
(-0.00787048 0.00297843 0)
(-0.00765388 0.0086748 0)
(-0.00691936 0.0167499 0)
(-0.0054278 0.0256514 0)
(-0.00320451 0.0305592 0)
(-0.000580777 0.0208533 0)
(-0.000197907 -0.0165645 0)
(-0.00233904 -0.0218809 0)
(-0.0052397 -0.0168475 0)
(-0.00793513 -0.0104008 0)
(-0.00998879 -0.0055185 0)
(-0.0114048 -0.00256171 0)
(-0.0123452 -0.00109069 0)
(-0.0129771 -0.0005847 0)
(-0.0134271 -0.000645906 0)
(-0.0137811 -0.00100152 0)
(-0.0140908 -0.00143543 0)
(-0.0143758 -0.0017052 0)
(-0.0146128 -0.00147522 0)
(-0.0147093 -0.000293655 0)
(-0.0144595 0.00235683 0)
(-0.0135781 0.00689927 0)
(-0.0117285 0.0132699 0)
(-0.00871174 0.0201986 0)
(-0.00482109 0.0239213 0)
(-0.00080995 0.0162587 0)
(-0.000843357 -0.0126013 0)
(-0.00534462 -0.0144685 0)
(-0.00983593 -0.00954502 0)
(-0.0132397 -0.00469688 0)
(-0.0153308 -0.00157693 0)
(-0.0164612 -1.87984e-05 0)
(-0.0170387 0.00051406 0)
(-0.01735 0.000468919 0)
(-0.01757 0.000127419 0)
(-0.0178023 -0.000343351 0)
(-0.0180973 -0.000820675 0)
(-0.0184536 -0.00116928 0)
(-0.0188021 -0.00120025 0)
(-0.0189834 -0.000653733 0)
(-0.0187122 0.000787622 0)
(-0.0175787 0.00343251 0)
(-0.0151462 0.00730294 0)
(-0.011182 0.0116799 0)
(-0.00611572 0.0142968 0)
(-0.00103028 0.0100391 0)
(-0.0020213 -0.00431311 0)
(-0.0071467 -0.00374446 0)
(-0.0107864 -0.00170943 0)
(-0.0126787 -0.000284712 0)
(-0.0132804 0.000381467 0)
(-0.0132257 0.000566045 0)
(-0.0129347 0.000516138 0)
(-0.0126409 0.000374397 0)
(-0.012462 0.000203195 0)
(-0.0124478 2.44845e-05 0)
(-0.0126117 -0.000151548 0)
(-0.0129368 -0.000311603 0)
(-0.0133658 -0.000429599 0)
(-0.013774 -0.000456541 0)
(-0.0139407 -0.00030889 0)
(-0.0135365 0.000144229 0)
(-0.0121271 0.0010093 0)
(-0.00936551 0.00223212 0)
(-0.00546506 0.00330014 0)
(-0.00129435 0.00277893 0)
)
;

boundaryField
{
    leftWall
    {
        type            fixedValue;
        value           uniform (0 0 0);
    }
    rightWall
    {
        type            fixedValue;
        value           uniform (0 0 0);
    }
    topWall
    {
        type            fixedValue;
        value           uniform (0 0 0);
    }
    bottomWall
    {
        type            fixedValue;
        value           uniform (0 0 0);
    }
    frontAndBackPlanes
    {
        type            empty;
    }
}


// ************************************************************************* //
