/*--------------------------------*- C++ -*----------------------------------*\
| =========                 |                                                 |
| \\      /  F ield         | OpenFOAM: The Open Source CFD Toolbox           |
|  \\    /   O peration     | Version:  2506                                  |
|   \\  /    A nd           | Website:  www.openfoam.com                      |
|    \\/     M anipulation  |                                                 |
\*---------------------------------------------------------------------------*/
FoamFile
{
    version     2.0;
    format      ascii;
    arch        "LSB;label=32;scalar=64";
    class       volVectorField;
    location    "51";
    object      U;
}
// * * * * * * * * * * * * * * * * * * * * * * * * * * * * * * * * * * * * * //

dimensions      [0 1 -1 0 0 0 0];

internalField   nonuniform List<vector> 
200
(
(-0.000110826 -0.000293238 0)
(0.000367981 -0.000459513 0)
(0.00128146 -0.000451699 0)
(0.00224525 -0.000402582 0)
(0.00309651 -0.00033633 0)
(0.00384097 -0.000281548 0)
(0.00450379 -0.000259812 0)
(0.00513285 -0.00028061 0)
(0.00578783 -0.00034742 0)
(0.00653092 -0.000462305 0)
(0.00742121 -0.000627118 0)
(0.00850902 -0.000841054 0)
(0.00982443 -0.00109339 0)
(0.011354 -0.00134909 0)
(0.0129944 -0.00152417 0)
(0.0144556 -0.00143916 0)
(0.0151047 -0.000728789 0)
(0.0139862 0.00120712 0)
(0.0101009 0.00451988 0)
(0.00306314 0.00646679 0)
(0.000161526 -0.00144896 0)
(0.00137103 -0.00287899 0)
(0.003056 -0.0033461 0)
(0.00483392 -0.00326403 0)
(0.00646805 -0.00293842 0)
(0.00789501 -0.0025972 0)
(0.00914045 -0.00237408 0)
(0.0102672 -0.00233115 0)
(0.0113477 -0.00248605 0)
(0.0124478 -0.00282992 0)
(0.0136155 -0.00333204 0)
(0.0148673 -0.00392869 0)
(0.0161685 -0.00449368 0)
(0.0174002 -0.00478754 0)
(0.0183131 -0.00438543 0)
(0.0184781 -0.00259171 0)
(0.017237 0.00159655 0)
(0.0138216 0.00897723 0)
(0.00815126 0.0180212 0)
(0.00142273 0.0187609 0)
(0.000257531 -0.00319931 0)
(0.00188389 -0.00637073 0)
(0.00393605 -0.00735869 0)
(0.00600427 -0.00710363 0)
(0.00782211 -0.00633465 0)
(0.00933473 -0.00552141 0)
(0.0105869 -0.00491545 0)
(0.0116521 -0.00461862 0)
(0.0126007 -0.00464195 0)
(0.0134861 -0.00494167 0)
(0.014337 -0.00542853 0)
(0.0151478 -0.00594883 0)
(0.0158619 -0.00623642 0)
(0.016345 -0.00584124 0)
(0.0163527 -0.00405482 0)
(0.015498 0.000108131 0)
(0.0133427 0.00764616 0)
(0.00968042 0.0185976 0)
(0.00497376 0.0293901 0)
(0.000637493 0.0258994 0)
(0.000303021 -0.0053983 0)
(0.00209749 -0.0104154 0)
(0.00418646 -0.0116929 0)
(0.00614289 -0.0109881 0)
(0.00772542 -0.00954401 0)
(0.00892568 -0.00809354 0)
(0.00982631 -0.00698874 0)
(0.0105197 -0.00634265 0)
(0.0110789 -0.00613619 0)
(0.0115512 -0.00627917 0)
(0.0119594 -0.00662568 0)
(0.0122988 -0.00694604 0)
(0.0125269 -0.00686028 0)
(0.0125419 -0.00575137 0)
(0.012158 -0.00270901 0)
(0.0110749 0.00338112 0)
(0.00906622 0.0132806 0)
(0.00610443 0.0262955 0)
(0.0027405 0.0372106 0)
(0.000238673 0.0297814 0)
(0.000326194 -0.00773379 0)
(0.00205352 -0.0143804 0)
(0.00384675 -0.0155964 0)
(0.00533748 -0.0141519 0)
(0.00636956 -0.0118664 0)
(0.00700844 -0.00971978 0)
(0.00737954 -0.00811966 0)
(0.00758895 -0.00714835 0)
(0.00770568 -0.00673246 0)
(0.0077685 -0.0067315 0)
(0.00779556 -0.00695557 0)
(0.00778683 -0.00712276 0)
(0.00771619 -0.00677104 0)
(0.00751639 -0.00515752 0)
(0.00706266 -0.00122336 0)
(0.00614427 0.00620043 0)
(0.00467055 0.0176106 0)
(0.00273597 0.0316085 0)
(0.000842207 0.041854 0)
(-6.01988e-05 0.0314218 0)
(0.000309164 -0.0099169 0)
(0.00165352 -0.0176526 0)
(0.00274743 -0.0183693 0)
(0.0033932 -0.0159733 0)
(0.00359099 -0.0128358 0)
(0.00349152 -0.0101024 0)
(0.00324315 -0.00815771 0)
(0.00293987 -0.00700614 0)
(0.00262805 -0.00650499 0)
(0.00232748 -0.00646951 0)
(0.00204432 -0.00667941 0)
(0.00177139 -0.00681467 0)
(0.00148146 -0.00634978 0)
(0.00112465 -0.00445259 0)
(0.000635628 1.7139e-05 0)
(-2.13424e-05 0.00818882 0)
(-0.000722127 0.0202387 0)
(-0.00122935 0.0341393 0)
(-0.00121749 0.0430989 0)
(-0.000342781 0.0309582 0)
(0.000216378 -0.011476 0)
(0.000682395 -0.0193275 0)
(0.000537429 -0.0191016 0)
(-9.38629e-05 -0.0157433 0)
(-0.000987796 -0.0119881 0)
(-0.00194258 -0.00898724 0)
(-0.00284975 -0.00699473 0)
(-0.00367047 -0.00589816 0)
(-0.00440341 -0.0054878 0)
(-0.00506064 -0.00554685 0)
(-0.00565899 -0.00583098 0)
(-0.00622033 -0.00598804 0)
(-0.00676756 -0.00546063 0)
(-0.00730166 -0.00342633 0)
(-0.0077561 0.00112844 0)
(-0.00789098 0.00903362 0)
(-0.00738302 0.0202432 0)
(-0.00594746 0.0327001 0)
(-0.00361014 0.040088 0)
(-0.000686847 0.0280566 0)
(-2.65302e-05 -0.0115711 0)
(-0.00115127 -0.0180644 0)
(-0.00312658 -0.01662 0)
(-0.00534832 -0.0127446 0)
(-0.00740652 -0.00902001 0)
(-0.00915725 -0.00630343 0)
(-0.0106086 -0.00465275 0)
(-0.0118245 -0.00386174 0)
(-0.0128772 -0.00369186 0)
(-0.0138293 -0.00392448 0)
(-0.0147276 -0.00432257 0)
(-0.0155936 -0.00455871 0)
(-0.0164013 -0.00414913 0)
(-0.0170356 -0.00243537 0)
(-0.0172293 0.00132878 0)
(-0.0165378 0.0077195 0)
(-0.0145228 0.0166796 0)
(-0.0109287 0.0265384 0)
(-0.0061345 0.0322532 0)
(-0.00106117 0.0224535 0)
(-0.000544249 -0.00908784 0)
(-0.00387155 -0.0126592 0)
(-0.0077711 -0.0104416 0)
(-0.0112678 -0.00708345 0)
(-0.0139384 -0.00433708 0)
(-0.0158611 -0.00257836 0)
(-0.0172621 -0.00167604 0)
(-0.0183574 -0.00139213 0)
(-0.0193145 -0.0015201 0)
(-0.0202508 -0.00189707 0)
(-0.0212346 -0.00236504 0)
(-0.0222714 -0.00271962 0)
(-0.0232749 -0.00267041 0)
(-0.024028 -0.00183063 0)
(-0.0241396 0.000249619 0)
(-0.0230078 0.0039905 0)
(-0.0200552 0.00948255 0)
(-0.0149616 0.0157818 0)
(-0.00828589 0.0197858 0)
(-0.00142815 0.0142192 0)
(-0.00139923 -0.00303395 0)
(-0.00541364 -0.00334869 0)
(-0.00903696 -0.00218392 0)
(-0.0116047 -0.00107011 0)
(-0.0131024 -0.00036149 0)
(-0.0138919 -6.7538e-06 0)
(-0.0143143 0.000112202 0)
(-0.0146041 8.8798e-05 0)
(-0.0149117 -1.94141e-05 0)
(-0.0153331 -0.00018076 0)
(-0.015923 -0.000374101 0)
(-0.0166888 -0.000572438 0)
(-0.0175698 -0.00072881 0)
(-0.0184043 -0.00076548 0)
(-0.0188861 -0.000560876 0)
(-0.0185583 6.99031e-05 0)
(-0.016808 0.00131842 0)
(-0.0131264 0.00312207 0)
(-0.00776828 0.00473976 0)
(-0.00188363 0.00406372 0)
)
;

boundaryField
{
    leftWall
    {
        type            fixedValue;
        value           uniform (0 0 0);
    }
    rightWall
    {
        type            fixedValue;
        value           uniform (0 0 0);
    }
    topWall
    {
        type            fixedValue;
        value           uniform (0 0 0);
    }
    bottomWall
    {
        type            fixedValue;
        value           uniform (0 0 0);
    }
    frontAndBackPlanes
    {
        type            empty;
    }
}


// ************************************************************************* //
