/*--------------------------------*- C++ -*----------------------------------*\
| =========                 |                                                 |
| \\      /  F ield         | OpenFOAM: The Open Source CFD Toolbox           |
|  \\    /   O peration     | Version:  2506                                  |
|   \\  /    A nd           | Website:  www.openfoam.com                      |
|    \\/     M anipulation  |                                                 |
\*---------------------------------------------------------------------------*/
FoamFile
{
    version     2.0;
    format      ascii;
    arch        "LSB;label=32;scalar=64";
    class       volVectorField;
    location    "98.6";
    object      U;
}
// * * * * * * * * * * * * * * * * * * * * * * * * * * * * * * * * * * * * * //

dimensions      [0 1 -1 0 0 0 0];

internalField   nonuniform List<vector> 
200
(
(0.000332908 -0.000963844 0)
(0.00190937 -0.00125759 0)
(0.00367882 -0.000953387 0)
(0.00514676 -0.000549905 0)
(0.00610589 -0.000233771 0)
(0.00666038 -5.10637e-05 0)
(0.00697259 9.17091e-06 0)
(0.00719277 -2.26278e-05 0)
(0.00743757 -0.000116935 0)
(0.00778988 -0.000254131 0)
(0.00830657 -0.000426014 0)
(0.00902633 -0.000631889 0)
(0.00997119 -0.000869085 0)
(0.0111328 -0.00111565 0)
(0.0124289 -0.00130001 0)
(0.0136035 -0.00124715 0)
(0.0140765 -0.000593822 0)
(0.0129401 0.00121072 0)
(0.00927038 0.00425779 0)
(0.00279606 0.00593079 0)
(0.000443897 -0.00395428 0)
(0.00290844 -0.00629284 0)
(0.00567487 -0.00580484 0)
(0.0081188 -0.0043242 0)
(0.00993533 -0.00282095 0)
(0.0111656 -0.00171391 0)
(0.0119812 -0.00110189 0)
(0.0125654 -0.000929972 0)
(0.0130671 -0.00109193 0)
(0.0135893 -0.00148382 0)
(0.0141911 -0.00202183 0)
(0.0148905 -0.00263227 0)
(0.0156583 -0.00321528 0)
(0.0163964 -0.00358008 0)
(0.0168966 -0.0033508 0)
(0.0167869 -0.00186022 0)
(0.0154687 0.00186388 0)
(0.0122717 0.00854384 0)
(0.00714843 0.0166763 0)
(0.00122121 0.0170193 0)
(0.000455084 -0.0072295 0)
(0.00294938 -0.0118777 0)
(0.00566796 -0.0113338 0)
(0.0080656 -0.00881938 0)
(0.00986682 -0.00611866 0)
(0.0111128 -0.00401543 0)
(0.0119562 -0.00271711 0)
(0.0125504 -0.00214973 0)
(0.0130114 -0.00213557 0)
(0.0134124 -0.00248519 0)
(0.0137869 -0.00302841 0)
(0.0141318 -0.00359829 0)
(0.0144003 -0.00397428 0)
(0.0144841 -0.00379023 0)
(0.0141856 -0.002428 0)
(0.0131808 0.00103262 0)
(0.011147 0.00751734 0)
(0.00792558 0.0171123 0)
(0.00394412 0.0265095 0)
(0.000460923 0.0229585 0)
(0.000423026 -0.0103733 0)
(0.00262516 -0.0169977 0)
(0.00486154 -0.0161965 0)
(0.00671626 -0.012632 0)
(0.00802368 -0.0088311 0)
(0.00887529 -0.00586194 0)
(0.00942289 -0.00397749 0)
(0.00978834 -0.00304988 0)
(0.010046 -0.00282234 0)
(0.0102325 -0.00303292 0)
(0.0103596 -0.0034499 0)
(0.0104194 -0.00384256 0)
(0.0103767 -0.00390205 0)
(0.0101519 -0.00313279 0)
(0.00960313 -0.000765662 0)
(0.00851513 0.0041783 0)
(0.00675772 0.0124363 0)
(0.00434878 0.0234774 0)
(0.00176833 0.0326457 0)
(8.3973e-05 0.0256963 0)
(0.000370838 -0.0130831 0)
(0.0020772 -0.0210282 0)
(0.00355612 -0.0196677 0)
(0.00459354 -0.0150706 0)
(0.00518459 -0.010377 0)
(0.00548198 -0.00680613 0)
(0.00562762 -0.00456297 0)
(0.00570095 -0.00342269 0)
(0.00573082 -0.00304962 0)
(0.00572209 -0.00313657 0)
(0.0056734 -0.00342782 0)
(0.00557988 -0.00366502 0)
(0.00542192 -0.00348229 0)
(0.00514641 -0.00228949 0)
(0.00464331 0.000779704 0)
(0.0038219 0.0066668 0)
(0.00264578 0.0159083 0)
(0.00125842 0.0274065 0)
(7.4612e-05 0.0356839 0)
(-0.00016981 0.0263677 0)
(0.000289685 -0.0151453 0)
(0.0012633 -0.0235269 0)
(0.00171197 -0.0213033 0)
(0.00171885 -0.0158069 0)
(0.00147331 -0.0105571 0)
(0.00116273 -0.00674088 0)
(0.000882325 -0.00442116 0)
(0.000649305 -0.00325781 0)
(0.0004477 -0.00286104 0)
(0.000260417 -0.00291496 0)
(7.83445e-05 -0.00316774 0)
(-0.000106667 -0.00334741 0)
(-0.000314162 -0.00304223 0)
(-0.000580355 -0.0015986 0)
(-0.000952924 0.00187693 0)
(-0.00140748 0.00822536 0)
(-0.00182629 0.0176949 0)
(-0.00195996 0.0287397 0)
(-0.00153646 0.0357121 0)
(-0.000366016 0.0252999 0)
(0.000158145 -0.0161694 0)
(3.77306e-06 -0.0238591 0)
(-0.000946145 -0.0205479 0)
(-0.00217669 -0.0144935 0)
(-0.00334081 -0.0092072 0)
(-0.00428762 -0.00559877 0)
(-0.00501046 -0.00351625 0)
(-0.00556308 -0.00253189 0)
(-0.00600228 -0.00225146 0)
(-0.00636758 -0.00238121 0)
(-0.00668397 -0.00268072 0)
(-0.00697158 -0.00286752 0)
(-0.00724697 -0.00251668 0)
(-0.00750397 -0.00100069 0)
(-0.00767297 0.00245626 0)
(-0.00757116 0.00850633 0)
(-0.00693586 0.0171849 0)
(-0.00550582 0.0268828 0)
(-0.00329014 0.0324625 0)
(-0.000605678 0.0224151 0)
(-0.000156594 -0.0154325 0)
(-0.00205444 -0.0210036 0)
(-0.00473354 -0.0167502 0)
(-0.007305 -0.0108738 0)
(-0.00933777 -0.00626424 0)
(-0.0108038 -0.00337565 0)
(-0.0118338 -0.00186131 0)
(-0.0125743 -0.00127199 0)
(-0.0131385 -0.00125115 0)
(-0.0136057 -0.00154617 0)
(-0.0140264 -0.00194932 0)
(-0.0144216 -0.00221055 0)
(-0.0147716 -0.00197028 0)
(-0.0149855 -0.000733856 0)
(-0.0148504 0.00207303 0)
(-0.0140501 0.00692656 0)
(-0.0122212 0.0138016 0)
(-0.00913793 0.0213778 0)
(-0.00509364 0.0256209 0)
(-0.000865105 0.0176037 0)
(-0.00077533 -0.0118129 0)
(-0.00501007 -0.014052 0)
(-0.00936446 -0.00971918 0)
(-0.0127825 -0.00520937 0)
(-0.0149971 -0.00218868 0)
(-0.0162911 -0.000594683 0)
(-0.0170349 2.19637e-05 0)
(-0.0175082 6.44129e-05 0)
(-0.0178737 -0.000206508 0)
(-0.0182372 -0.000632413 0)
(-0.0186576 -0.00108896 0)
(-0.0191347 -0.00143262 0)
(-0.019602 -0.00145736 0)
(-0.0198956 -0.000876848 0)
(-0.0197153 0.000659277 0)
(-0.0186127 0.00349461 0)
(-0.0161142 0.00768318 0)
(-0.0119555 0.0124788 0)
(-0.00657696 0.0154407 0)
(-0.00111773 0.0109538 0)
(-0.00188362 -0.00402678 0)
(-0.00675901 -0.0036517 0)
(-0.0103848 -0.00180657 0)
(-0.0124159 -0.000454013 0)
(-0.0132097 0.000218634 0)
(-0.0133524 0.00044383 0)
(-0.0132386 0.000428434 0)
(-0.0130818 0.000312919 0)
(-0.0130117 0.000159562 0)
(-0.0130867 -1.19413e-05 0)
(-0.0133257 -0.000187212 0)
(-0.0137246 -0.000351697 0)
(-0.0142298 -0.000476954 0)
(-0.014714 -0.000508987 0)
(-0.0149415 -0.000355844 0)
(-0.0145606 0.000127243 0)
(-0.013098 0.00106609 0)
(-0.0101633 0.00241095 0)
(-0.00596589 0.00360532 0)
(-0.00142537 0.00306294 0)
)
;

boundaryField
{
    leftWall
    {
        type            fixedValue;
        value           uniform (0 0 0);
    }
    rightWall
    {
        type            fixedValue;
        value           uniform (0 0 0);
    }
    topWall
    {
        type            fixedValue;
        value           uniform (0 0 0);
    }
    bottomWall
    {
        type            fixedValue;
        value           uniform (0 0 0);
    }
    frontAndBackPlanes
    {
        type            empty;
    }
}


// ************************************************************************* //
