/*--------------------------------*- C++ -*----------------------------------*\
| =========                 |                                                 |
| \\      /  F ield         | OpenFOAM: The Open Source CFD Toolbox           |
|  \\    /   O peration     | Version:  2506                                  |
|   \\  /    A nd           | Website:  www.openfoam.com                      |
|    \\/     M anipulation  |                                                 |
\*---------------------------------------------------------------------------*/
FoamFile
{
    version     2.0;
    format      ascii;
    arch        "LSB;label=32;scalar=64";
    class       volVectorField;
    location    "119.8";
    object      U;
}
// * * * * * * * * * * * * * * * * * * * * * * * * * * * * * * * * * * * * * //

dimensions      [0 1 -1 0 0 0 0];

internalField   nonuniform List<vector> 
200
(
(0.000478322 -0.00121439 0)
(0.00243658 -0.0015497 0)
(0.00452369 -0.00114294 0)
(0.00618786 -0.000619296 0)
(0.00721493 -0.000216069 0)
(0.00773889 1.50759e-05 0)
(0.00796284 9.47393e-05 0)
(0.00806817 6.49495e-05 0)
(0.00819021 -3.50255e-05 0)
(0.00842105 -0.000178746 0)
(0.00881986 -0.000354306 0)
(0.00942314 -0.000559498 0)
(0.010249 -0.00079164 0)
(0.0112855 -0.0010301 0)
(0.012449 -0.00120574 0)
(0.0134872 -0.00114674 0)
(0.013841 -0.000498319 0)
(0.0126309 0.00125697 0)
(0.00898262 0.00418124 0)
(0.00269237 0.00571836 0)
(0.00052754 -0.00481743 0)
(0.00337858 -0.00747133 0)
(0.00649649 -0.00669439 0)
(0.00918055 -0.00478079 0)
(0.0111004 -0.00290286 0)
(0.0123215 -0.0015377 0)
(0.0130534 -0.000778027 0)
(0.0135131 -0.000539593 0)
(0.0138727 -0.00068339 0)
(0.0142479 -0.0010782 0)
(0.0147024 -0.00162172 0)
(0.0152547 -0.00223047 0)
(0.0158743 -0.0028026 0)
(0.0164625 -0.00315245 0)
(0.0168157 -0.00291642 0)
(0.0165747 -0.00144916 0)
(0.0151571 0.00217809 0)
(0.0119374 0.00861929 0)
(0.00690275 0.016356 0)
(0.00116868 0.0164324 0)
(0.000504344 -0.0085185 0)
(0.00322289 -0.013668 0)
(0.00612581 -0.0127011 0)
(0.00863115 -0.00953501 0)
(0.0104567 -0.006261 0)
(0.0116644 -0.00375518 0)
(0.0124324 -0.00221902 0)
(0.0129337 -0.00153656 0)
(0.0132961 -0.00148254 0)
(0.0135982 -0.00182784 0)
(0.0138751 -0.00237487 0)
(0.0141231 -0.00294205 0)
(0.0142945 -0.00330629 0)
(0.0142814 -0.00311094 0)
(0.0138901 -0.00176181 0)
(0.0128078 0.00161095 0)
(0.0107533 0.00785963 0)
(0.00758555 0.0170363 0)
(0.00373522 0.0258787 0)
(0.000425437 0.0221082 0)
(0.000445716 -0.0118731 0)
(0.00271463 -0.0190274 0)
(0.00495778 -0.0176825 0)
(0.00676918 -0.0133359 0)
(0.00800301 -0.00887259 0)
(0.00877358 -0.00545696 0)
(0.0092478 -0.00332251 0)
(0.00955322 -0.00228401 0)
(0.00976322 -0.00202594 0)
(0.00991071 -0.00224047 0)
(0.0100036 -0.002666 0)
(0.0100306 -0.00305693 0)
(0.00995498 -0.00310409 0)
(0.00969734 -0.00232874 0)
(0.00911413 -1.47853e-06 0)
(0.00802667 0.00477403 0)
(0.00631218 0.0126806 0)
(0.00400688 0.0231625 0)
(0.00158222 0.0316842 0)
(5.68857e-05 0.0246278 0)
(0.000371163 -0.0146117 0)
(0.00201671 -0.0229728 0)
(0.00336296 -0.0209615 0)
(0.00424716 -0.0155395 0)
(0.00470418 -0.0102004 0)
(0.00490592 -0.00623293 0)
(0.00499639 -0.00379654 0)
(0.00504725 -0.00259268 0)
(0.00507633 -0.00222093 0)
(0.00507892 -0.0023301 0)
(0.00504718 -0.00263836 0)
(0.00497193 -0.0028753 0)
(0.00483104 -0.00267887 0)
(0.00457244 -0.00148507 0)
(0.00409485 0.00151403 0)
(0.00331987 0.0071733 0)
(0.00222285 0.0159697 0)
(0.000961136 0.0268053 0)
(-5.80364e-05 0.0343974 0)
(-0.000176438 0.0251181 0)
(0.000277205 -0.0165686 0)
(0.00110171 -0.0251532 0)
(0.0013306 -0.0222101 0)
(0.00113747 -0.0159338 0)
(0.000754458 -0.0101387 0)
(0.000372832 -0.00603343 0)
(7.34478e-05 -0.00360801 0)
(-0.000144473 -0.00244087 0)
(-0.000312011 -0.00208118 0)
(-0.000456523 -0.0021749 0)
(-0.000592187 -0.00245029 0)
(-0.000730043 -0.00262794 0)
(-0.000890122 -0.00230611 0)
(-0.00110522 -0.000867177 0)
(-0.00141412 0.00251011 0)
(-0.0017865 0.00857574 0)
(-0.00210446 0.0175254 0)
(-0.00212342 0.0278511 0)
(-0.00159091 0.0341679 0)
(-0.000364337 0.0239431 0)
(0.000149637 -0.0173859 0)
(-0.000198753 -0.0250467 0)
(-0.00139933 -0.0209987 0)
(-0.00280919 -0.014292 0)
(-0.00406663 -0.00861992 0)
(-0.00503615 -0.00484964 0)
(-0.00573544 -0.00274259 0)
(-0.00623865 -0.00179829 0)
(-0.00661611 -0.00157514 0)
(-0.00691498 -0.00175264 0)
(-0.00716389 -0.00207738 0)
(-0.00738328 -0.00226628 0)
(-0.00758672 -0.00191111 0)
(-0.007763 -0.000425595 0)
(-0.00783705 0.00289921 0)
(-0.00763791 0.00864552 0)
(-0.00691904 0.0168077 0)
(-0.00543784 0.0258265 0)
(-0.00321671 0.0308353 0)
(-0.000584434 0.0210823 0)
(-0.000191434 -0.016398 0)
(-0.00229641 -0.021752 0)
(-0.00516471 -0.0168317 0)
(-0.00784178 -0.0104675 0)
(-0.00989198 -0.00562493 0)
(-0.0113148 -0.00267848 0)
(-0.0122678 -0.00120178 0)
(-0.0129149 -0.000684195 0)
(-0.0133811 -0.000733863 0)
(-0.0137513 -0.00108094 0)
(-0.014077 -0.00151053 0)
(-0.014378 -0.00177923 0)
(-0.0146315 -0.00154805 0)
(-0.0147454 -0.000359062 0)
(-0.0145127 0.00231337 0)
(-0.0136438 0.00690034 0)
(-0.0117984 0.0133443 0)
(-0.00877302 0.0203684 0)
(-0.00486076 0.0241691 0)
(-0.000818044 0.0164562 0)
(-0.000833293 -0.0124861 0)
(-0.00529529 -0.0144076 0)
(-0.00976633 -0.00956951 0)
(-0.0131717 -0.00477049 0)
(-0.0152804 -0.00166544 0)
(-0.0164345 -0.000102726 0)
(-0.0170361 0.000441889 0)
(-0.0173708 0.000409181 0)
(-0.0176119 7.78057e-05 0)
(-0.0178632 -0.000386316 0)
(-0.0181764 -0.000860431 0)
(-0.0185502 -0.00120819 0)
(-0.018916 -0.00123827 0)
(-0.0191139 -0.000686974 0)
(-0.0188564 0.000767914 0)
(-0.017728 0.00344031 0)
(-0.0152866 0.00735718 0)
(-0.0112948 0.0117958 0)
(-0.00618329 0.0144642 0)
(-0.00104313 0.0101735 0)
(-0.00200118 -0.00427143 0)
(-0.00709013 -0.003731 0)
(-0.0107277 -0.00172348 0)
(-0.0126399 -0.00030942 0)
(-0.0132692 0.000357247 0)
(-0.0132426 0.000547293 0)
(-0.0129771 0.000502359 0)
(-0.0127035 0.000364471 0)
(-0.0125405 0.00019593 0)
(-0.0125395 1.8543e-05 0)
(-0.0127146 -0.000157132 0)
(-0.0130508 -0.000317666 0)
(-0.013491 -0.000436611 0)
(-0.0139106 -0.00046423 0)
(-0.0140863 -0.00031576 0)
(-0.0136859 0.00014169 0)
(-0.0122691 0.00101749 0)
(-0.00948247 0.0022582 0)
(-0.00553867 0.00334487 0)
(-0.00131364 0.00282069 0)
)
;

boundaryField
{
    leftWall
    {
        type            fixedValue;
        value           uniform (0 0 0);
    }
    rightWall
    {
        type            fixedValue;
        value           uniform (0 0 0);
    }
    topWall
    {
        type            fixedValue;
        value           uniform (0 0 0);
    }
    bottomWall
    {
        type            fixedValue;
        value           uniform (0 0 0);
    }
    frontAndBackPlanes
    {
        type            empty;
    }
}


// ************************************************************************* //
