/*--------------------------------*- C++ -*----------------------------------*\
| =========                 |                                                 |
| \\      /  F ield         | OpenFOAM: The Open Source CFD Toolbox           |
|  \\    /   O peration     | Version:  2506                                  |
|   \\  /    A nd           | Website:  www.openfoam.com                      |
|    \\/     M anipulation  |                                                 |
\*---------------------------------------------------------------------------*/
FoamFile
{
    version     2.0;
    format      ascii;
    arch        "LSB;label=32;scalar=64";
    class       surfaceScalarField;
    location    "3.6";
    object      phi;
}
// * * * * * * * * * * * * * * * * * * * * * * * * * * * * * * * * * * * * * //

dimensions      [1 0 -1 0 0 0 0];

oriented        oriented;

internalField   nonuniform List<scalar> 
370
(
-0.000162202
-4.29844e-05
-0.00011458
-4.76442e-05
-7.45329e-05
-4.00744e-05
-3.06389e-05
-4.39232e-05
1.95564e-05
-5.02248e-05
7.67633e-05
-5.72368e-05
0.000141648
-6.49149e-05
0.000215088
-7.34704e-05
0.000298912
-8.3855e-05
0.000396299
-9.74179e-05
0.00051184
-0.000115573
0.00065141
-0.000139602
0.000821573
-0.000170196
0.00102766
-0.000206114
0.00126886
-0.000241234
0.00152595
-0.000257063
0.00173182
-0.000205586
0.00170303
3.02967e-05
0.00116821
0.000539716
0.00117573
-3.47958e-05
-8.14738e-06
-5.3563e-05
-2.88466e-05
-4.60777e-05
-4.75543e-05
-1.8242e-05
-7.17638e-05
2.98622e-05
-9.83364e-05
9.67182e-05
-0.000124101
0.000179548
-0.000147753
0.000276244
-0.000170176
0.000386056
-0.000193677
0.000509519
-0.00022089
0.000647843
-0.000253908
0.000801815
-0.000293583
0.000970008
-0.000338398
0.0011458
-0.000381917
0.00131163
-0.000407065
0.0014286
-0.000373983
0.00142136
-0.000198007
0.00118405
0.000269268
0.000584468
0.00114474
0.00176859
-2.11956e-05
1.31403e-05
-3.8369e-05
-1.15969e-05
-3.56874e-05
-5.02101e-05
-1.44444e-05
-9.30023e-05
2.42708e-05
-0.000137052
7.87635e-05
-0.000178596
0.000146668
-0.00021566
0.000225729
-0.000249239
0.000314227
-0.000282178
0.000410849
-0.000317514
0.000514078
-0.00035714
0.000621183
-0.000400691
0.000726751
-0.000443969
0.000820648
-0.000475815
0.000885272
-0.000471683
0.000892658
-0.000381309
0.00080448
-0.000109446
0.000584502
0.0004911
0.000251804
0.00148351
0.00202956
-1.50875e-05
2.83703e-05
-2.48849e-05
-1.68008e-06
-2.34388e-05
-5.16138e-05
-1.01814e-05
-0.00010625
1.4062e-05
-0.000161294
4.80761e-05
-0.00021261
9.03961e-05
-0.000257981
0.000139491
-0.000298335
0.000193928
-0.000336616
0.000252271
-0.000375858
0.000312714
-0.000417585
0.000372498
-0.000460475
0.000427131
-0.000498603
0.000469489
-0.000518173
0.000488974
-0.00049116
0.000471378
-0.000363647
0.000401435
-3.9091e-05
0.000271635
0.000622889
0.000107347
0.00165425
0.00214654
-1.41658e-05
4.27292e-05
-2.51277e-05
9.44352e-06
-2.77489e-05
-4.89347e-05
-2.33446e-05
-0.000110641
-1.36809e-05
-0.000170956
-8.43054e-09
-0.000226282
1.68099e-05
-0.000274799
3.61526e-05
-0.000317678
5.75527e-05
-0.000358016
8.05868e-05
-0.000398891
0.000104704
-0.000441702
0.000128981
-0.000484751
0.000151787
-0.000521409
0.000170378
-0.000536762
0.000180459
-0.000501232
0.000176025
-0.000359144
0.000150565
-1.31975e-05
0.000100607
0.000674927
3.80328e-05
0.00172353
0.00219447
-1.56409e-05
5.86135e-05
-2.94987e-05
2.35057e-05
-3.75505e-05
-4.08094e-05
-4.28081e-05
-0.000105366
-4.81605e-05
-0.0001656
-5.50564e-05
-0.000219385
-6.38307e-05
-0.000266024
-7.41477e-05
-0.00030736
-8.52946e-05
-0.000346867
-9.62972e-05
-0.000387887
-0.000105918
-0.000432079
-0.000112616
-0.000478052
-0.000114561
-0.000519463
-0.000109849
-0.000541471
-9.71411e-05
-0.000513929
-7.68603e-05
-0.000379348
-5.25352e-05
-3.70583e-05
-2.9748e-05
0.000654314
-1.17137e-05
0.00171238
0.00219286
-1.48788e-05
7.37861e-05
-2.81888e-05
3.70626e-05
-3.90072e-05
-2.99021e-05
-5.29363e-05
-9.14154e-05
-7.37915e-05
-0.00014474
-0.000102801
-0.000190374
-0.000139431
-0.000229392
-0.000182274
-0.000264514
-0.000229559
-0.00029958
-0.000279207
-0.000338237
-0.000328562
-0.000382721
-0.000373909
-0.000432702
-0.000409941
-0.000483428
-0.000429446
-0.000521963
-0.00042371
-0.00051965
-0.000384485
-0.000418476
-0.000308492
-0.000112502
-0.000201182
0.000549388
-8.14472e-05
0.00159979
0.00212162
-6.22542e-06
8.03565e-05
-9.64106e-06
4.07686e-05
-1.80452e-05
-2.13933e-05
-3.93233e-05
-7.01114e-05
-7.67033e-05
-0.000107354
-0.000129885
-0.000137189
-0.00019681
-0.000162465
-0.000275098
-0.000186223
-0.000362693
-0.000211982
-0.000457763
-0.000243163
-0.000558031
-0.000282449
-0.000659664
-0.000331065
-0.000755764
-0.000387322
-0.000834546
-0.000443174
-0.000877602
-0.000476568
-0.000859654
-0.000436279
-0.000752644
-0.000218787
-0.000537712
0.000337268
-0.000236536
0.00130626
0.00189543
1.83986e-05
6.23563e-05
3.63007e-05
2.32041e-05
3.05534e-05
-1.55205e-05
-4.09757e-07
-3.91143e-05
-5.44507e-05
-5.33027e-05
-0.000128064
-6.35694e-05
-0.000217892
-7.26313e-05
-0.000321818
-8.22898e-05
-0.000439364
-9.44279e-05
-0.000571481
-0.000111038
-0.000719772
-0.000134149
-0.00088519
-0.000165637
-0.00106602
-0.000206476
-0.00125419
-0.000254986
-0.00142884
-0.000301873
-0.00154546
-0.000319396
-0.00152356
-0.00023956
-0.00125338
7.08464e-05
-0.00062034
0.000681945
0.00128568
6.28145e-05
8.64255e-05
7.10787e-05
3.20332e-05
-2.12284e-05
-8.47619e-05
-0.000157358
-0.000239612
-0.000334004
-0.000445006
-0.000579118
-0.000744716
-0.000951152
-0.00120609
-0.00150786
-0.00182686
-0.00206479
-0.0019889
-0.00129665
)
;

boundaryField
{
    leftWall
    {
        type            calculated;
        value           nonuniform List<scalar> 10(0 0 0 1.35525e-20 0 0 0 0 0 1.0842e-19);
    }
    rightWall
    {
        type            calculated;
        value           nonuniform List<scalar> 10(1.0842e-19 0 0 0 0 0 0 1.73472e-18 0 0);
    }
    topWall
    {
        type            calculated;
        value           uniform 0;
    }
    bottomWall
    {
        type            calculated;
        value           uniform 0;
    }
    frontAndBackPlanes
    {
        type            empty;
    }
}


// ************************************************************************* //
